 dijxc
  0.32079028142854199       -2.9671832602679906        24.986631246200524       -1.1416510714648839E-005   8.8551692647621523E-005  -1.1574738863230231E-002  -7.3019582150082943E-008   6.9431694310505010E-007   4.1535365294011067E-008  -1.0877016057045261E-002   7.3987401818339183E-006  -6.9309022311406178E-006   4.2440559035939224E-005   3.2840660603034010E-008  -1.1617849796021769E-002   9.4788804228850779E-005  -7.9028239469494590E-004 -0.36242300997875604       -2.2405358724628773E-007  -2.5589358000352414E-004   6.4179886266875075        3.5593953593044786E-007  -3.5914427632124069E-006  -2.2405358724628773E-007 -0.36658627969548258       -1.7850211149193191E-007   1.2810478438040703E-006   6.4412634317495359       -1.6274871750781200E-004   1.0890052688971195E-003  -2.5589358000352414E-004  -1.7850211149193191E-007 -0.36217559295841645        1.4285656067192670E-003   1.0187161502337663E-006   6.4165954238831890     
 dijxc
  0.32079028142854199       -2.9671832602679906        24.986631246200524       -1.1416510714648839E-005   8.8551692647621523E-005  -1.1574738863230231E-002  -7.3019582150082943E-008   6.9431694310505010E-007   4.1535365294011067E-008  -1.0877016057045261E-002   7.3987401818339183E-006  -6.9309022311406178E-006   4.2440559035939224E-005   3.2840660603034010E-008  -1.1617849796021769E-002   9.4788804228850779E-005  -7.9028239469494590E-004 -0.36242300997875604       -2.2405358724628773E-007  -2.5589358000352414E-004   6.4179886266875075        3.5593953593044786E-007  -3.5914427632124069E-006  -2.2405358724628773E-007 -0.36658627969548258       -1.7850211149193191E-007   1.2810478438040703E-006   6.4412634317495359       -1.6274871750781200E-004   1.0890052688971195E-003  -2.5589358000352414E-004  -1.7850211149193191E-007 -0.36217559295841645        1.4285656067192670E-003   1.0187161502337663E-006   6.4165954238831890     
 dijxc
  0.32079232732518720       -2.9672030731159524        24.986819821017207       -1.1411406597099569E-005   8.8529638270088887E-005  -1.1575530509274227E-002  -7.3035580169090492E-008   6.9447389929532731E-007   4.1534607004277151E-008  -1.0877651851892232E-002   7.4248213363226577E-006  -7.0956084919214675E-006   4.2463124661553856E-005   3.2839984652307633E-008  -1.1618625490003691E-002   9.4713368472740559E-005  -7.8973951886496230E-004 -0.36241795647372477       -2.2405026370636735E-007  -2.5602548163955534E-004   6.4179632388899117        3.5602163212719531E-007  -3.5922794566611574E-006  -2.2405026370636735E-007 -0.36658211993609002       -1.7849872707088515E-007   1.2810300150430024E-006   6.4412428913023572       -1.6304070582951692E-004   1.0912367015124037E-003  -2.5602548163955534E-004  -1.7849872707088515E-007 -0.36217063482142264        1.4292932012113485E-003   1.0186972684757675E-006   6.4165705754181221     
 dijxc
  0.32078823592912514       -2.9671634512857041        24.986442708308424       -1.1421608896867530E-005   8.8573701798514180E-005  -1.1573947270889319E-002  -7.3003581847522994E-008   6.9415997000942569E-007   4.1536125301483959E-008  -1.0876380316692282E-002   7.3726774436916941E-006  -6.7663452534330842E-006   4.2417995525046477E-005   3.2841333337434884E-008  -1.1617074153448197E-002   9.4864187817664665E-005  -7.9082484794582237E-004 -0.36242806319355780       -2.2405692057821159E-007  -2.5576168900976306E-004   6.4180140139921438        3.5585742560604010E-007  -3.5906059565798898E-006  -2.2405692057821159E-007 -0.36659043914586237       -1.7850547749151621E-007   1.2810657269229488E-006   6.4412839715014991       -1.6245687736744712E-004   1.0867750735409840E-003  -2.5576168900976306E-004  -1.7850547749151621E-007 -0.36218055081771561        1.4278380600967751E-003   1.0187349274403651E-006   6.4166202719203262     
 dijxc
  0.32079027914829999       -2.9671832367308193        24.986631000267071       -1.1416429470880561E-005   8.8550993030366349E-005  -1.1574739160266037E-002  -7.3019548289043193E-008   6.9431661388006732E-007   4.1535369307504230E-008  -1.0877016356287808E-002   7.3989198026170924E-006  -6.9324601772144433E-006   4.2440577898889943E-005   3.2840655437298681E-008  -1.1617850099042960E-002   9.4788260925564576E-005  -7.9027754011920385E-004 -0.36242300908347197       -2.2405360990280897E-007  -2.5589368868129465E-004   6.4179886224657032        3.5593936486565731E-007  -3.5914410350433540E-006  -2.2405360990280897E-007 -0.36658627880907113       -1.7850208210734996E-007   1.2810479709303397E-006   6.4412634277227632       -1.6274989176416594E-004   1.0890158486054336E-003  -2.5589368868129465E-004  -1.7850208210734996E-007 -0.36217559202889033        1.4285662307876707E-003   1.0187159873897996E-006   6.4165954194644321     
 dijxc
  0.32079028135936294       -2.9671832598912138        24.986631249081981       -1.1416455637619814E-005   8.8551157102057247E-005  -1.1574738055721429E-002  -7.3019582905705960E-008   6.9431694777062711E-007   4.1535360787567611E-008  -1.0877015231496999E-002   7.3987468726150363E-006  -6.9309598807153205E-006   4.2440565101540628E-005   3.2840652230431698E-008  -1.1617848752920004E-002   9.4788579171477719E-005  -7.9028004398542021E-004 -0.36242301487917389       -2.2405356326469272E-007  -2.5589361073967518E-004   6.4179886528816077        3.5593954508446982E-007  -3.5914428311535655E-006  -2.2405356326469272E-007 -0.36658628465911969       -1.7850206153041807E-007   1.2810477088930935E-006   6.4412634583187955       -1.6274876532830306E-004   1.0890057000216234E-003  -2.5589361073967518E-004  -1.7850206153041807E-007 -0.36217559894679857        1.4285657907017609E-003   1.0187158528112164E-006   6.4165954556243996     
 dijxc
  0.32079232307103817       -2.9672030493523809        24.986819852294605       -1.1410217247891979E-005   8.8522041404987448E-005  -1.1575516412178195E-002  -7.3036250747341590E-008   6.9448005989171538E-007   4.1535150150062345E-008  -1.0877631911475588E-002   7.1976223338151802E-006  -5.1009338031812528E-006   4.2435427615366059E-005   3.2840797584009055E-008  -1.1618609288071922E-002   9.4700247815567191E-005  -7.8963974107831966E-004 -0.36241803802005612       -2.2405319332120986E-007  -2.5586202002807353E-004   6.4179636483917273        3.5602522865476901E-007  -3.5923141896534449E-006  -2.2405319332120986E-007 -0.36658223600473849       -1.7850212412143191E-007   1.2810467700452702E-006   6.4412434946993500       -1.6160659775149285E-004   1.0782211993469440E-003  -2.5586202002807353E-004  -1.7850212412143191E-007 -0.36217072825510954        1.4283770492779166E-003   1.0187122929556622E-006   6.4165710485535481     
 dijxc
  0.32078823161882530       -2.9671634269825922        24.986442734075389       -1.1420418061086904E-005   8.8566093124219048E-005  -1.1573933188762105E-002  -7.3004251681907534E-008   6.9416612392637388E-007   4.1536667854932753E-008  -1.0876360390609130E-002   7.1459508987134519E-006  -4.7761443002275927E-006   4.2390290842148480E-005   3.2842140767300428E-008  -1.1617057987894336E-002   9.4851054967394477E-005  -7.9072496638503170E-004 -0.36242814468940943       -2.2405984684308491E-007  -2.5559818007495793E-004   6.4180144232890735        3.5586101709079489E-007  -3.5906406425687130E-006  -2.2405984684308491E-007 -0.36659055516969652       -1.7850884790092103E-007   1.2810824625209937E-006   6.4412845747295036       -1.6102517704894893E-004   1.0737833957824064E-003  -2.5559818007495793E-004  -1.7850884790092103E-007 -0.36218064409355932        1.4269216344483821E-003   1.0187498112083737E-006   6.4166207442733487     
 dijxc
  0.32079027044587460       -2.9671831874099888        24.986631049090825       -1.1413887136791693E-005   8.8534290331854793E-005  -1.1574711070750983E-002  -7.3021014635974029E-008   6.9433015638268809E-007   4.1536377164010804E-008  -1.0876976589659797E-002   6.9589935393821882E-006  -3.0817089945092268E-006   4.2385451667296427E-005   3.2841799561216710E-008  -1.1617817412366165E-002   9.4761083012150413E-005  -7.9006883369312397E-004 -0.36242317102145621       -2.2405904978457528E-007  -2.5556824509837813E-004   6.4179894341684269        3.5594713652328080E-007  -3.5915163779439715E-006  -2.2405904978457528E-007 -0.36658650983213259       -1.7850632989996480E-007   1.2810790946767646E-006   6.4412646274491774       -1.5995014329555206E-004   1.0636812969328430E-003  -2.5556824509837813E-004  -1.7850632989996480E-007 -0.36217578000316170        1.4267423260795565E-003   1.0187319459496779E-006   6.4165963723578185     
 dijxc
  0.32079028142299237       -2.9671832602441421        24.986631246195341       -1.1416510867477560E-005   8.8551693974895073E-005  -1.1574738867159540E-002  -7.3019570608490314E-008   6.9431683833690921E-007   4.1535369465088556E-008  -1.0877016061014759E-002   7.3987401871038845E-006  -6.9309022514846687E-006   4.2440558990304186E-005   3.2840654581412949E-008  -1.1617849800082548E-002   9.4788805222540637E-005  -7.9028240366336468E-004 -0.36242300997210386       -2.2405361113097223E-007  -2.5589357974428864E-004   6.4179886266989632        3.5593946996725326E-007  -3.5914421433152789E-006  -2.2405361113097223E-007 -0.36658627968857466       -1.7850207713703633E-007   1.2810479785373948E-006   6.4412634317595332       -1.6274871757533213E-004   1.0890052693993903E-003  -2.5589357974428864E-004  -1.7850207713703633E-007 -0.36217559295101265        1.4285656052508765E-003   1.0187159563452777E-006   6.4165954238904073     
 dijxc
  0.32079232732826168       -2.9672030731810612        24.986819821988927       -1.1411407490513557E-005   8.8529646191429540E-005  -1.1575530510159047E-002  -7.3035557235034187E-008   6.9447369157189456E-007   4.1534615389643005E-008  -1.0877651852974624E-002   7.4248196182577380E-006  -7.0955925764777271E-006   4.2463124452703219E-005   3.2839972606383951E-008  -1.1618625491082120E-002   9.4713373981209850E-005  -7.8973956929392019E-004 -0.36241795647561065       -2.2405031169831965E-007  -2.5602548047779471E-004   6.4179632389140195        3.5602150022712211E-007  -3.5922782199458289E-006  -2.2405031169831965E-007 -0.36658211993650186       -1.7849865834233378E-007   1.2810302857455209E-006   6.4412428913180610       -1.6304069662798114E-004   1.0912366127353561E-003  -2.5602548047779471E-004  -1.7849865834233378E-007 -0.36217063482206685        1.4292931945804736E-003   1.0186968805112435E-006   6.4165705754353901     
 dijxc
  0.32078823594239853       -2.9671634514165568        24.986442709714833       -1.1421609784520778E-005   8.8573709668505947E-005  -1.1573947264230736E-002  -7.3003558947201841E-008   6.9415976243393434E-007   4.1536133656731936E-008  -1.0876380310222089E-002   7.3726757357614762E-006  -6.7663294218640911E-006   4.2417995317489056E-005   3.2841321355515989E-008  -1.1617074146982716E-002   9.4864193291480591E-005  -7.9082489805523963E-004 -0.36242806321799864       -2.2405696841479465E-007  -2.5576168785204634E-004   6.4180140140857880        3.5585729425577196E-007  -3.5906047234523392E-006  -2.2405696841479465E-007 -0.36659043916884121       -1.7850540912783185E-007   1.2810659967300456E-006   6.4412839715868593       -1.6245686820884055E-004   1.0867749852039317E-003  -2.5576168785204634E-004  -1.7850540912783185E-007 -0.36218055084091755        1.4278380534928671E-003   1.0187345415377087E-006   6.4166202720071457     
 dijxc
  0.32079027916411867       -2.9671832369108206        24.986631002443602       -1.1416431047961988E-005   8.8551007063046193E-005  -1.1574739154788967E-002  -7.3019514134747760E-008   6.9431630392512147E-007   4.1535381768790198E-008  -1.0877016351209079E-002   7.3989166044172731E-006  -6.9324306016122221E-006   4.2440577546287088E-005   3.2840637657304518E-008  -1.1617850093831636E-002   9.4788270553483223E-005  -7.9027762859955916E-004 -0.36242300910484487       -2.2405368126119088E-007  -2.5589368672023182E-004   6.4179886225599301        3.5593916965826371E-007  -3.5914391990746347E-006  -2.2405368126119088E-007 -0.36658627882758910       -1.7850198063193457E-007   1.2810483733618848E-006   6.4412634278006866       -1.6274987452387455E-004   1.0890156825915330E-003  -2.5589368672023182E-004  -1.7850198063193457E-007 -0.36217559204851751        1.4285662195918280E-003   1.0187154145936912E-006   6.4165954195490880     
 dijxc
  0.32079027277467598       -2.9671832112147749        24.986631293578281       -1.1414039712783015E-005   8.8535659037009337E-005  -1.1574711008189936E-002  -7.3020993773957751E-008   6.9432996142792667E-007   4.1536404176423991E-008  -1.0876976527483491E-002   6.9545932559583984E-006  -3.0396047406421479E-006   4.2385335798294310E-005   3.2841955659248594E-008  -1.1617817576142601E-002   9.4762000358607267E-005  -7.9007741014923568E-004 -0.36242317066655894       -2.2405919437774323E-007  -2.5556759819892871E-004   6.4179894321452053        3.5594703798927848E-007  -3.5915154328173507E-006  -2.2405919437774323E-007 -0.36658650943686277       -1.7850715968944662E-007   1.2810799172321021E-006   6.4412646250479426       -1.5992926635639490E-004   1.0634691143303395E-003  -2.5556759819892871E-004  -1.7850715968944662E-007 -0.36217577843691506        1.4267386453850745E-003   1.0187365500581297E-006   6.4165963633288037     
 dijxc
  0.32079231445231138       -2.9672030004926602        24.986819900903321       -1.1407592454546948E-005   8.8504594993158155E-005  -1.1575488913901789E-002  -7.3037765685977920E-008   6.9449409913777262E-007   4.1536116607431764E-008  -1.0877592725338822E-002   6.7694037930154317E-006  -1.3615704420444472E-006   4.2380468586554037E-005   3.2841609856186768E-008  -1.1618577122278123E-002   9.4672549658981448E-005  -7.8942605347523506E-004 -0.36241819608691050       -2.2405841449233761E-007  -2.5553749763880572E-004   6.4179644391850577        3.5603318805227725E-007  -3.5923915860961614E-006  -2.2405841449233761E-007 -0.36658246329636746       -1.7850463119155688E-007   1.2810766450542575E-006   6.4412446742699814       -1.5886356700097235E-004   1.0534572763381709E-003  -2.5553749763880572E-004  -1.7850463119155688E-007 -0.36217091292409131        1.4265584023806289E-003   1.0187186626989483E-006   6.4165719846913207     
 dijxc
  0.32078822219529279       -2.9671633708403116        24.986442724412392       -1.1417611803212756E-005   8.8546952784452330E-005  -1.1573904659893941E-002  -7.3005872086812444E-008   6.9418118955341418E-007   4.1537563019443907E-008  -1.0876320214815702E-002   6.7303449618191585E-006  -1.1575093481377258E-006   4.2335577103967567E-005   3.2842527199510818E-008  -1.1617024198113911E-002   9.4822386484853501E-005  -7.9050167423791169E-004 -0.36242830857501290       -2.2406468695033583E-007  -2.5527499821660968E-004   6.4180152436174200        3.5586946712246545E-007  -3.5907229977331219E-006  -2.2406468695033583E-007 -0.36659078809142381       -1.7850909872525056E-007   1.2811101705718808E-006   6.4412857828566441       -1.5834202600382746E-004   1.0496278871834598E-003  -2.5527499821660968E-004  -1.7850909872525056E-007 -0.36218083777004123        1.4251106071849909E-003   1.0187436767980269E-006   6.4166217284034062     
 dijxc
  0.32079026072030287       -2.9671831286379518        24.986631023221108       -1.1410780979090974E-005   8.8512357207424917E-005  -1.1574681769507267E-002  -7.3022789030804107E-008   6.9434674309508973E-007   4.1537149145084086E-008  -1.0876935608636971E-002   6.5711577675338346E-006   2.7278003221717644E-007   4.2331213529459764E-005   3.2841399310499370E-008  -1.1617781971297939E-002   9.4730791021165544E-005  -7.8982949470881442E-004 -0.36242333903455221       -2.2406323198733255E-007  -2.5524765893462546E-004   6.4179902758878296        3.5595627233441204E-007  -3.5916057897270501E-006  -2.2406323198733255E-007 -0.36658674715869050       -1.7850244842477837E-007   1.2811030572030764E-006   6.4412658585305653       -1.5740176434132547E-004   1.0408811588925920E-003  -2.5524765893462546E-004  -1.7850244842477837E-007 -0.36217598257805089        1.4249461261591507E-003   1.0187030092109056E-006   6.4165974056398571     
 dijxc
  0.32079028145274274       -2.9671832605039570        24.986631248689257       -1.1416512458032146E-005   8.8551708119666880E-005  -1.1574738852054914E-002  -7.3019536486715441E-008   6.9431652884623577E-007   4.1535381948107920E-008  -1.0877016046295165E-002   7.3987369171430511E-006  -6.9308720110853185E-006   4.2440558632198510E-005   3.2840636754357960E-008  -1.1617849785239741E-002   9.4788814948355463E-005  -7.9028249297060011E-004 -0.36242301001570287       -2.2405368260063812E-007  -2.5589357775655856E-004   6.4179886267970669        3.5593927458498309E-007  -3.5914403072096862E-006  -2.2405368260063812E-007 -0.36658627972939328       -1.7850197539615396E-007   1.2810483816098245E-006   6.4412634318417714       -1.6274869997806528E-004   1.0890050998851215E-003  -2.5589357775655856E-004  -1.7850197539615396E-007 -0.36217559299287516        1.4285655938996236E-003   1.0187153820378077E-006   6.4165954239790093     
 dijxc
  0.32079232736291857       -2.9672030735084380        24.986819825479774       -1.1411409755929540E-005   8.8529666366283000E-005  -1.1575530494869951E-002  -7.3035512123963003E-008   6.9447328201199498E-007   4.1534631930405519E-008  -1.0877651838251345E-002   7.4248148888240524E-006  -7.0955488626504371E-006   4.2463123953313383E-005   3.2839949066808713E-008  -1.1618625476126965E-002   9.4713387777187462E-005  -7.8973969618086374E-004 -0.36241795652020325       -2.2405040643016594E-007  -2.5602547770236725E-004   6.4179632390440267        3.5602124273303342E-007  -3.5922757964003075E-006  -2.2405040643016594E-007 -0.36658211997701073       -1.7849852397270416E-007   1.2810308199648758E-006   6.4412428914246576       -1.6304067109645704E-004   1.0912363669778166E-003  -2.5602547770236725E-004  -1.7849852397270416E-007 -0.36217063486441903        1.4292931787230551E-003   1.0186961220530056E-006   6.4165705755531670     
 dijxc
  0.32078823595736605       -2.9671634516360808        24.986442712461251       -1.1421611998691473E-005   8.8573729405151371E-005  -1.1573947262929256E-002  -7.3003514117030380E-008   6.9415935487223176E-007   4.1536150091948474E-008  -1.0876380309547823E-002   7.3726712198966263E-006  -6.7662877252213163E-006   4.2417994833869591E-005   3.2841298026398488E-008  -1.1617074146024309E-002   9.4864206737761233E-005  -7.9082502190641233E-004 -0.36242806323223314       -2.2405706256649674E-007  -2.5576168516541618E-004   6.4180140141266993        3.5585703939046145E-007  -3.5906023202363619E-006  -2.2405706256649674E-007 -0.36659043917878864       -1.7850527592488291E-007   1.2810665276527224E-006   6.4412839716031414       -1.6245684377307577E-004   1.0867747501496388E-003  -2.5576168516541618E-004  -1.7850527592488291E-007 -0.36218055085289685        1.4278380381461749E-003   1.0187337897220509E-006   6.4166202720356988     
 dijxc
  0.32079027919440417       -2.9671832372693476        24.986631006404586       -1.1416433831850678E-005   8.8551031918003125E-005  -1.1574739144132991E-002  -7.3019459184185287E-008   6.9431580348203598E-007   4.1535402059780525E-008  -1.0877016341440338E-002   7.3989110451866985E-006  -6.9323793375562336E-006   4.2440576952663515E-005   3.2840608984757735E-008  -1.1617850083609556E-002   9.4788287378538800E-005  -7.9027778393442197E-004 -0.36242300915608083       -2.2405379755991001E-007  -2.5589368341440112E-004   6.4179886227168872        3.5593885897706159E-007  -3.5914362619906010E-006  -2.2405379755991001E-007 -0.36658627887295386       -1.7850181684276709E-007   1.2810490290988688E-006   6.4412634279237659       -1.6274984427232527E-004   1.0890153920128068E-003  -2.5589368341440112E-004  -1.7850181684276709E-007 -0.36217559209695249        1.4285662007087687E-003   1.0187144902697448E-006   6.4165954196906503     
 dijxc
  0.32079026303723118       -2.9671831523361325        24.986631266776612       -1.1410929102251326E-005   8.8513684042276325E-005  -1.1574681703699644E-002  -7.3022770954347155E-008   6.9434657488000946E-007   4.1537175042138204E-008  -1.0876935543039291E-002   6.5669132708160966E-006   3.1336191478857915E-007   4.2331100019612335E-005   3.2841549185045434E-008  -1.1617782127143254E-002   9.4731685444574877E-005  -7.8983784569865872E-004 -0.36242333869989224       -2.2406337062329968E-007  -2.5524702589891843E-004   6.4179902739486820        3.5595618717646243E-007  -3.5916049790714765E-006  -2.2406337062329968E-007 -0.36658674678494696       -1.7850324524154112E-007   1.2811038458793316E-006   6.4412658562214826       -1.5738156254934270E-004   1.0406761028340626E-003  -2.5524702589891843E-004  -1.7850324524154112E-007 -0.36217598105686727        1.4249425235670528E-003   1.0187074300223457E-006   6.4165973968432084     
 dijxc
  0.32079230418508492       -2.9672029368353861        24.986819841776182       -1.1404050233076985E-005   8.8478602347152532E-005  -1.1575458365441139E-002  -7.3039770509022766E-008   6.9451295772099907E-007   4.1536706004641412E-008  -1.0877550459771436E-002   6.4222589039472454E-006   1.6058781630021233E-006   4.2326932344261800E-005   3.2840058850772552E-008  -1.1618539120082365E-002   9.4639893856937428E-005  -7.8916335466348169E-004 -0.36241837076625644       -2.2406162083274171E-007  -2.5522073802569331E-004   6.4179653152509957        3.5604335630751600E-007  -3.5924915951305524E-006  -2.2406162083274171E-007 -0.36658270763220907       -1.7849470594953905E-007   1.2810950523926029E-006   6.4412459416467982       -1.5651272190329426E-004   1.0326435415328400E-003  -2.5522073802569331E-004  -1.7849470594953905E-007 -0.36217112929722622        1.4247840598207253E-003   1.0186563763477960E-006   6.4165730937908787     
 dijxc
  0.32078821117994477       -2.9671632999476820        24.986442598017629       -1.1414052660018018E-005   8.8520806450504750E-005  -1.1573873572798182E-002  -7.3007889341994789E-008   6.9420017796208497E-007   4.1538128698131721E-008  -1.0876277461567198E-002   6.3913298035892308E-006   1.7332571912497886E-006   4.2282197966368497E-005   3.2840807770282601E-008  -1.1616985454461812E-002   9.4789621707159607E-005  -7.9023785805180675E-004 -0.36242848648098597       -2.2406776545110493E-007  -2.5495905919241884E-004   6.4180161365290918        3.5587967834016539E-007  -3.5908234784731927E-006  -2.2406776545110493E-007 -0.36659103538041810       -1.7849830601888514E-007   1.2811278478977416E-006   6.4412870656044472       -1.5603205851235323E-004   1.0292194359492542E-003  -2.5495905919241884E-004  -1.7849830601888514E-007 -0.36218105851433230        1.4233409690268344E-003   1.0186766485450260E-006   6.4166228609510849     
 dijxc
  0.32079024905589570       -2.9671830508792398        24.986630830222062       -1.1406987555724314E-005   8.8484049922306335E-005  -1.1574649966836888E-002  -7.3024921850618952E-008   6.9436691015470157E-007   4.1537569839038779E-008  -1.0876892116733851E-002   6.2760682280554606E-006   2.7485936830361983E-006   4.2278571493646668E-005   3.2838696351386473E-008  -1.1617741567184710E-002   9.4696687964886735E-005  -7.8955242301820749E-004 -0.36242352083418183       -2.2406553308748147E-007  -2.5493565588003011E-004   6.4179911900707065        3.5596694292014994E-007  -3.5917111866470141E-006  -2.2406553308748147E-007 -0.36658699858461269       -1.7848656304570320E-007   1.2811163000055969E-006   6.4412671639163683       -1.5531071449112908E-004   1.0226494943677115E-003  -2.5493565588003011E-004  -1.7848656304570320E-007 -0.36217621248714293        1.4231990815923078E-003   1.0186080732145389E-006   6.4165985901604703     
 dijxc
  0.32079028146518906       -2.9671832607715820        24.986631252252401       -1.1416515255421582E-005   8.8551733087802729E-005  -1.1574738854373184E-002  -7.3019481478311496E-008   6.9431602798839330E-007   4.1535402263987013E-008  -1.0877016049494370E-002   7.3987312882300406E-006  -6.9308200976402588E-006   4.2440558031932844E-005   3.2840608034425533E-008  -1.1617849787988570E-002   9.4788831871640882E-005  -7.9028264913912028E-004 -0.36242301003920313       -2.2405379903522833E-007  -2.5589357441623369E-004   6.4179886269138162        3.5593896335436030E-007  -3.5914373658489103E-006  -2.2405379903522833E-007 -0.36658627974704855       -1.7850181134511198E-007   1.2810490381123887E-006   6.4412634319249111       -1.6274866937329683E-004   1.0890048058826024E-003  -2.5589357441623369E-004  -1.7850181134511198E-007 -0.36217559301357977        1.4285655748255293E-003   1.0187144562137670E-006   6.4165954240804073     
 dijxc
  0.32079232738858732       -2.9672030738686561        24.986819829756591       -1.1411413055918348E-005   8.8529695860248430E-005  -1.1575530488976200E-002  -7.3035447667738015E-008   6.9447269396485960E-007   4.1534655973169521E-008  -1.0877651833540856E-002   7.4248084420748815E-006  -7.0954895179098083E-006   4.2463123257853593E-005   3.2839915238971980E-008  -1.1618625470763880E-002   9.4713407659574052E-005  -7.8973988005100063E-004 -0.36241795656461723       -2.2405054429361917E-007  -2.5602547382799572E-004   6.4179632392026846        3.5602088023973854E-007  -3.5922723608335584E-006  -2.2405054429361917E-007 -0.36658212001390128       -1.7849833063791456E-007   1.2810315972010158E-006   6.4412428915399005       -1.6304063583649371E-004   1.0912360288137767E-003  -2.5602547382799572E-004  -1.7849833063791456E-007 -0.36217063490546836        1.4292931566037743E-003   1.0186950311365605E-006   6.4165705756932727     
 dijxc
  0.32078823599287232       -2.9671634520226204        24.986442716726877       -1.1421615202535471E-005   8.8573758051147103E-005  -1.1573947248952672E-002  -7.3003450617176779E-008   6.9415877507120076E-007   4.1536173949786396E-008  -1.0876380296804253E-002   7.3726651137376705E-006  -6.7662315681989247E-006   4.2417994164460130E-005   3.2841264513044780E-008  -1.1617074132593802E-002   9.4864226015042407E-005  -7.9082520033604809E-004 -0.36242806328768262       -2.2405719940860336E-007  -2.5576168142859960E-004   6.4180140143062268        3.5585668324323742E-007  -3.5905989407286643E-006  -2.2405719940860336E-007 -0.36659043922651646       -1.7850508432747393E-007   1.2810672991013972E-006   6.4412839717380228       -1.6245681024349914E-004   1.0867744289221246E-003  -2.5576168142859960E-004  -1.7850508432747393E-007 -0.36218055090494083        1.4278380168162787E-003   1.0187327087049437E-006   6.4166202721963899     
 dijxc
  0.32079027922966991       -2.9671832376495813        24.986631010728878       -1.1416437384277092E-005   8.8551063697410898E-005  -1.1574739130641297E-002  -7.3019388296361798E-008   6.9431515505265166E-007   4.1535429361353614E-008  -1.0877016329536450E-002   7.3989045622594291E-006  -6.9323198964707706E-006   4.2440576217602828E-005   3.2840570794740122E-008  -1.1617850070783808E-002   9.4788308717092147E-005  -7.9027798172142338E-004 -0.36242300920605236       -2.2405395424348618E-007  -2.5589367930444861E-004   6.4179886228942618        3.5593846355547185E-007  -3.5914325001143780E-006  -2.2405395424348618E-007 -0.36658627891336815       -1.7850159832979441E-007   1.2810499122947568E-006   6.4412634280457848       -1.6274980834285222E-004   1.0890150487519619E-003  -2.5589367930444861E-004  -1.7850159832979441E-007 -0.36217559214287914        1.4285661772622700E-003   1.0187132576637073E-006   6.4165954198455371     
 dijxc
  0.32079025135368694       -2.9671830746694008        24.986631078331836       -1.1407073715242851E-005   8.8484796927373527E-005  -1.1574649723627303E-002  -7.3024939018682077E-008   6.9436708136373722E-007   4.1537577649700236E-008  -1.0876891869650768E-002   6.2734340710092381E-006   2.7733201728957324E-006   4.2278489585165307E-005   3.2838749629772990E-008  -1.1617741399396031E-002   9.4697258026348881E-005  -7.8955758039404844E-004 -0.36242352146881274       -2.2406557547662264E-007  -2.5493520999965251E-004   6.4179911928358173        3.5596702754061824E-007  -3.5917120768880798E-006  -2.2406557547662264E-007 -0.36658699921340382       -1.7848683819820412E-007   1.2811165424655943E-006   6.4412671665054244       -1.5529726288160395E-004   1.0225169327982998E-003  -2.5493520999965251E-004  -1.7848683819820412E-007 -0.36217621269847633        1.4231965272377800E-003   1.0186095764611360E-006   6.4165985904952167     
 dijxc
  0.32079229168224427       -2.9672028505136843        24.986819568563472       -1.1399956953408287E-005   8.8447531271742082E-005  -1.1575425604493282E-002  -7.3042055249451879E-008   6.9453466708490674E-007   4.1536941274501747E-008  -1.0877505984075046E-002   6.1810532547798523E-006   3.5725439766520794E-006   4.2275197062021944E-005   3.2836123219167843E-008  -1.1618496538103054E-002   9.4604077691343570E-005  -7.8886934397905800E-004 -0.36241855784576044       -2.2406292778646012E-007  -2.5491357766983244E-004   6.4179662580243857        3.5605464125256978E-007  -3.5926035231863416E-006  -2.2406292778646012E-007 -0.36658296462010936       -1.7847242807996441E-007   1.2811026252018943E-006   6.4412472772168101       -1.5469001066265563E-004   1.0170809620362665E-003  -2.5491357766983244E-004  -1.7847242807996441E-007 -0.36217137125591642        1.4230648087967723E-003   1.0185263809268807E-006   6.4165743463131015     
 dijxc
  0.32078819803546049       -2.9671632066949778        24.986442248064193       -1.1410149141830560E-005   8.8491520218709964E-005  -1.1573840960258347E-002  -7.3010071800706316E-008   6.9422090818733784E-007   4.1538399844800495E-008  -1.0876233191613002E-002   6.1516558993286472E-006   3.6876514791544439E-006   4.2230478516143926E-005   3.2837042594573373E-008  -1.1616943375375222E-002   9.4754774235092089E-005  -7.8995340753414394E-004 -0.36242867310428423       -2.2406926192392542E-007  -2.5465190140121934E-004   6.4180170779334658        3.5589045721007948E-007  -3.5909303644998852E-006  -2.2406926192392542E-007 -0.36659129155795783       -1.7847698509691607E-007   1.2811364904129596E-006   6.4412883978576634       -1.5422142822523090E-004   1.0137581384717406E-003  -2.5465190140121934E-004  -1.7847698509691607E-007 -0.36218129820903028        1.4216218207385334E-003   1.0185520896308943E-006   6.4166241016357271     
 dijxc
  0.32079023511863919       -2.9671829478692557        24.986630360440216       -1.1403219993650335E-005   8.8456100027130331E-005  -1.1574617788594699E-002  -7.3027011394554719E-008   6.9438682848628696E-007   4.1537761405095940E-008  -1.0876848271630331E-002   6.0841713882793939E-006   4.2564830666524695E-006   4.2227580568198945E-005   3.2834275861987790E-008  -1.1617699776229340E-002   9.4662365486891209E-005  -7.8927324004056517E-004 -0.36242370537057367       -2.2406659766614261E-007  -2.5463223451008905E-004   6.4179921239604951        3.5597714511450960E-007  -3.5918127017363904E-006  -2.2406659766614261E-007 -0.36658725278462928       -1.7846199879437494E-007   1.2811224553762814E-006   6.4412684892409189       -1.5374781543452226E-004   1.0096101065068938E-003  -2.5463223451008905E-004  -1.7846199879437494E-007 -0.36217645122501252        1.4215016024238872E-003   1.0184661258275062E-006   6.4165998301676215     
 dijxc
  0.32079028151027916       -2.9671832611831408        24.986631256813155       -1.1416518822383093E-005   8.8551765000100105E-005  -1.1574738833848033E-002  -7.3019410360325756E-008   6.9431537743607559E-007   4.1535429590763310E-008  -1.0877016030538575E-002   7.3987247695970714E-006  -6.9307603128916282E-006   4.2440557295453986E-005   3.2840569809850101E-008  -1.1617849768127408E-002   9.4788853290425732E-005  -7.9028284768630744E-004 -0.36242301009445643       -2.2405395586502154E-007  -2.5589357029645908E-004   6.4179886271173610        3.5593856670685226E-007  -3.5914335920934404E-006  -2.2405395586502154E-007 -0.36658627979280345       -1.7850159264690031E-007   1.2810499221375384E-006   6.4412634320733515       -1.6274863325834677E-004   1.0890044607744401E-003  -2.5589357029645908E-004  -1.7850159264690031E-007 -0.36217559306479674        1.4285655513160331E-003   1.0187132225516086E-006   6.4165954242615157     
 dijxc
  0.32079232742631858       -2.9672030742795754        24.986819834329832       -1.1411416858823405E-005   8.8529729897579557E-005  -1.1575530473373861E-002  -7.3035370513451200E-008   6.9447198677346422E-007   4.1534686531507814E-008  -1.0877651819881679E-002   7.4248018965726092E-006  -7.0954297074072832E-006   4.2463122481403183E-005   3.2839872681751270E-008  -1.1618625455959694E-002   9.4713430463200688E-005  -7.8974009174981536E-004 -0.36241795662853549       -2.2405071979618658E-007  -2.5602546946737866E-004   6.4179632394339832        3.5602045265056416E-007  -3.5922682805395206E-006  -2.2405071979618658E-007 -0.36658212006638985       -1.7849808693295698E-007   1.2810325863370627E-006   6.4412428917048281       -1.6304059909664611E-004   1.0912356790599392E-003  -2.5602546946737866E-004  -1.7849808693295698E-007 -0.36217063496466684        1.4292931317412983E-003   1.0186936567535598E-006   6.4165705758981932     
 dijxc
  0.32078823603452977       -2.9671634523838284        24.986442720901856       -1.1421618874855017E-005   8.8573790895586687E-005  -1.1573947229578212E-002  -7.3003375333730855E-008   6.9415808481668985E-007   4.1536204260775300E-008  -1.0876380279421290E-002   7.3726589020348367E-006  -6.7661749142226282E-006   4.2417993408416966E-005   3.2841222312081951E-008  -1.1617074114033725E-002   9.4864248081919812E-005  -7.9082540508105398E-004 -0.36242806333214617       -2.2405737351941078E-007  -2.5576167718459347E-004   6.4180140145060696        3.5585626635659803E-007  -3.5905949610862587E-006  -2.2405737351941078E-007 -0.36659043925944035       -1.7850484257197700E-007   1.2810682803588121E-006   6.4412839718709183       -1.6245677522859687E-004   1.0867740961188076E-003  -2.5576167718459347E-004  -1.7850484257197700E-007 -0.36218055094461721        1.4278379926304543E-003   1.0187313454233888E-006   6.4166202723694434     
 dijxc
  0.32079027926325016       -2.9671832379838787        24.986631014571589       -1.1416441120405276E-005   8.8551097054114094E-005  -1.1574739116053993E-002  -7.3019310024891929E-008   6.9431443638364825E-007   4.1535462573070109E-008  -1.0877016317272482E-002   7.3988986440055474E-006  -6.9322662103731025E-006   4.2440575439376027E-005   3.2840524670257426E-008  -1.1617850057159249E-002   9.4788331278060581E-005  -7.9027819085350916E-004 -0.36242300925264714       -2.2405414517378681E-007  -2.5589367491479054E-004   6.4179886230817775        3.5593803206740577E-007  -3.5914283723057175E-006  -2.2405414517378681E-007 -0.36658627894669432       -1.7850133381394986E-007   1.2810509881684909E-006   6.4412634281562831       -1.6274977436372783E-004   1.0890147276163718E-003  -2.5589367491479054E-004  -1.7850133381394986E-007 -0.36217559218391515        1.4285661522693291E-003   1.0187117664506635E-006   6.4165954200018280     
 dijxc
  0.32079023739743878       -2.9671829717027585        24.986630613692444       -1.1403231252353554E-005   8.8456144921966715E-005  -1.1574617293581495E-002  -7.3027069719712998E-008   6.9438739762672528E-007   4.1537747522434099E-008  -1.0876847770171796E-002   6.0837847208873701E-006   4.2592237947411491E-006   4.2227546669764301E-005   3.2834206754759283E-008  -1.1617699151773700E-002   9.4662544638025729E-005  -7.8927452749522043E-004 -0.36242370732266188       -2.2406652458605650E-007  -2.5463206784202266E-004   6.4179921332305092        3.5597742676044143E-007  -3.5918155705450467E-006  -2.2406652458605650E-007 -0.36658725476129383       -1.7846161380628632E-007   1.2811220430694770E-006   6.4412684985121622       -1.5374407089579627E-004   1.0095804829638186E-003  -2.5463206784202266E-004  -1.7846161380628632E-007 -0.36217645383669078        1.4215006167914838E-003   1.0184639430318457E-006   6.4165998432675373     
 dijxc
  0.32079227689807766       -2.9672027369205938        24.986818965651931       -1.1396406052142667E-005   8.8421689687007984E-005  -1.1575394066834860E-002  -7.3044001565002004E-008   6.9455329966428949E-007   4.1537057024823007E-008  -1.0877462774859424E-002   6.0411176500439821E-006   4.5957856226721747E-006   4.2224978141553432E-005   3.2831050777880735E-008  -1.1618455343660204E-002   9.4570664467652244E-005  -7.8859928803276177E-004 -0.36241873924811030       -2.2406357946575183E-007  -2.5461407816048878E-004   6.4179671794397501        3.5606400743058423E-007  -3.5926971201099267E-006  -2.2406357946575183E-007 -0.36658321576128183       -1.7844467137739741E-007   1.2811063959573087E-006   6.4412485904542667       -1.5339847193477434E-004   1.0066864980062616E-003  -2.5461407816048878E-004  -1.7844467137739741E-007 -0.36217160748139110        1.4213901288228597E-003   1.0183674104555491E-006   6.4165755777683495     
 dijxc
  0.32078818272404780       -2.9671630871657064        24.986441571485635       -1.1406883817425083E-005   8.8468372499842706E-005  -1.1573810047862274E-002  -7.3011859635316569E-008   6.9423801107477521E-007   4.1538582181357250E-008  -1.0876190658058740E-002   6.0075498466757267E-006   4.7533959535981426E-006   4.2180117593718277E-005   3.2832342247423362E-008  -1.1616903552305984E-002   9.4722817242664050E-005  -7.8969788787301926E-004 -0.36242885155625038       -2.2407026719461814E-007  -2.5435152395806069E-004   6.4180179850865322        3.5589905535322869E-007  -3.5910162620500316E-006  -2.2407026719461814E-007 -0.36659153939443695       -1.7845125829227554E-007   1.2811422603512509E-006   6.4412896948819514       -1.5291530315706393E-004   1.0031915241349731E-003  -2.5435152395806069E-004  -1.7845125829227554E-007 -0.36218152753457966        1.4199422537906495E-003   1.0184044974418896E-006   6.4166252960491938     
 dijxc
  0.32079021918468398       -2.9671828185971330        24.986629533996243       -1.1400544588097429E-005   8.8438599352018898E-005  -1.1574588989184481E-002  -7.3028432729344352E-008   6.9440048398744711E-007   4.1537966290195169E-008  -1.0876807844170097E-002   5.9811085299345739E-006   4.9449655948057990E-006   4.2177623560644911E-005   3.2829514596072643E-008  -1.1617663213224001E-002   9.4633200468064702E-005  -7.8904587550325371E-004 -0.36242387279813604       -2.2406771395849315E-007  -2.5433365653729521E-004   6.4179929789276429        3.5598383522463629E-007  -3.5918799146937899E-006  -2.2406771395849315E-007 -0.36658748957434328       -1.7843626776454392E-007   1.2811288054765230E-006   6.4412697339016702       -1.5266703673996030E-004   1.0011933350436279E-003  -2.5433365653729521E-004  -1.7843626776454392E-007 -0.36217666373266022        1.4198329024359435E-003   1.0183192892634116E-006   6.4166009394000731     
 dijxc
  0.32079028154567074       -2.9671832615498022        24.986631260813603       -1.1416522569806785E-005   8.8551798471271740E-005  -1.1574738817869683E-002  -7.3019331777703760E-008   6.9431465578214469E-007   4.1535462823837442E-008  -1.0877016016898437E-002   7.3987188551794256E-006  -6.9307066602875402E-006   4.2440556518012270E-005   3.2840523674496478E-008  -1.1617849753111878E-002   9.4788875892907765E-005  -7.9028305730932994E-004 -0.36242301015522116       -2.2405414691981987E-007  -2.5589356591021499E-004   6.4179886273318205        3.5593813376514863E-007  -3.5914294492202760E-006  -2.2405414691981987E-007 -0.36658627984022918       -1.7850132807596376E-007   1.2810509987099691E-006   6.4412634322104125       -1.6274859929311534E-004   1.0890041397680645E-003  -2.5589356591021499E-004  -1.7850132807596376E-007 -0.36217559312001035        1.4285655263457974E-003   1.0187117310225302E-006   6.4165954244447825     
 dijxc
  0.32079232746171488       -2.9672030745927698        24.986819837840414       -1.1411420529457361E-005   8.8529762592743651E-005  -1.1575530454757614E-002  -7.3035291080301147E-008   6.9447125612726448E-007   4.1534722396536832E-008  -1.0877651803962281E-002   7.4247966169290097E-006  -7.0953822355651792E-006   4.2463121701815987E-005   3.2839823012879812E-008  -1.1618625438470066E-002   9.4713452775933783E-005  -7.8974029832517417E-004 -0.36241795668278048       -2.2405092616666074E-007  -2.5602546504845526E-004   6.4179632396697865        3.5602001720922851E-007  -3.5922641037266889E-006  -2.2405092616666074E-007 -0.36658212010554114       -1.7849780174812018E-007   1.2810337489972669E-006   6.4412428918530846       -1.6304056793514264E-004   1.0912353870570640E-003  -2.5602546504845526E-004  -1.7849780174812018E-007 -0.36217063501252295        1.4292931066198101E-003   1.0186920495136424E-006   6.4165705760979641     
 dijxc
  0.32078823605444301       -2.9671634526925375        24.986442724327716       -1.1421622411374422E-005   8.8573822327452274E-005  -1.1573947222406608E-002  -7.3003298370566384E-008   6.9415737700286967E-007   4.1536239846322792E-008  -1.0876380274910689E-002   7.3726538498372509E-006  -6.7661295564498875E-006   4.2417992639425230E-005   3.2841172972666817E-008  -1.1617074108000516E-002   9.4864269712853470E-005  -7.9082560488424175E-004 -0.36242806339653283       -2.2405757833514718E-007  -2.5576167282064877E-004   6.4180140147355829        3.5585584428849426E-007  -3.5905909135619889E-006  -2.2405757833514718E-007 -0.36659043930887758       -1.7850455920112820E-007   1.2810694342129693E-006   6.4412839720137871       -1.6245674525615993E-004   1.0867738157827134E-003  -2.5576167282064877E-004  -1.7850455920112820E-007 -0.36218055100253582        1.4278379678264209E-003   1.0187297484923277E-006   6.4166202725624881     
 dijxc
  0.32079027928571513       -2.9671832382160184        24.986631017277283       -1.1416444443792930E-005   8.8551126394090682E-005  -1.1574739103947483E-002  -7.3019235350277392E-008   6.9431374882710180E-007   4.1535500474616239E-008  -1.0877016308102470E-002   7.3988943346357698E-006  -6.9322280192351334E-006   4.2440574663949836E-005   3.2840472129815965E-008  -1.1617850046361310E-002   9.4788351995845179E-005  -7.9027838108349912E-004 -0.36242300930050353       -2.2405436355476205E-007  -2.5589367049854344E-004   6.4179886232994265        3.5593762398602100E-007  -3.5914244523862557E-006  -2.2405436355476205E-007 -0.36658627897823520       -1.7850103167433878E-007   1.2810522181505616E-006   6.4412634282797470       -1.6274974782491236E-004   1.0890144824335321E-003  -2.5589367049854344E-004  -1.7850103167433878E-007 -0.36217559222438045        1.4285661272191970E-003   1.0187100642591630E-006   6.4165954201777353     
 dijxc
  0.32079022143964137       -2.9671828422225266        24.986629787627585       -1.1400522742588827E-005   8.8438330343172829E-005  -1.1574588321766881E-002  -7.3028509263839716E-008   6.9440123204768350E-007   4.1537942142359649E-008  -1.0876807173226075E-002   5.9825607691423790E-006   4.9300303473474329E-006   4.2177641097168197E-005   3.2829376793611754E-008  -1.1617662272993719E-002   9.4633210968379078E-005  -7.8904544091060603E-004 -0.36242387563130152       -2.2406758607522939E-007  -2.5433377716758005E-004   6.4179929927112473        3.5598420143009192E-007  -3.5918836428125465E-006  -2.2406758607522939E-007 -0.36658749242980376       -1.7843551597570452E-007   1.2811280830019012E-006   6.4412697476732514       -1.5267185924286791E-004   1.0012517144805833E-003  -2.5433377716758005E-004  -1.7843551597570452E-007 -0.36217666800862514        1.4198335436233236E-003   1.0183150732745532E-006   6.4166009615110235     
 dijxc
  0.32079226041038522       -2.9672025978925909        24.986817977408396       -1.1394508688152488E-005   8.8411623152120336E-005  -1.1575367989576604E-002  -7.3044934527364991E-008   6.9456233841992109E-007   4.1537327638498668E-008  -1.0877425073260692E-002   5.9771836695993055E-006   4.9276095812101641E-006   4.2175305391903730E-005   3.2826461674538787E-008  -1.1618423106500513E-002   9.4545227407451631E-005  -7.8840950184314962E-004 -0.36241889239651209       -2.2406503633923491E-007  -2.5431657107347484E-004   6.4179679660148494        3.5606819239512932E-007  -3.5927396925475711E-006  -2.2406503633923491E-007 -0.36658343814952887       -1.7842020930439089E-007   1.2811146246810300E-006   6.4412497659691370       -1.5253851462537093E-004   1.0003527071684992E-003  -2.5431657107347484E-004  -1.7842020930439089E-007 -0.36217179749662803        1.4197282492913110E-003   1.0182284785364971E-006   6.4165765716529553     
 dijxc
  0.32078816583719538       -2.9671629438138964        24.986440531124288       -1.1405174177859046E-005   8.8460104624529164E-005  -1.1573784503838572E-002  -7.3012666418936884E-008   6.9424582152771534E-007   4.1538905348970624E-008  -1.0876153528789748E-002   5.9367102980876393E-006   5.1525940355369004E-006   4.2130144949485511E-005   3.2828073681446881E-008  -1.1616872560077283E-002   9.4698298565049684E-005  -7.8951760680122005E-004 -0.36242900214022705       -2.2407200430582504E-007  -2.5405230247696454E-004   6.4180187585965918        3.5590263865595067E-007  -3.5910527629376491E-006  -2.2407200430582504E-007 -0.36659175891834805       -1.7842851763775454E-007   1.2811520739122710E-006   6.4412908557019328       -1.5202516713358157E-004   9.9653782329907044E-004  -2.5405230247696454E-004  -1.7842851763775454E-007 -0.36218171110614356        1.4182706942318514E-003   1.0182751365264975E-006   6.4166262545913000     
 dijxc
  0.32079020207193659       -2.9671826688667302        24.986628361014994       -1.1399641415212841E-005   8.8438107431969390E-005  -1.1574566792634786E-002  -7.3028666893815177E-008   6.9440284576827383E-007   4.1538387117541867E-008  -1.0876774056561990E-002   5.9390850366412539E-006   5.0858992964046470E-006   4.2127397803067930E-005   3.2825651345490826E-008  -1.1617637754170074E-002   9.4612449294011007E-005  -7.8890441231014631E-004 -0.36242400569007643       -2.2406996445863223E-007  -2.5403254033888644E-004   6.4179936652208429        3.5598452393714469E-007  -3.5918878028359939E-006  -2.2406996445863223E-007 -0.36658769126039725       -1.7841600048339802E-007   1.2811414781600484E-006   6.4412708066371707       -1.5194820570418015E-004   9.9611928908465699E-004  -2.5403254033888644E-004  -1.7841600048339802E-007 -0.36217681805929197        1.4181513317248339E-003   1.0182044046736166E-006   6.4166017447152957     
 dijxc
  0.32079028156992589       -2.9671832618317611        24.986631263941554       -1.1416525894184928E-005   8.8551827834472725E-005  -1.1574738803785581E-002  -7.3019256903181030E-008   6.9431396624806155E-007   4.1535500735938371E-008  -1.0877016005769402E-002   7.3987145871325434E-006  -6.9306688648666673E-006   4.2440555747934678E-005   3.2840471145227183E-008  -1.1617849740337277E-002   9.4788896586557657E-005  -7.9028324743929651E-004 -0.36242301022880985       -2.2405436535568857E-007  -2.5589356152429655E-004   6.4179886276567402        3.5593772482605559E-007  -3.5914255199536553E-006  -2.2405436535568857E-007 -0.36658627989744391       -1.7850102599502086E-007   1.2810522290091091E-006   6.4412634324407030       -1.6274857296205193E-004   1.0890038965980376E-003  -2.5589356152429655E-004  -1.7850102599502086E-007 -0.36217559318621739        1.4285655014635000E-003   1.0187100291737992E-006   6.4165954247280013     
 dijxc
  0.32079232748183445       -2.9672030748138609        24.986819840316265       -1.1411423504186396E-005   8.8529788586015219E-005  -1.1575530440492754E-002  -7.3035221088610935E-008   6.9447061076394017E-007   4.1534762329259022E-008  -1.0877651792880486E-002   7.4247933305166331E-006  -7.0953538129493558E-006   4.2463120938679166E-005   3.2839767654066907E-008  -1.1618625425694459E-002   9.4713471846809698E-005  -7.8974047190557097E-004 -0.36241795675361266       -2.2405115652875318E-007  -2.5602546068081560E-004   6.4179632400045250        3.5601963640882907E-007  -3.5922604382612666E-006  -2.2405115652875318E-007 -0.36658212015883862       -1.7849748295632729E-007   1.2810350461251207E-006   6.4412428920868425       -1.6304054630199565E-004   1.0912351913392579E-003  -2.5602546068081560E-004  -1.7849748295632729E-007 -0.36217063507498959        1.4292930818927288E-003   1.0186902541011886E-006   6.4165705763853937     
 dijxc
  0.32078823606695883       -2.9671634528499062        24.986442726287951       -1.1421625291225056E-005   8.8573847405754312E-005  -1.1573947213203692E-002  -7.3003230719346366E-008   6.9415675329946023E-007   4.1536279526394827E-008  -1.0876380268814941E-002   7.3726506262417102E-006  -6.7661016815453003E-006   4.2417991873216269E-005   3.2841117873163686E-008  -1.1617074100290302E-002   9.4864288346295617E-005  -7.9082577388894348E-004 -0.36242806344746403       -2.2405780731142039E-007  -2.5576166843822379E-004   6.4180140149998692        3.5585547612889407E-007  -3.5905873707511392E-006  -2.2405780731142039E-007 -0.36659043934260410       -1.7850424185690686E-007   1.2810707234555376E-006   6.4412839721792015       -1.6245672402501204E-004   1.0867736238740558E-003  -2.5576166843822379E-004  -1.7850424185690686E-007 -0.36218055104504554        1.4278379430207836E-003   1.0187279612578955E-006   6.4166202727791859     
 dijxc
  0.32079027928142695       -2.9671832383450156        24.986631018943054       -1.1416446924385503E-005   8.8551147607589278E-005  -1.1574739104771067E-002  -7.3019174723919007E-008   6.9431318902404976E-007   4.1535541944353927E-008  -1.0877016312126328E-002   7.3988920113877881E-006  -6.9322086660086738E-006   4.2440573893390736E-005   3.2840414428484925E-008  -1.1617850048850492E-002   9.4788368811156963E-005  -7.9027853128344156E-004 -0.36242300936752908       -2.2405460321694554E-007  -2.5589366607617879E-004   6.4179886236214596        3.5593729574925742E-007  -3.5914212870615156E-006  -2.2405460321694554E-007 -0.36658627902748014       -1.7850069892898162E-007   1.2810535671183933E-006   6.4412634285000543       -1.6274973102125138E-004   1.0890143348995618E-003  -2.5589366607617879E-004  -1.7850069892898162E-007 -0.36217559228199220        1.4285661022303813E-003   1.0187081908195748E-006   6.4165954204465709     
 dijxc
  0.32079020428236954       -2.9671826919860802        24.986628607881300       -1.1399656045025065E-005   8.8438172400030608E-005  -1.1574566166603295E-002  -7.3028729571178359E-008   6.9440346402258120E-007   4.1538369299819461E-008  -1.0876773431996035E-002   5.9413002179254432E-006   5.0641325051155133E-006   4.2127466019922777E-005   3.2825538150421190E-008  -1.1617636866346912E-002   9.4612659986695091E-005  -7.8890585282535787E-004 -0.36242400836170247       -2.2406986986121352E-007  -2.5403292805212046E-004   6.4179936784829925        3.5598481974013257E-007  -3.5918908395806481E-006  -2.2406986986121352E-007 -0.36658769392966345       -1.7841539111118717E-007   1.2811409442608018E-006   6.4412708197419715       -1.5195758359796594E-004   9.9622014319835283E-004  -2.5403292805212046E-004  -1.7841539111118717E-007 -0.36217682215702524        1.4181535042084169E-003   1.0182010126552788E-006   6.4166017661672186     
 dijxc
  0.32079224321880401       -2.9672024426220265        24.986816669579433       -1.1394574888586383E-005   8.8420471799028363E-005  -1.1575349814169328E-002  -7.3044465724236326E-008   6.9455799208456487E-007   4.1537899385456546E-008  -1.0877395314670600E-002   5.9579615557235372E-006   4.8694707374388670E-006   4.2124540526433649E-005   3.2823305669644558E-008  -1.1618404404041972E-002   9.4529033428096190E-005  -7.8831502457783038E-004 -0.36241900394438137       -2.2406808474773692E-007  -2.5401193014129412E-004   6.4179685465547811        3.5606535892064004E-007  -3.5927126713131793E-006  -2.2406808474773692E-007 -0.36658361821361729       -1.7840403535787797E-007   1.2811317699258871E-006   6.4412507313327989       -1.5196571669527317E-004   9.9658586697867931E-004  -2.5401193014129412E-004  -1.7840403535787797E-007 -0.36217191595206416        1.4180274805303779E-003   1.0181370943936019E-006   6.4165771880666176     
 dijxc
  0.32078814835817282       -2.9671627861841485        24.986439206117467       -1.1405179172084624E-005   8.8468444340408713E-005  -1.1573766145459415E-002  -7.3012156842812687E-008   6.9424106746237523E-007   4.1539489359146376E-008  -1.0876123634774304E-002   5.9109964913806658E-006   5.1557233818051815E-006   4.2078926531152453E-005   3.2824995318372334E-008  -1.1616853891490315E-002   9.4681689540322055E-005  -7.8941974607575085E-004 -0.36242911478881434       -2.2407512050439463E-007  -2.5374516348559631E-004   6.4180193434524053        3.5589962087407569E-007  -3.5910238361066106E-006  -2.2407512050439463E-007 -0.36659193977049598       -1.7841271395316556E-007   1.2811696079730618E-006   6.4412918236947609       -1.5141987198130473E-004   9.9244615571755855E-004  -2.5374516348559631E-004  -1.7841271395316556E-007 -0.36218182933205079        1.4165557129805616E-003   1.0181856992304903E-006   6.4166268677816305     
 dijxc
  0.32079018484123861       -2.9671825106818468        24.986626975141974       -1.1400215867361507E-005   8.8452141064379998E-005  -1.1574551626070524E-002  -7.3027516651437265E-008   6.9439197075033753E-007   4.1539086362501044E-008  -1.0876747393532511E-002   5.9298182869390021E-006   4.9473733379893129E-006   4.2074954312141115E-005   3.2823060832406668E-008  -1.1617624526217486E-002   9.4598165612994338E-005  -7.8883258230701299E-004 -0.36242410122465663       -2.2407369452568366E-007  -2.5371818899675526E-004   6.4179941629853232        3.5597830137543657E-007  -3.5918270884048090E-006  -2.2407369452568366E-007 -0.36658785455800091       -1.7840300023967656E-007   1.2811624601959389E-006   6.4412716850375293       -1.5145204781699754E-004   9.9298763705720568E-004  -2.5371818899675526E-004  -1.7840300023967656E-007 -0.36217690696395821        1.4163960930089665E-003   1.0181310446430964E-006   6.4166022011789652     
 dijxc
  0.32079028157455697       -2.9671832619373495        24.986631265320458       -1.1416528361296145E-005   8.8551848927864068E-005  -1.1574738797994762E-002  -7.3019196333828929E-008   6.9431340695794958E-007   4.1535542195945622E-008  -1.0877016003198230E-002   7.3987123186004201E-006  -6.9306500404115704E-006   4.2440554981172963E-005   3.2840413469767699E-008  -1.1617849736215428E-002   9.4788913319852013E-005  -7.9028339689772716E-004 -0.36242301027880486       -2.2405460495366399E-007  -2.5589355712258004E-004   6.4179886279165839        3.5593739689736923E-007  -3.5914223574674213E-006  -2.2405460495366399E-007 -0.36658627992958948       -1.7850069338342166E-007   1.2810535776262404E-006   6.4412634325984053       -1.6274855642053193E-004   1.0890037517018261E-003  -2.5589355712258004E-004  -1.7850069338342166E-007 -0.36217559322678750        1.4285654765943295E-003   1.0187081565094412E-006   6.4165954249345774     
 dijxc
  0.32079232749181597       -2.9672030748905578        24.986819841054583       -1.1411425479010688E-005   8.8529804928691767E-005  -1.1575530426888393E-002  -7.3035169941628762E-008   6.9447013744296664E-007   4.1534805315981328E-008  -1.0877651782529967E-002   7.4247920346700058E-006  -7.0953441592516199E-006   4.2463120166010846E-005   3.2839707684768100E-008  -1.1618625413934103E-002   9.4713486311765908E-005  -7.8974059796265621E-004 -0.36241795681253258       -2.2405140535714060E-007  -2.5602545623849848E-004   6.4179632402804732        3.5601936148373431E-007  -3.5922577794073845E-006  -2.2405140535714060E-007 -0.36658212019966291       -1.7849713666465215E-007   1.2810364461836636E-006   6.4412428922598499       -1.6304053466287410E-004   1.0912350952592565E-003  -2.5602545623849848E-004  -1.7849713666465215E-007 -0.36217063512345243        1.4292930568402357E-003   1.0186883049738033E-006   6.4165705766022629     
 dijxc
  0.32078823608034451       -2.9671634529711999        24.986442727556167       -1.1421627244740580E-005   8.8573863536056918E-005  -1.1573947197212470E-002  -7.3003181012326914E-008   6.9415629300941966E-007   4.1536322341212875E-008  -1.0876380255986959E-002   7.3726492475866380E-006  -6.7660911838640170E-006   4.2417991090483009E-005   3.2841058076900481E-008  -1.1617074086136880E-002   9.4864302728287593E-005  -7.9082589895909357E-004 -0.36242806352263840       -2.2405805522122330E-007  -2.5576166394738629E-004   6.4180140153741085        3.5585520958720230E-007  -3.5905847911163870E-006  -2.2405805522122330E-007 -0.36659043940011471       -1.7850389656666765E-007   1.2810721182518786E-006   6.4412839724531610       -1.6245671209732152E-004   1.0867735245718609E-003  -2.5576166394738629E-004  -1.7850389656666765E-007 -0.36218055110976671        1.4278379176916483E-003   1.0187260177278928E-006   6.4166202730943986     
 dijxc
  0.32079027929956760       -2.9671832384001626        24.986631019338315       -1.1416448439192149E-005   8.8551159505332228E-005  -1.1574739081497740E-002  -7.3019134975818043E-008   6.9431281898428085E-007   4.1535586187107926E-008  -1.0877016291943258E-002   7.3988914093320209E-006  -6.9322054007317090E-006   4.2440573093746335E-005   3.2840352473575950E-008  -1.1617850027572790E-002   9.4788381168418715E-005  -7.9027863543042491E-004 -0.36242300943387318       -2.2405485985045755E-007  -2.5589366149343879E-004   6.4179886239632902        3.5593708648532273E-007  -3.5914192474919865E-006  -2.2405485985045755E-007 -0.36658627907646063       -1.7850034078858509E-007   1.2810550104161354E-006   6.4412634287438442       -1.6274972318345055E-004   1.0890142756979015E-003  -2.5589366149343879E-004  -1.7850034078858509E-007 -0.36217559233693675        1.4285660764050724E-003   1.0187061754278147E-006   6.4165954207240725     
 dijxc
  0.32079018702519874       -2.9671825331551061        24.986627210055307       -1.1400319138003014E-005   8.8453027170951661E-005  -1.1574551249666817E-002  -7.3027548239803404E-008   6.9439229006524637E-007   4.1539083838240741E-008  -1.0876747016356270E-002   5.9317339316786841E-006   4.9292317449085073E-006   4.2075073439885364E-005   3.2823039616837905E-008  -1.1617624064357207E-002   9.4598852136928556E-005  -7.8883861752259907E-004 -0.36242410258262392       -2.2407368066936623E-007  -2.5371883485659233E-004   6.4179941700480487        3.5597844589204678E-007  -3.5918286136257269E-006  -2.2407368066936623E-007 -0.36658785591396770       -1.7840290115528636E-007   1.2811623813330827E-006   6.4412716919391340       -1.5146151593898371E-004   9.9308284391068390E-004  -2.5371883485659233E-004  -1.7840290115528636E-007 -0.36217690884162534        1.4163997598992356E-003   1.0181305297604255E-006   6.4166022111855483     
 dijxc
  0.32079222642829863       -2.9672022857414371        24.986815240096782       -1.1395716015520588E-005   8.8440226459539909E-005  -1.1575338092884163E-002  -7.3042600592331959E-008   6.9454027124089802E-007   4.1538746134400039E-008  -1.0877372158593933E-002   5.9580255083041070E-006   4.6574600428224194E-006   4.2070441351043435E-005   3.2821388689983236E-008  -1.1618397149823746E-002   9.4516983312355248E-005  -7.8826888563982727E-004 -0.36241908089488795       -2.2407260324978767E-007  -2.5368798384362912E-004   6.4179689489857825        3.5605558406422939E-007  -3.5926166496511573E-006  -2.2407260324978767E-007 -0.36658376232159962       -1.7839480099213109E-007   1.2811571962345130E-006   6.4412515109765263       -1.5154508106114009E-004   9.9407055994034550E-004  -2.5368798384362912E-004  -1.7839480099213109E-007 -0.36217197246801081        1.4162184659574459E-003   1.0180851005033711E-006   6.4165774703838112     
 dijxc
  0.32078813124015776       -2.9671626277099170        24.986437785836873       -1.1405998735536168E-005   8.8485265240365984E-005  -1.1573753275889345E-002  -7.3010327472597439E-008   6.9422368569532988E-007   4.1540315828200524E-008  -1.0876099422579805E-002   5.9067611395976864E-006   4.9823288395029917E-006   4.2024248179308372E-005   3.2822909660251339E-008  -1.1616844982787151E-002   9.4667841640836119E-005  -7.8935667002077471E-004 -0.36242919799865347       -2.2407953588733291E-007  -2.5341808379333636E-004   6.4180197757896664        3.5589002816443513E-007  -3.5909296062328881E-006  -2.2407953588733291E-007 -0.36659208964311046       -1.7840248683955127E-007   1.2811944694655588E-006   6.4412926305309366       -1.5097381813149082E-004   9.8969359403260895E-004  -2.5341808379333636E-004  -1.7840248683955127E-007 -0.36218189465416095        1.4147287971441542E-003   1.0181280179251105E-006   6.4166271947073934     
 dijxc
  0.32079016830619012       -2.9671823575573351        24.986625596276980       -1.1400943119370356E-005   8.8468604640105122E-005  -1.1574540081718640E-002  -7.3025101988507966E-008   6.9436900016955679E-007   4.1540004027508793E-008  -1.0876724688805579E-002   5.9327301627700630E-006   4.7170043377373658E-006   4.2017862231830586E-005   3.2821205918857294E-008  -1.1617618018710182E-002   9.4582967209597905E-005  -7.8876071370104521E-004 -0.36242417693922097       -2.2407860713292319E-007  -2.5337747512366610E-004   6.4179945537258982        3.5596578838137812E-007  -3.5917038927080132E-006  -2.2407860713292319E-007 -0.36658799577270340       -1.7839402246662635E-007   1.2811901565799825E-006   6.4412724437298401       -1.5106244883916322E-004   9.9069664279866250E-004  -2.5337747512366610E-004  -1.7839402246662635E-007 -0.36217695862728921        1.4144922709697528E-003   1.0180805086892657E-006   6.4166024515761988     
 dijxc
  0.32079028157398998       -2.9671832619567962        24.986631265543782       -1.1416529850339675E-005   8.8551860580035429E-005  -1.1574738788244283E-002  -7.3019156903499072E-008   6.9431303998194353E-007   4.1535586410193938E-008  -1.0877015996544760E-002   7.3987117638811705E-006  -6.9306472210395288E-006   4.2440554184269567E-005   3.2840351543944704E-008  -1.1617849728463019E-002   9.4788925553533529E-005  -7.9028349979357298E-004 -0.36242301034472735       -2.2405486142424942E-007  -2.5589355255232582E-004   6.4179886282550740        3.5593718912570198E-007  -3.5914203331884136E-006  -2.2405486142424942E-007 -0.36658627997808974       -1.7850033539518840E-007   1.2810550200074939E-006   6.4412634328386105       -1.6274854880441198E-004   1.0890036947731575E-003  -2.5589355255232582E-004  -1.7850033539518840E-007 -0.36217559328129334        1.4285654508476501E-003   1.0187061419945552E-006   6.4165954252086399     
 dijxc
  0.32079232747743319       -2.9672030748183489        24.986819840551416       -1.1411426507307661E-005   8.8529812141355095E-005  -1.1575530425013456E-002  -7.3035141975086621E-008   6.9446987434340385E-007   4.1534850770221723E-008  -1.0877651783593151E-002   7.4247921866569239E-006  -7.0953478382414855E-006   4.2463119346935597E-005   3.2839643822130652E-008  -1.1618625414205476E-002   9.4713496410371345E-005  -7.8974067878157558E-004 -0.36241795686209649       -2.2405166953089253E-007  -2.5602545155281982E-004   6.4179632405892182        3.5601921973828689E-007  -3.5922563777977093E-006  -2.2405166953089253E-007 -0.36658212023250819       -1.7849676710671177E-007   1.2810379312288028E-006   6.4412428924750476       -1.6304053092029076E-004   1.0912350758680198E-003  -2.5602545155281982E-004  -1.7849676710671177E-007 -0.36217063516068176        1.4292930304645995E-003   1.0186862257911036E-006   6.4165705768414671     
 dijxc
  0.32078823608277329       -2.9671634529423043        24.986442727207617       -1.1421628328330918E-005   8.8573871290077691E-005  -1.1573947182920145E-002  -7.3003153252239326E-008   6.9415603111628218E-007   4.1536367739673166E-008  -1.0876380244541572E-002   7.3726492428823627E-006  -6.7660933030926377E-006   4.2417990265680719E-005   3.2840994306994069E-008  -1.1617074073975220E-002   9.4864313063048228E-005  -7.9082598226406847E-004 -0.36242806357922214       -2.2405831911865057E-007  -2.5576165923410965E-004   6.4180140156842551        3.5585507042378162E-007  -3.5905834092864109E-006  -2.2405831911865057E-007 -0.36659043944041608       -1.7850352759195154E-007   1.2810736017062914E-006   6.4412839726720765       -1.6245670769707163E-004   1.0867734980920078E-003  -2.5576165923410965E-004  -1.7850352759195154E-007 -0.36218055115410203        1.4278378911356470E-003   1.0187239417517206E-006   6.4166202733354964     
 dijxc
  0.32079027928839871       -2.9671832383103722        24.986631018510156       -1.1416449182549814E-005   8.8551164020831720E-005  -1.1574739075426263E-002  -7.3019117807945845E-008   6.9431265185476404E-007   4.1535632872352930E-008  -1.0877016288532451E-002   7.3988919028838264E-006  -6.9322119834033184E-006   4.2440572246918830E-005   3.2840286837993822E-008  -1.1617850023752090E-002   9.4788389849774534E-005  -7.9027870197799152E-004 -0.36242300948482553       -2.2405513171006875E-007  -2.5589365667620802E-004   6.4179886242700652        3.5593701075284294E-007  -3.5914184552717178E-006  -2.2405513171006875E-007 -0.36658627911208330       -1.7849996073176572E-007   1.2810565379927354E-006   6.4412634289654829       -1.6274972175558272E-004   1.0890142771626946E-003  -2.5589365667620802E-004  -1.7849996073176572E-007 -0.36217559237490904        1.4285660492768730E-003   1.0187040374332157E-006   6.4165954209577025     
 dijxc
  0.32079017047178271       -2.9671823796765091        24.986625821210914       -1.1401136539234251E-005   8.8470329204221580E-005  -1.1574540074804317E-002  -7.3025108318597204E-008   6.9436907223033358E-007   4.1540012880983752E-008  -1.0876724665022652E-002   5.9338166198488694E-006   4.7073641198067150E-006   4.2018025725890036E-005   3.2821273651740387E-008  -1.1617618183231967E-002   9.4584134661922320E-005  -7.8877145541285127E-004 -0.36242417643919272       -2.2407865306683711E-007  -2.5337834584419363E-004   6.4179945515560917        3.5596581297835750E-007  -3.5917042045934036E-006  -2.2407865306683711E-007 -0.36658799533650788       -1.7839441557421621E-007   1.2811904112297454E-006   6.4412724417708587       -1.5106910793706053E-004   9.9075800374713563E-004  -2.5337834584419363E-004  -1.7839441557421621E-007 -0.36217695726973703        1.4144972423453771E-003   1.0180827500716572E-006   6.4166024444489116     
