 paw_ij%hasdij           1
 paw_ij%hasdij0           0
 paw_ij%hasdijexxc           0
 paw_ij%hasdijhartree           2
 paw_ij%hasdijhat           0
 paw_ij%hasdijxc           0
 paw_ij%hasdijxc_hat           0
 paw_ij%hasdijxc_val           0
 paw_ij%dij   0.0000000000000000        0.0000000000000000        0.0000000000000000        0.0000000000000000        0.0000000000000000        0.0000000000000000        0.0000000000000000        0.0000000000000000        0.0000000000000000        0.0000000000000000        0.0000000000000000        0.0000000000000000        0.0000000000000000        0.0000000000000000        0.0000000000000000     
 paw_ij%dijhartree   4.7901784227438954E-004  -4.8718192753440994E-003   6.4334411949448972E-002  -1.0935754985809933E-005   1.0857541992918726E-004   6.7922066805357600E-007   4.5217139927179140E-008  -4.4951466277252145E-007  -1.2042806052988276E-010   6.5421885689579465E-007  -3.2821910499433223E-007   3.2580565647356568E-006   8.8561157272400519E-010  -2.4682380834377008E-012   6.5253421986298929E-007
 paw_an%has_kxc           0
 paw_an%has_k3xc           0
 paw_an%has_vhartree           0
 paw_an%has_vxc           2
 paw_an%has_vxcval           0
 paw_an%has_vxc_ex           0
 paw_an%nkxc1           0
 paw_an%nk3xc1           0
 paw_ij%hasdij           2
 paw_ij%hasdij0           0
 paw_ij%hasdijexxc           0
 paw_ij%hasdijhartree           2
 paw_ij%hasdijhat           0
 paw_ij%hasdijxc           0
 paw_ij%hasdijxc_hat           0
 paw_ij%hasdijxc_val           0
 paw_ij%dij  -4.7373891268351939E-002   2.3900699574231993E-002   9.1251682819718578        3.4002574933170659E-004  -4.6804473187941160E-003  -2.4972709521691281E-003  -6.7210757487347958E-007   9.0484554676487232E-006   1.3615569534103700E-008  -1.7523332176827904E-003  -2.2857106652934847E-004   3.2331553728185956E-003  -3.4218700656206440E-007   9.4907381226318118E-010  -2.3027817976670364E-003
 paw_ij%dijhartree   4.7901784227438954E-004  -4.8718192753440994E-003   6.4334411949448972E-002  -1.0935754985809933E-005   1.0857541992918726E-004   6.7922066805357600E-007   4.5217139927179140E-008  -4.4951466277252145E-007  -1.2042806052988276E-010   6.5421885689579465E-007  -3.2821910499433223E-007   3.2580565647356568E-006   8.8561157272400519E-010  -2.4682380834377008E-012   6.5253421986298929E-007
 paw_an%has_kxc           0
 paw_an%has_k3xc           0
 paw_an%has_vhartree           0
 paw_an%has_vxc           2
 paw_an%has_vxcval           0
 paw_an%has_vxc_ex           0
 paw_an%nkxc1           0
 paw_an%nk3xc1           0
 paw_ij%hasdij           2
 paw_ij%hasdij0           0
 paw_ij%hasdijexxc           0
 paw_ij%hasdijhartree           2
 paw_ij%hasdijhat           0
 paw_ij%hasdijxc           0
 paw_ij%hasdijxc_hat           0
 paw_ij%hasdijxc_val           0
 paw_ij%dij  -4.7373891268351939E-002   2.3900699574231993E-002   9.1251682819718578        3.4002574933170659E-004  -4.6804473187941160E-003  -2.4972709521691281E-003  -6.7210757487347958E-007   9.0484554676487232E-006   1.3615569534103700E-008  -1.7523332176827904E-003  -2.2857106652934847E-004   3.2331553728185956E-003  -3.4218700656206440E-007   9.4907381226318118E-010  -2.3027817976670364E-003
 paw_ij%dijhartree   4.7907244448951077E-004  -4.8723762762862052E-003   6.4341790442586408E-002  -1.0937204810253889E-005   1.0858984329080362E-004   6.7920923007398485E-007   4.5222324628658904E-008  -4.4956622482681584E-007  -1.2044409868579593E-010   6.5420282247517022E-007  -3.2825638127727994E-007   3.2584272776008900E-006   8.8572194077931630E-010  -2.4685628352894432E-012   6.5251850744180657E-007
 paw_an%has_kxc           0
 paw_an%has_k3xc           0
 paw_an%has_vhartree           0
 paw_an%has_vxc           2
 paw_an%has_vxcval           0
 paw_an%has_vxc_ex           0
 paw_an%nkxc1           0
 paw_an%nk3xc1           0
 paw_ij%hasdij           2
 paw_ij%hasdij0           0
 paw_ij%hasdijexxc           0
 paw_ij%hasdijhartree           2
 paw_ij%hasdijhat           0
 paw_ij%hasdijxc           0
 paw_ij%hasdijxc_hat           0
 paw_ij%hasdijxc_val           0
 paw_ij%dij  -4.7374277496981101E-002   2.3904799219134493E-002   9.1251394643955219        3.4002856316808354E-004  -4.6804825497452646E-003  -2.4973325927047305E-003  -6.7213039149013722E-007   9.0487593884881800E-006   1.3616429084017706E-008  -1.7523914423109564E-003  -2.2857419289455845E-004   3.2331996304974285E-003  -3.4201284009582887E-007   9.4906604481466023E-010  -2.3028412664438621E-003
 paw_ij%dijhartree   4.7896324827547272E-004  -4.8712623585750537E-003   6.4327034576268302E-002  -1.0934305414810317E-005   1.0856099909471055E-004   6.7923208515067151E-007   4.5211956051168619E-008  -4.4946310893962339E-007  -1.2041202529143644E-010   6.5423486947689266E-007  -3.2818183447915113E-007   3.2576859094257867E-006   8.8550122473749079E-010  -2.4679133838509744E-012   6.5254991052226251E-007
 paw_an%has_kxc           0
 paw_an%has_k3xc           0
 paw_an%has_vhartree           0
 paw_an%has_vxc           2
 paw_an%has_vxcval           0
 paw_an%has_vxc_ex           0
 paw_an%nkxc1           0
 paw_an%nk3xc1           0
 paw_ij%hasdij           2
 paw_ij%hasdij0           0
 paw_ij%hasdijexxc           0
 paw_ij%hasdijhartree           2
 paw_ij%hasdijhat           0
 paw_ij%hasdijxc           0
 paw_ij%hasdijxc_hat           0
 paw_ij%hasdijxc_val           0
 paw_ij%dij  -4.7373505104443187E-002   2.3896601647865778E-002   9.1251971041149336        3.4002293664409859E-004  -4.6804121041316817E-003  -2.4972091965634160E-003  -6.7208475815471392E-007   9.0481515455555189E-006   1.3614709894194956E-008  -1.7522748769993697E-003  -2.2856794063102329E-004   3.2331111217230929E-003  -3.4236112612556979E-007   9.4908165676142634E-010  -2.3027222134768162E-003
 paw_ij%dijhartree   4.7901790365586415E-004  -4.8718198063221821E-003   6.4334417671260191E-002  -1.0935755728805996E-005   1.0857542583450763E-004   6.7922571719121769E-007   4.5217150016582234E-008  -4.4951475667683311E-007  -1.2042807988382811E-010   6.5422390547860138E-007  -3.2821959637964295E-007   3.2580613960448660E-006   8.8561289801494251E-010  -2.4682438493949398E-012   6.5253926829588050E-007
 paw_an%has_kxc           0
 paw_an%has_k3xc           0
 paw_an%has_vhartree           0
 paw_an%has_vxc           2
 paw_an%has_vxcval           0
 paw_an%has_vxc_ex           0
 paw_an%nkxc1           0
 paw_an%nk3xc1           0
 paw_ij%hasdij           2
 paw_ij%hasdij0           0
 paw_ij%hasdijexxc           0
 paw_ij%hasdijhartree           2
 paw_ij%hasdijhat           0
 paw_ij%hasdijxc           0
 paw_ij%hasdijxc_hat           0
 paw_ij%hasdijxc_val           0
 paw_ij%dij  -4.7373891276473193E-002   2.3900697863080744E-002   9.1251682990616576        3.4002573183177355E-004  -4.6804471355948764E-003  -2.4972709647350932E-003  -6.7210768099447100E-007   9.0484571396183827E-006   1.3615565853799059E-008  -1.7523332472557185E-003  -2.2857106217758738E-004   3.2331553150801648E-003  -3.4218682564526440E-007   9.4907002580680211E-010  -2.3027818139495187E-003
 paw_ij%dijhartree   4.7901785129733296E-004  -4.8718193303437969E-003   6.4334412144211414E-002  -1.0935754268005153E-005   1.0857541165150600E-004   6.7922250644586057E-007   4.5217140000632481E-008  -4.4951465847223978E-007  -1.2042805072972407E-010   6.5422069881356364E-007  -3.2821933224337059E-007   3.2580589634931973E-006   8.8561221179419086E-010  -2.4682196907750120E-012   6.5253615451541485E-007
 paw_an%has_kxc           0
 paw_an%has_k3xc           0
 paw_an%has_vhartree           0
 paw_an%has_vxc           2
 paw_an%has_vxcval           0
 paw_an%has_vxc_ex           0
 paw_an%nkxc1           0
 paw_an%nk3xc1           0
 paw_ij%hasdij           2
 paw_ij%hasdij0           0
 paw_ij%hasdijexxc           0
 paw_ij%hasdijhartree           2
 paw_ij%hasdijhat           0
 paw_ij%hasdijxc           0
 paw_ij%hasdijxc_hat           0
 paw_ij%hasdijxc_val           0
 paw_ij%dij  -4.7373891274907098E-002   2.3900700459659086E-002   9.1251682870985320        3.4002573198654086E-004  -4.6804470906711346E-003  -2.4972708315686557E-003  -6.7210755399889703E-007   9.0484551836038290E-006   1.3615565838141996E-008  -1.7523330995382206E-003  -2.2857106458298941E-004   3.2331553280913953E-003  -3.4218701255834557E-007   9.4907153547489517E-010  -2.3027816889528785E-003
 paw_ij%dijhartree   4.7907160583281682E-004  -4.8723690612388747E-003   6.4341713377586915E-002  -1.0937177360870547E-005   1.0858959303283890E-004   6.7913809779760181E-007   4.5221595593336368E-008  -4.4955908181320442E-007  -1.2044208627863406E-010   6.5413179199675495E-007  -3.2802148420483965E-007   3.2560960911708346E-006   8.8498382998680324E-010  -2.4658547417529418E-012   6.5244750575807453E-007
 paw_an%has_kxc           0
 paw_an%has_k3xc           0
 paw_an%has_vhartree           0
 paw_an%has_vxc           2
 paw_an%has_vxcval           0
 paw_an%has_vxc_ex           0
 paw_an%nkxc1           0
 paw_an%nk3xc1           0
 paw_ij%hasdij           2
 paw_ij%hasdij0           0
 paw_ij%hasdijexxc           0
 paw_ij%hasdijhartree           2
 paw_ij%hasdijhat           0
 paw_ij%hasdijxc           0
 paw_ij%hasdijxc_hat           0
 paw_ij%hasdijxc_val           0
 paw_ij%dij  -4.7374356717602248E-002   2.3905736818691820E-002   9.1251322742561847        3.4002931784551970E-004  -4.6804926274095493E-003  -2.4973438576752112E-003  -6.7211859919920236E-007   9.0485975547704530E-006   1.3616215995644560E-008  -1.7524024196582766E-003  -2.2860819700153517E-004   3.2336773952029245E-003  -3.4040960548046336E-007   9.4921369415260877E-010  -2.3028463648776349E-003
 paw_ij%dijhartree   4.7896241195798583E-004  -4.8712551644856791E-003   6.4326957747285154E-002  -1.0934278081536495E-005   1.0856074990406157E-004   6.7916110137535050E-007   4.5211229713549400E-008  -4.4945599240399270E-007  -1.2041002125502897E-010   6.5416398703859213E-007  -3.2795043607341644E-007   3.2553894207770044E-006   8.8477289082832087E-010  -2.4652450605411747E-012   6.5247906065498449E-007
 paw_an%has_kxc           0
 paw_an%has_k3xc           0
 paw_an%has_vhartree           0
 paw_an%has_vxc           2
 paw_an%has_vxcval           0
 paw_an%has_vxc_ex           0
 paw_an%nkxc1           0
 paw_an%nk3xc1           0
 paw_ij%hasdij           2
 paw_ij%hasdij0           0
 paw_ij%hasdijexxc           0
 paw_ij%hasdijhartree           2
 paw_ij%hasdijhat           0
 paw_ij%hasdijxc           0
 paw_ij%hasdijxc_hat           0
 paw_ij%hasdijxc_val           0
 paw_ij%dij  -4.7373584133359382E-002   2.3897540772494730E-002   9.1251899275643105        3.4002369271331375E-004  -4.6804222012709965E-003  -2.4972201427803020E-003  -6.7207300701166281E-007   9.0479902733290581E-006   1.3614497627950003E-008  -1.7522855354758929E-003  -2.2860186720765919E-004   3.2335878341673719E-003  -3.4076031797888424E-007   9.4923197263186571E-010  -2.3027269996990741E-003
 paw_ij%dijhartree   4.7901639573135884E-004  -4.8718068285836602E-003   6.4334278966333813E-002  -1.0935711797212644E-005   1.0857502935739092E-004   6.7909809871786198E-007   4.5215916951458232E-008  -4.4950268418247651E-007  -1.2042473323367860E-010   6.5409644686346024E-007  -3.2805982935970059E-007   3.2564728903554229E-006   8.8494260600441664E-010  -2.4662993342195710E-012   6.5241183593233609E-007
 paw_an%has_kxc           0
 paw_an%has_k3xc           0
 paw_an%has_vhartree           0
 paw_an%has_vxc           2
 paw_an%has_vxcval           0
 paw_an%has_vxc_ex           0
 paw_an%nkxc1           0
 paw_an%nk3xc1           0
 paw_ij%hasdij           2
 paw_ij%hasdij0           0
 paw_ij%hasdijexxc           0
 paw_ij%hasdijhartree           2
 paw_ij%hasdijhat           0
 paw_ij%hasdijxc           0
 paw_ij%hasdijxc_hat           0
 paw_ij%hasdijxc_val           0
 paw_ij%dij  -4.7374049212032025E-002   2.3902566790881208E-002   9.1251539864886162        3.4002735709993709E-004  -4.6804689685626191E-003  -2.4972930445351293E-003  -6.7208775643208796E-007   9.0481832987060547E-006   1.3615208676929607E-008  -1.7523547630224805E-003  -2.2863249792147533E-004   3.2340219352274529E-003  -3.3917063022650852E-007   9.4959495714732869E-010  -2.3027920211790933E-003
 paw_ij%dijhartree   4.7901784212807228E-004  -4.8718192739997572E-003   6.4334411933688482E-002  -1.0935754982848033E-005   1.0857541990220388E-004   6.7922066019837128E-007   4.5217139993947737E-008  -4.4951466344129853E-007  -1.2042806069644413E-010   6.5421884904827961E-007  -3.2821910445164918E-007   3.2580565594269993E-006   8.8561157118592612E-010  -2.4682380754272785E-012   6.5253421201512442E-007
 paw_an%has_kxc           0
 paw_an%has_k3xc           0
 paw_an%has_vhartree           0
 paw_an%has_vxc           2
 paw_an%has_vxcval           0
 paw_an%has_vxc_ex           0
 paw_an%nkxc1           0
 paw_an%nk3xc1           0
 paw_ij%hasdij           2
 paw_ij%hasdij0           0
 paw_ij%hasdijexxc           0
 paw_ij%hasdijhartree           2
 paw_ij%hasdijhat           0
 paw_ij%hasdijxc           0
 paw_ij%hasdijxc_hat           0
 paw_ij%hasdijxc_val           0
 paw_ij%dij  -4.7373891257640660E-002   2.3900699845172568E-002   9.1251682838632426        3.4002574936451086E-004  -4.6804473191164615E-003  -2.4972709152300855E-003  -6.7210757211441005E-007   9.0484554267195898E-006   1.3615569168978294E-008  -1.7523331807130288E-003  -2.2857106656937152E-004   3.2331553733824245E-003  -3.4218700382737295E-007   9.4907397276593709E-010  -2.3027817607163248E-003
 paw_ij%dijhartree   4.7907244151320765E-004  -4.8723762497547363E-003   6.4341790143962921E-002  -1.0937204751833541E-005   1.0858984277112724E-004   6.7920902700511293E-007   4.5222324149674974E-008  -4.4956622031997863E-007  -1.2044409751211479E-010   6.5420261956403076E-007  -3.2825635857657715E-007   3.2584270542947155E-006   8.8572188088767576E-010  -2.4685625490101350E-012   6.5251830452021726E-007
 paw_an%has_kxc           0
 paw_an%has_k3xc           0
 paw_an%has_vhartree           0
 paw_an%has_vxc           2
 paw_an%has_vxcval           0
 paw_an%has_vxc_ex           0
 paw_an%nkxc1           0
 paw_an%nk3xc1           0
 paw_ij%hasdij           2
 paw_ij%hasdij0           0
 paw_ij%hasdijexxc           0
 paw_ij%hasdijhartree           2
 paw_ij%hasdijhat           0
 paw_ij%hasdijxc           0
 paw_ij%hasdijxc_hat           0
 paw_ij%hasdijxc_val           0
 paw_ij%dij  -4.7374277671918291E-002   2.3904798375184250E-002   9.1251394595412201        3.4002856316376750E-004  -4.6804825474037297E-003  -2.4973328026561253E-003  -6.7213037870221802E-007   9.0487592007306370E-006   1.3616428412656469E-008  -1.7523916517003745E-003  -2.2857419356143719E-004   3.2331996397214793E-003  -3.4201283183622166E-007   9.4906656333030265E-010  -2.3028414762093002E-003
 paw_ij%dijhartree   4.7896324532554124E-004  -4.8712623322773787E-003   6.4327034280254949E-002  -1.0934305356921744E-005   1.0856099857972350E-004   6.7923188395027539E-007   4.5211955576741369E-008  -4.4946310447567188E-007  -1.2041202412544332E-010   6.5423466843268708E-007  -3.2818181197300096E-007   3.2576856880326924E-006   8.8550116538019859E-010  -2.4679131017734505E-012   6.5254970946773636E-007
 paw_an%has_kxc           0
 paw_an%has_k3xc           0
 paw_an%has_vhartree           0
 paw_an%has_vxc           2
 paw_an%has_vxcval           0
 paw_an%has_vxc_ex           0
 paw_an%nkxc1           0
 paw_an%nk3xc1           0
 paw_ij%hasdij           2
 paw_ij%hasdij0           0
 paw_ij%hasdijexxc           0
 paw_ij%hasdijhartree           2
 paw_ij%hasdijhat           0
 paw_ij%hasdijxc           0
 paw_ij%hasdijxc_hat           0
 paw_ij%hasdijxc_val           0
 paw_ij%dij  -4.7373504833995883E-002   2.3896603185145887E-002   9.1251971180506235        3.4002293663955025E-004  -4.6804121019110821E-003  -2.4972088285891217E-003  -6.7208474544859725E-007   9.0481513594625074E-006   1.3614709216766221E-008  -1.7522745084692383E-003  -2.2856794129230568E-004   3.2331111308664439E-003  -3.4236111791812403E-007   9.4908216387670757E-010  -2.3027218453195390E-003
 paw_ij%dijhartree   4.7901789868848917E-004  -4.8718197620051988E-003   6.4334417171861294E-002  -1.0935755636323457E-005   1.0857542501602529E-004   6.7922538021106023E-007   4.5217149226205057E-008  -4.4951474924265469E-007  -1.2042807798779591E-010   6.5422356873396852E-007  -3.2821955761346540E-007   3.2580610146182261E-006   8.8561279633846493E-010  -2.4682433736049231E-012   6.5253893153499202E-007
 paw_an%has_kxc           0
 paw_an%has_k3xc           0
 paw_an%has_vhartree           0
 paw_an%has_vxc           2
 paw_an%has_vxcval           0
 paw_an%has_vxc_ex           0
 paw_an%nkxc1           0
 paw_an%nk3xc1           0
 paw_ij%hasdij           2
 paw_ij%hasdij0           0
 paw_ij%hasdijexxc           0
 paw_ij%hasdijhartree           2
 paw_ij%hasdijhat           0
 paw_ij%hasdijxc           0
 paw_ij%hasdijxc_hat           0
 paw_ij%hasdijxc_val           0
 paw_ij%dij  -4.7373891244698103E-002   2.3900697861377107E-002   9.1251682997594106        3.4002573189378786E-004  -4.6804471329519419E-003  -2.4972709433274507E-003  -6.7210766122664509E-007   9.0484568500743422E-006   1.3615564862514196E-008  -1.7523332249131448E-003  -2.2857106330050804E-004   3.2331553305919316E-003  -3.4218681100672099E-007   9.4907078649380091E-010  -2.3027817922335880E-003
 paw_ij%dijhartree   4.7901627763396288E-004  -4.8718058189633952E-003   6.4334268292965180E-002  -1.0935707759619339E-005   1.0857499264200819E-004   6.7908777887491115E-007   4.5215834859631536E-008  -4.4950188352308382E-007  -1.2042450032366804E-010   6.5408614051516896E-007  -3.2795973919089395E-007   3.2554805163992850E-006   8.8468307179564659E-010  -2.4651855648720444E-012   6.5240151167952400E-007
 paw_an%has_kxc           0
 paw_an%has_k3xc           0
 paw_an%has_vhartree           0
 paw_an%has_vxc           2
 paw_an%has_vxcval           0
 paw_an%has_vxc_ex           0
 paw_an%nkxc1           0
 paw_an%nk3xc1           0
 paw_ij%hasdij           2
 paw_ij%hasdij0           0
 paw_ij%hasdijexxc           0
 paw_ij%hasdijhartree           2
 paw_ij%hasdijhat           0
 paw_ij%hasdijxc           0
 paw_ij%hasdijxc_hat           0
 paw_ij%hasdijxc_val           0
 paw_ij%dij  -4.7374049443441632E-002   2.3902570382104860E-002   9.1251539520951255        3.4002734272281873E-004  -4.6804686824701630E-003  -2.4972932257593082E-003  -6.7208648152347311E-007   9.0481657152338314E-006   1.3615191154811523E-008  -1.7523549227272314E-003  -2.2863459859547610E-004   3.2340503471154553E-003  -3.3911055491272080E-007   9.4952594131598670E-010  -2.3027920502468949E-003
 paw_ij%dijhartree   4.7907021363381176E-004  -4.8723570886127603E-003   6.4341585566173143E-002  -1.0937140865588475E-005   1.0858926745409130E-004   6.7901984416009438E-007   4.5220510065832897E-008  -4.4954846209383921E-007  -1.2043918805800586E-010   6.5401366866736480E-007  -3.2806471286519061E-007   3.2565202200948683E-006   8.8484385802010996E-010  -2.4661924739303357E-012   6.5232935742077078E-007
 paw_an%has_kxc           0
 paw_an%has_k3xc           0
 paw_an%has_vhartree           0
 paw_an%has_vxc           2
 paw_an%has_vxcval           0
 paw_an%has_vxc_ex           0
 paw_an%nkxc1           0
 paw_an%nk3xc1           0
 paw_ij%hasdij           2
 paw_ij%hasdij0           0
 paw_ij%hasdijexxc           0
 paw_ij%hasdijhartree           2
 paw_ij%hasdijhat           0
 paw_ij%hasdijxc           0
 paw_ij%hasdijxc_hat           0
 paw_ij%hasdijxc_val           0
 paw_ij%dij  -4.7374514025146676E-002   2.3907593975089098E-002   9.1251180524399960        3.4003100812720358E-004  -4.6805154018136237E-003  -2.4973658529119855E-003  -6.7210107442354969E-007   9.0483564161464121E-006   1.3615904992928837E-008  -1.7524238614517402E-003  -2.2866520268273219E-004   3.2344840160934232E-003  -3.3752517993877701E-007   9.4989085618040834E-010  -2.3028568119423960E-003
 paw_ij%dijhartree   4.7896117128305883E-004  -4.8712444582510389E-003   6.4326842831469208E-002  -1.0934249995110754E-005   1.0856050256636204E-004   6.7905759146072535E-007   4.5210333049596343E-008  -4.4944722549164528E-007  -1.2040768036450133E-010   6.5406057478826341E-007  -3.2825730843782130E-007   3.2584274989620397E-006   8.8531612727263479E-010  -2.4685174709670173E-012   6.5237566914040760E-007
 paw_an%has_kxc           0
 paw_an%has_k3xc           0
 paw_an%has_vhartree           0
 paw_an%has_vxc           2
 paw_an%has_vxcval           0
 paw_an%has_vxc_ex           0
 paw_an%nkxc1           0
 paw_an%nk3xc1           0
 paw_ij%hasdij           2
 paw_ij%hasdij0           0
 paw_ij%hasdijexxc           0
 paw_ij%hasdijhartree           2
 paw_ij%hasdijhat           0
 paw_ij%hasdijxc           0
 paw_ij%hasdijxc_hat           0
 paw_ij%hasdijxc_val           0
 paw_ij%dij  -4.7373741989126091E-002   2.3899401506214640E-002   9.1251756664110477        3.4002548731365166E-004  -4.6804465103419002E-003  -2.4972420893119925E-003  -6.7205854083314674E-007   9.0477908141814429E-006   1.3614241131939584E-008  -1.7523069338654528E-003  -2.2865328665173479E-004   3.2343188892978219E-003  -3.3803680819051988E-007   9.5010435680529348E-010  -2.3027377987892422E-003
 paw_ij%dijhartree   4.7901546069743274E-004  -4.8717987124945929E-003   6.4334191032482654E-002  -1.0935698755955415E-005   1.0857492153910023E-004   6.7902244653090933E-007   4.5215353488067897E-008  -4.4949718403238350E-007  -1.2042337216676255E-010   6.5402083552700282E-007  -3.2883094955547840E-007   3.2641137087695328E-006   8.8669219056160559E-010  -2.4747463009978399E-012   6.5233633073515605E-007
 paw_an%has_kxc           0
 paw_an%has_k3xc           0
 paw_an%has_vhartree           0
 paw_an%has_vxc           2
 paw_an%has_vxcval           0
 paw_an%has_vxc_ex           0
 paw_an%nkxc1           0
 paw_an%nk3xc1           0
 paw_ij%hasdij           2
 paw_ij%hasdij0           0
 paw_ij%hasdijexxc           0
 paw_ij%hasdijhartree           2
 paw_ij%hasdijhat           0
 paw_ij%hasdijxc           0
 paw_ij%hasdijxc_hat           0
 paw_ij%hasdijxc_val           0
 paw_ij%dij  -4.7374206108458279E-002   2.3904407605951916E-002   9.1251398670422539        3.4002926506656385E-004  -4.6804950102756551E-003  -2.4973147589115912E-003  -6.7207866461586611E-007   9.0480572228716120E-006   1.3615047950604857E-008  -1.7523759584373907E-003  -2.2867370755189312E-004   3.2346146680814454E-003  -3.3675173934391174E-007   9.5081450364457736E-010  -2.3028033753776187E-003
 paw_ij%dijhartree   4.7901783691806581E-004  -4.8718192275402803E-003   6.4334411410501072E-002  -1.0935754882930777E-005   1.0857541901526187E-004   6.7922030558874016E-007   4.5217139130173541E-008  -4.4951465530126829E-007  -1.2042805859253992E-010   6.5421849470194328E-007  -3.2821906403044708E-007   3.2580561617491370E-006   8.8561146492459578E-010  -2.4682375754301139E-012   6.5253385765093571E-007
 paw_an%has_kxc           0
 paw_an%has_k3xc           0
 paw_an%has_vhartree           0
 paw_an%has_vxc           2
 paw_an%has_vxcval           0
 paw_an%has_vxc_ex           0
 paw_an%nkxc1           0
 paw_an%nk3xc1           0
 paw_ij%hasdij           2
 paw_ij%hasdij0           0
 paw_ij%hasdijexxc           0
 paw_ij%hasdijhartree           2
 paw_ij%hasdijhat           0
 paw_ij%hasdijxc           0
 paw_ij%hasdijxc_hat           0
 paw_ij%hasdijxc_val           0
 paw_ij%dij  -4.7373891269942549E-002   2.3900699717999269E-002   9.1251682857203242        3.4002574936199887E-004  -4.6804473154204388E-003  -2.4972709274526080E-003  -6.7210755135588572E-007   9.0484551231281262E-006   1.3615568178999132E-008  -1.7523331919556198E-003  -2.2857106773971266E-004   3.2331553895500018E-003  -3.4218698990999535E-007   9.4907476416342628E-010  -2.3027817726160140E-003
 paw_ij%dijhartree   4.7907243432158579E-004  -4.8723761855925330E-003   6.4341789420909581E-002  -1.0937204616264972E-005   1.0858984156939715E-004   6.7920853921643137E-007   4.5222322968739898E-008  -4.4956620919485096E-007  -1.2044409465419724E-010   6.5420213212574027E-007  -3.2825630240942934E-007   3.2584265016668177E-006   8.8572173359581448E-010  -2.4685618619506761E-012   6.5251781705776526E-007
 paw_an%has_kxc           0
 paw_an%has_k3xc           0
 paw_an%has_vhartree           0
 paw_an%has_vxc           2
 paw_an%has_vxcval           0
 paw_an%has_vxc_ex           0
 paw_an%nkxc1           0
 paw_an%nk3xc1           0
 paw_ij%hasdij           2
 paw_ij%hasdij0           0
 paw_ij%hasdijexxc           0
 paw_ij%hasdijhartree           2
 paw_ij%hasdijhat           0
 paw_ij%hasdijxc           0
 paw_ij%hasdijxc_hat           0
 paw_ij%hasdijxc_val           0
 paw_ij%dij  -4.7374277538392046E-002   2.3904798228268520E-002   9.1251394601185822        3.4002856323764644E-004  -4.6804825425904610E-003  -2.4973327282438668E-003  -6.7213035106808183E-007   9.0487587928422939E-006   1.3616427136796109E-008  -1.7523915759313528E-003  -2.2857419517933816E-004   3.2331996620893651E-003  -3.4201281248037966E-007   9.4906759989914804E-010  -2.3028414013455665E-003
 paw_ij%dijhartree   4.7896323885849803E-004  -4.8712622745073122E-003   6.4327033628085742E-002  -1.0934305238534769E-005   1.0856099753264296E-004   6.7923144915034490E-007   4.5211954593926162E-008  -4.4946309524999326E-007  -1.2041202178043064E-010   6.5423423392810406E-007  -3.2818176132120538E-007   3.2576851896340746E-006   8.8550103293062329E-010  -2.4679124917782770E-012   6.5254927494230310E-007
 paw_an%has_kxc           0
 paw_an%has_k3xc           0
 paw_an%has_vhartree           0
 paw_an%has_vxc           2
 paw_an%has_vxcval           0
 paw_an%has_vxc_ex           0
 paw_an%nkxc1           0
 paw_an%nk3xc1           0
 paw_ij%hasdij           2
 paw_ij%hasdij0           0
 paw_ij%hasdijexxc           0
 paw_ij%hasdijhartree           2
 paw_ij%hasdijhat           0
 paw_ij%hasdijxc           0
 paw_ij%hasdijxc_hat           0
 paw_ij%hasdijxc_val           0
 paw_ij%dij  -4.7373504901861964E-002   2.3896602505830616E-002   9.1251971145030719        3.4002293678876976E-004  -4.6804120987891055E-003  -2.4972089515668517E-003  -6.7208472038648752E-007   9.0481509889553851E-006   1.3614707934043193E-008  -1.7522746302262920E-003  -2.2856794275804716E-004   3.2331111511279386E-003  -3.4236109826394623E-007   9.4908311250370510E-010  -2.3027219678897178E-003
 paw_ij%dijhartree   4.7901789151247516E-004  -4.8718196977631367E-003   6.4334416444426279E-002  -1.0935755511437111E-005   1.0857542391570027E-004   6.7922490511060611E-007   4.5217148267196485E-008  -4.4951474029906224E-007  -1.2042807576646478E-010   6.5422309392510454E-007  -3.2821950129521449E-007   3.2580604604099944E-006   8.8561264986978329E-010  -2.4682427134500233E-012   6.5253845670450362E-007
 paw_an%has_kxc           0
 paw_an%has_k3xc           0
 paw_an%has_vhartree           0
 paw_an%has_vxc           2
 paw_an%has_vxcval           0
 paw_an%has_vxc_ex           0
 paw_an%nkxc1           0
 paw_an%nk3xc1           0
 paw_ij%hasdij           2
 paw_ij%hasdij0           0
 paw_ij%hasdijexxc           0
 paw_ij%hasdijhartree           2
 paw_ij%hasdijhat           0
 paw_ij%hasdijxc           0
 paw_ij%hasdijxc_hat           0
 paw_ij%hasdijxc_val           0
 paw_ij%dij  -4.7373891178712928E-002   2.3900697748326205E-002   9.1251683012293370        3.4002573220538550E-004  -4.6804471316161372E-003  -2.4972709069123189E-003  -6.7210763359616640E-007   9.0484564404711911E-006   1.3615563268928577E-008  -1.7523331871450946E-003  -2.2857106493938336E-004   3.2331553532407003E-003  -3.4218678568623847E-007   9.4907183676401799E-010  -2.3027817553644735E-003
 paw_ij%dijhartree   4.7901534411554580E-004  -4.8717977157752782E-003   6.4334180493743010E-002  -1.0935694892367155E-005   1.0857488648299788E-004   6.7901225959145418E-007   4.5215275231535136E-008  -4.4949642118291119E-007  -1.2042315135764338E-010   6.5401066131155919E-007  -3.2873590476980195E-007   3.2631713944109725E-006   8.8644635097768462E-010  -2.4736885905136542E-012   6.5232614036606460E-007
 paw_an%has_kxc           0
 paw_an%has_k3xc           0
 paw_an%has_vhartree           0
 paw_an%has_vxc           2
 paw_an%has_vxcval           0
 paw_an%has_vxc_ex           0
 paw_an%nkxc1           0
 paw_an%nk3xc1           0
 paw_ij%hasdij           2
 paw_ij%hasdij0           0
 paw_ij%hasdijexxc           0
 paw_ij%hasdijhartree           2
 paw_ij%hasdijhat           0
 paw_ij%hasdijxc           0
 paw_ij%hasdijxc_hat           0
 paw_ij%hasdijxc_val           0
 paw_ij%dij  -4.7374206171693176E-002   2.3904412668507985E-002   9.1251398451689791        3.4002925288743120E-004  -4.6804947545838072E-003  -2.4973146452776452E-003  -6.7207745218813072E-007   9.0480404860991233E-006   1.3615031613384298E-008  -1.7523758232487058E-003  -2.2867570882912435E-004   3.2346417360976367E-003  -3.3669437127359260E-007   9.5074891662856671E-010  -2.3028031156763010E-003
 paw_ij%dijhartree   4.7906972571398336E-004  -4.8723527592476092E-003   6.4341537041063560E-002  -1.0937149774525094E-005   1.0858936312655107E-004   6.7898506950826755E-007   4.5220433908964171E-008  -4.4954773943758035E-007  -1.2043925887544445E-010   6.5397885209394861E-007  -3.2951473776227398E-007   3.2708919311321451E-006   8.8835676447904401E-010  -2.4822068928500035E-012   6.5229477109178552E-007
 paw_an%has_kxc           0
 paw_an%has_k3xc           0
 paw_an%has_vhartree           0
 paw_an%has_vxc           2
 paw_an%has_vxcval           0
 paw_an%has_vxc_ex           0
 paw_an%nkxc1           0
 paw_an%nk3xc1           0
 paw_ij%hasdij           2
 paw_ij%hasdij0           0
 paw_ij%hasdijexxc           0
 paw_ij%hasdijhartree           2
 paw_ij%hasdijhat           0
 paw_ij%hasdijxc           0
 paw_ij%hasdijxc_hat           0
 paw_ij%hasdijxc_val           0
 paw_ij%dij  -4.7374669815313422E-002   2.3909407085554252E-002   9.1251041066545238        3.4003308682718097E-004  -4.6805440514007448E-003  -2.4973874704334459E-003  -6.7209984389958007E-007   9.0483376919976717E-006   1.3615884316546480E-008  -1.7524450009670585E-003  -2.2869148109169179E-004   3.2348744644387765E-003  -3.3555146748191684E-007   9.5161807395831954E-010  -2.3028692208973819E-003
 paw_ij%dijhartree   4.7896075594051142E-004  -4.8712407337842458E-003   6.4326800446274437E-002  -1.0934260631685326E-005   1.0856061310083234E-004   6.7902999110286011E-007   4.5210303243737449E-008  -4.4944695348305993E-007  -1.2040787511373105E-010   6.5403292802860062E-007  -3.2977895942509949E-007   3.2735087758152847E-006   8.8901048801019194E-010  -2.4853382932928486E-012   6.5234826313972511E-007
 paw_an%has_kxc           0
 paw_an%has_k3xc           0
 paw_an%has_vhartree           0
 paw_an%has_vxc           2
 paw_an%has_vxcval           0
 paw_an%has_vxc_ex           0
 paw_an%nkxc1           0
 paw_an%nk3xc1           0
 paw_ij%hasdij           2
 paw_ij%hasdij0           0
 paw_ij%hasdijexxc           0
 paw_ij%hasdijhartree           2
 paw_ij%hasdijhat           0
 paw_ij%hasdijxc           0
 paw_ij%hasdijxc_hat           0
 paw_ij%hasdijxc_val           0
 paw_ij%dij  -4.7373898675477338E-002   2.3901221298278708E-002   9.1251616667626774        3.4002759166486810E-004  -4.6804755909936359E-003  -2.4972638627485662E-003  -6.7205805508998432E-007   9.0477824570961588E-006   1.3614232766309447E-008  -1.7523282298864814E-003  -2.2867777184570941E-004   3.2346849778602800E-003  -3.3612017818682464E-007   9.5189259157438906E-010  -2.3027505325923835E-003
 paw_ij%dijhartree   4.7901546686931871E-004  -4.8717985698802004E-003   6.4334186142797636E-002  -1.0935724649101998E-005   1.0857517071417431E-004   6.7903280388369101E-007   4.5215675238574140E-008  -4.4950034905057839E-007  -1.2042456977884419E-010   6.5403109482513401E-007  -3.3085323154325088E-007   3.2841570925983378E-006   8.9167933991179031E-010  -2.4971710582702646E-012   6.5234692005565106E-007
 paw_an%has_kxc           0
 paw_an%has_k3xc           0
 paw_an%has_vhartree           0
 paw_an%has_vxc           2
 paw_an%has_vxcval           0
 paw_an%has_vxc_ex           0
 paw_an%nkxc1           0
 paw_an%nk3xc1           0
 paw_ij%hasdij           2
 paw_ij%hasdij0           0
 paw_ij%hasdijexxc           0
 paw_ij%hasdijhartree           2
 paw_ij%hasdijhat           0
 paw_ij%hasdijxc           0
 paw_ij%hasdijxc_hat           0
 paw_ij%hasdijxc_val           0
 paw_ij%dij  -4.7374361482086916E-002   2.3906200854316301E-002   9.1251260513602013        3.4003143952247524E-004  -4.6805253492949884E-003  -2.4973362365861918E-003  -6.7208382112647722E-007   9.0481264546778740E-006   1.3615138180503420E-008  -1.7523970005372067E-003  -2.2868633357156720E-004   3.2348197327576470E-003  -3.3520650624268174E-007   9.5299428685865622E-010  -2.3028168485779077E-003
 paw_ij%dijhartree   4.7901782949005204E-004  -4.8718191610791712E-003   6.4334410658521662E-002  -1.0935754752480132E-005   1.0857541786525593E-004   6.7921981184209365E-007   4.5217138101483783E-008  -4.4951464568955223E-007  -1.2042805619475777E-010   6.5421800126375822E-007  -3.2821900576198793E-007   3.2580555883623675E-006   8.8561131325476923E-010  -2.4682368886343419E-012   6.5253336419011020E-007
 paw_an%has_kxc           0
 paw_an%has_k3xc           0
 paw_an%has_vhartree           0
 paw_an%has_vxc           2
 paw_an%has_vxcval           0
 paw_an%has_vxc_ex           0
 paw_an%nkxc1           0
 paw_an%nk3xc1           0
 paw_ij%hasdij           2
 paw_ij%hasdij0           0
 paw_ij%hasdijexxc           0
 paw_ij%hasdijhartree           2
 paw_ij%hasdijhat           0
 paw_ij%hasdijxc           0
 paw_ij%hasdijxc_hat           0
 paw_ij%hasdijxc_val           0
 paw_ij%dij  -4.7373891131562838E-002   2.3900700697222055E-002   9.1251682970153567        3.4002574964089546E-004  -4.6804473137016089E-003  -2.4972707067668900E-003  -6.7210752276841724E-007   9.0484547009253516E-006   1.3615566578292728E-008  -1.7523329698713314E-003  -2.2857106943259005E-004   3.2331554129373156E-003  -3.4218696451252478E-007   9.4907584221352361E-010  -2.3027815514631371E-003
 paw_ij%dijhartree   4.7907242676630576E-004  -4.8723761178037436E-003   6.4341788650909670E-002  -1.0937204492858577E-005   1.0858984048794500E-004   6.7920804704027500E-007   4.5222322113392595E-008  -4.4956620129665826E-007  -1.2044409276831328E-010   6.5420164021159660E-007  -3.2825624316534960E-007   3.2584259186173767E-006   8.8572158054337052E-010  -2.4685611886176208E-012   6.5251732512285372E-007
 paw_an%has_kxc           0
 paw_an%has_k3xc           0
 paw_an%has_vhartree           0
 paw_an%has_vxc           2
 paw_an%has_vxcval           0
 paw_an%has_vxc_ex           0
 paw_an%nkxc1           0
 paw_an%nk3xc1           0
 paw_ij%hasdij           2
 paw_ij%hasdij0           0
 paw_ij%hasdijexxc           0
 paw_ij%hasdijhartree           2
 paw_ij%hasdijhat           0
 paw_ij%hasdijxc           0
 paw_ij%hasdijxc_hat           0
 paw_ij%hasdijxc_val           0
 paw_ij%dij  -4.7374277471879347E-002   2.3904798700139590E-002   9.1251394681478164        3.4002856374611400E-004  -4.6804825438445203E-003  -2.4973326111392136E-003  -6.7213032192379676E-007   9.0487583598390547E-006   1.3616425234002526E-008  -1.7523914574036862E-003  -2.2857419691724504E-004   3.2331996861004247E-003  -3.4201278150115907E-007   9.4906871085128936E-010  -2.3028412837609322E-003
 paw_ij%dijhartree   4.7896323225489945E-004  -4.8712622151275741E-003   6.4327032951555910E-002  -1.0934305135418301E-005   1.0856099663207422E-004   6.7923102586103577E-007   4.5211953979720556E-008  -4.4946308965878669E-007  -1.2041202050034589E-010   6.5423381084165837E-007  -3.2818171003425764E-007   3.2576846848830328E-006   8.8550090096603867E-010  -2.4679119237133828E-012   6.5254885183889610E-007
 paw_an%has_kxc           0
 paw_an%has_k3xc           0
 paw_an%has_vhartree           0
 paw_an%has_vxc           2
 paw_an%has_vxcval           0
 paw_an%has_vxc_ex           0
 paw_an%nkxc1           0
 paw_an%nk3xc1           0
 paw_ij%hasdij           2
 paw_ij%hasdij0           0
 paw_ij%hasdijexxc           0
 paw_ij%hasdijhartree           2
 paw_ij%hasdijhat           0
 paw_ij%hasdijxc           0
 paw_ij%hasdijxc_hat           0
 paw_ij%hasdijxc_val           0
 paw_ij%dij  -4.7373504946474826E-002   2.3896601721809213E-002   9.1251971098783322        3.4002293736533243E-004  -4.6804121015978960E-003  -2.4972090715127361E-003  -6.7208469437873898E-007   9.0481506007827808E-006   1.3614706034941357E-008  -1.7522747489277517E-003  -2.2856794428222522E-004   3.2331111721941798E-003  -3.4236106781837603E-007   9.4908412201614288E-010  -2.3027220874126189E-003
 paw_ij%dijhartree   4.7901788566527298E-004  -4.8718196448936657E-003   6.4334415837477496E-002  -1.0935755432184992E-005   1.0857542323216514E-004   6.7922454576734249E-007   4.5217148021630159E-008  -4.4951473828223370E-007  -1.2042807547371282E-010   6.5422273469516895E-007  -3.2821945740769077E-007   3.2580600284812931E-006   8.8561253843778488E-010  -2.4682422627082477E-012   6.5253809746268298E-007
 paw_an%has_kxc           0
 paw_an%has_k3xc           0
 paw_an%has_vhartree           0
 paw_an%has_vxc           2
 paw_an%has_vxcval           0
 paw_an%has_vxc_ex           0
 paw_an%nkxc1           0
 paw_an%nk3xc1           0
 paw_ij%hasdij           2
 paw_ij%hasdij0           0
 paw_ij%hasdijexxc           0
 paw_ij%hasdijhartree           2
 paw_ij%hasdijhat           0
 paw_ij%hasdijxc           0
 paw_ij%hasdijxc_hat           0
 paw_ij%hasdijxc_val           0
 paw_ij%dij  -4.7373891131234358E-002   2.3900698193890457E-002   9.1251683070556577        3.4002573301561271E-004  -4.6804471384316766E-003  -2.4972708141465941E-003  -6.7210760947236101E-007   9.0484560785180309E-006   1.3615561068928644E-008  -1.7523330932808314E-003  -2.2857106629120072E-004   3.2331553719312702E-003  -3.4218675105711865E-007   9.4907280051640304E-010  -2.3027816622204480E-003
 paw_ij%dijhartree   4.7901537881248459E-004  -4.8717978119794877E-003   6.4334178039417975E-002  -1.0935723327402555E-005   1.0857515981189936E-004   6.7902536091433825E-007   4.5215651262091036E-008  -4.4950012041295943E-007  -1.2042451421079511E-010   6.5402365380681841E-007  -3.3083074143657067E-007   3.2839343707545039E-006   8.9162301827717115E-010  -2.4969172977467171E-012   6.5233947618634220E-007
 paw_an%has_kxc           0
 paw_an%has_k3xc           0
 paw_an%has_vhartree           0
 paw_an%has_vxc           2
 paw_an%has_vxcval           0
 paw_an%has_vxc_ex           0
 paw_an%nkxc1           0
 paw_an%nk3xc1           0
 paw_ij%hasdij           2
 paw_ij%hasdij0           0
 paw_ij%hasdijexxc           0
 paw_ij%hasdijhartree           2
 paw_ij%hasdijhat           0
 paw_ij%hasdijxc           0
 paw_ij%hasdijxc_hat           0
 paw_ij%hasdijxc_val           0
 paw_ij%dij  -4.7374361446301527E-002   2.3906204845031725E-002   9.1251260399697767        3.4003145768476332E-004  -4.6805255175900156E-003  -2.4973360332111974E-003  -6.7208349191185472E-007   9.0481216619495040E-006   1.3615137953180021E-008  -1.7523967771282218E-003  -2.2868690391801723E-004   3.2348274842182896E-003  -3.3518812600755024E-007   9.5297897443460678E-010  -2.3028165858711641E-003
 paw_ij%dijhartree   4.7907025029508463E-004  -4.8723570190004660E-003   6.4341578187339113E-002  -1.0937195171579169E-005   1.0858979006901265E-004   6.7904225597975650E-007   4.5221204973264584E-008  -4.4955529911787221E-007  -1.2044174059969622E-010   6.5403587361431807E-007  -3.3217177438359096E-007   3.2972269288149493E-006   8.9498109279028911E-010  -2.5117337649281297E-012   6.5235223475518889E-007
 paw_an%has_kxc           0
 paw_an%has_k3xc           0
 paw_an%has_vhartree           0
 paw_an%has_vxc           2
 paw_an%has_vxcval           0
 paw_an%has_vxc_ex           0
 paw_an%nkxc1           0
 paw_an%nk3xc1           0
 paw_ij%hasdij           2
 paw_ij%hasdij0           0
 paw_ij%hasdijexxc           0
 paw_ij%hasdijhartree           2
 paw_ij%hasdijhat           0
 paw_ij%hasdijxc           0
 paw_ij%hasdijxc_hat           0
 paw_ij%hasdijxc_val           0
 paw_ij%dij  -4.7374823650204519E-002   2.3911169003785621E-002   9.1250905192540888        3.4003536179005216E-004  -4.6805761300879774E-003  -2.4974085008641353E-003  -6.7211222225514990E-007   9.0485061118203409E-006   1.3616100933685200E-008  -1.7524656449995862E-003  -2.2868916483307717E-004   3.2348766829663859E-003  -3.3447144959474664E-007   9.5428987619915503E-010  -2.3028835379725497E-003
 paw_ij%dijhartree   4.7896123363080228E-004  -4.8712445948655937E-003   6.4326837432248152E-002  -1.0934299654817473E-005   1.0856097866124502E-004   6.7908301123068411E-007   4.5210949153904782E-008  -4.4945327903635410E-007  -1.2040996502712359E-010   6.5408581178712728E-007  -3.3226782203203022E-007   3.2981754423245336E-006   8.9519293195722618E-010  -2.5130104951838385E-012   6.5240155720584989E-007
 paw_an%has_kxc           0
 paw_an%has_k3xc           0
 paw_an%has_vhartree           0
 paw_an%has_vxc           2
 paw_an%has_vxcval           0
 paw_an%has_vxc_ex           0
 paw_an%nkxc1           0
 paw_an%nk3xc1           0
 paw_ij%hasdij           2
 paw_ij%hasdij0           0
 paw_ij%hasdijexxc           0
 paw_ij%hasdijhartree           2
 paw_ij%hasdijhat           0
 paw_ij%hasdijxc           0
 paw_ij%hasdijxc_hat           0
 paw_ij%hasdijxc_val           0
 paw_ij%dij  -4.7374053369419147E-002   2.3902993847397663E-002   9.1251479945337834        3.4002980348646453E-004  -4.6805068246041134E-003  -2.4972850860477307E-003  -6.7206840691599726E-007   9.0479236151233915E-006   1.3614411809988581E-008  -1.7523490569728703E-003  -2.2867846988990664E-004   3.2347277422012858E-003  -3.3496278120734462E-007   9.5445086263386906E-010  -2.3027649055549523E-003
 paw_ij%dijhartree   4.7901627218187071E-004  -4.8718052368528081E-003   6.4334252893275989E-002  -1.0935767619212510E-005   1.0857556667062771E-004   6.7911424026286119E-007   4.5216448079651018E-008  -4.4950789910570051E-007  -1.2042696127696950E-010   6.5411239362811746E-007  -3.3352566956308051E-007   3.3106408910031551E-006   8.9832198051485126E-010  -2.5269486079082322E-012   6.5242865978447859E-007
 paw_an%has_kxc           0
 paw_an%has_k3xc           0
 paw_an%has_vhartree           0
 paw_an%has_vxc           2
 paw_an%has_vxcval           0
 paw_an%has_vxc_ex           0
 paw_an%nkxc1           0
 paw_an%nk3xc1           0
 paw_ij%hasdij           2
 paw_ij%hasdij0           0
 paw_ij%hasdijexxc           0
 paw_ij%hasdijhartree           2
 paw_ij%hasdijhat           0
 paw_ij%hasdijxc           0
 paw_ij%hasdijxc_hat           0
 paw_ij%hasdijxc_val           0
 paw_ij%dij  -4.7374514608141398E-002   2.3907946530240420E-002   9.1251125748126700        3.4003356479468379E-004  -4.6805556854418720E-003  -2.4973571729329800E-003  -6.7209617786083915E-007   9.0482961467712536E-006   1.3615348993483733E-008  -1.7524175726152309E-003  -2.2868074524983712E-004   3.2347763176685455E-003  -3.3428023886986754E-007   9.5572037706292910E-010  -2.3028317351594862E-003
 paw_ij%dijhartree   4.7901782357101107E-004  -4.8718191075712639E-003   6.4334410044415924E-002  -1.0935754672428041E-005   1.0857541717521309E-004   6.7921944749237763E-007   4.5217137843448001E-008  -4.4951464355504869E-007  -1.2042805587750485E-010   6.5421763702760612E-007  -3.2821896105985876E-007   3.2580551484017250E-006   8.8561119976755364E-010  -2.4682364286902845E-012   6.5253299994196719E-007
 paw_an%has_kxc           0
 paw_an%has_k3xc           0
 paw_an%has_vhartree           0
 paw_an%has_vxc           2
 paw_an%has_vxcval           0
 paw_an%has_vxc_ex           0
 paw_an%nkxc1           0
 paw_an%nk3xc1           0
 paw_ij%hasdij           2
 paw_ij%hasdij0           0
 paw_ij%hasdijexxc           0
 paw_ij%hasdijhartree           2
 paw_ij%hasdijhat           0
 paw_ij%hasdijxc           0
 paw_ij%hasdijxc_hat           0
 paw_ij%hasdijxc_val           0
 paw_ij%dij  -4.7373891216183919E-002   2.3900699427024663E-002   9.1251682865505650        3.4002575046747884E-004  -4.6804473205512894E-003  -2.4972709207065338E-003  -6.7210749853066400E-007   9.0484543366607113E-006   1.3615564382517638E-008  -1.7523331826976149E-003  -2.2857107080437926E-004   3.2331554319056056E-003  -3.4218692960981565E-007   9.4907680920646687E-010  -2.3027817650189270E-003
 paw_ij%dijhartree   4.7907242238994906E-004  -4.8723760777662608E-003   6.4341788183948437E-002  -1.0937204453006068E-005   1.0858984016029481E-004   6.7920780288663769E-007   4.5222322413705228E-008  -4.4956620454906768E-007  -1.2044409391178835E-010   6.5420139603556914E-007  -3.2825621262238115E-007   3.2584256180121820E-006   8.8572150549712159E-010  -2.4685609339002920E-012   6.5251708094305675E-007
 paw_an%has_kxc           0
 paw_an%has_k3xc           0
 paw_an%has_vhartree           0
 paw_an%has_vxc           2
 paw_an%has_vxcval           0
 paw_an%has_vxc_ex           0
 paw_an%nkxc1           0
 paw_an%nk3xc1           0
 paw_ij%hasdij           2
 paw_ij%hasdij0           0
 paw_ij%hasdijexxc           0
 paw_ij%hasdijhartree           2
 paw_ij%hasdijhat           0
 paw_ij%hasdijxc           0
 paw_ij%hasdijxc_hat           0
 paw_ij%hasdijxc_val           0
 paw_ij%dij  -4.7374277538678802E-002   2.3904798556442453E-002   9.1251394687797305        3.4002856484750788E-004  -4.6804825557819132E-003  -2.4973326691534129E-003  -6.7213030204072196E-007   9.0487580572928789E-006   1.3616422749553312E-008  -1.7523915145978579E-003  -2.2857419793593164E-004   3.2331997002037244E-003  -3.4201274320240114E-007   9.4906955019730075E-010  -2.3028413414830371E-003
 paw_ij%dijhartree   4.7896322842441713E-004  -4.8712621799500855E-003   6.4327032539204992E-002  -1.0934305104893497E-005   1.0856099638601533E-004   6.7923081927323936E-007   4.5211954384908573E-008  -4.4946309390582286E-007  -1.2041202188750436E-010   6.5423360421113371E-007  -3.2818168515254506E-007   3.2576844400630405E-006   8.8550084051373097E-010  -2.4679117363601139E-012   6.5254864520648891E-007
 paw_an%has_kxc           0
 paw_an%has_k3xc           0
 paw_an%has_vhartree           0
 paw_an%has_vxc           2
 paw_an%has_vxcval           0
 paw_an%has_vxc_ex           0
 paw_an%nkxc1           0
 paw_an%nk3xc1           0
 paw_ij%hasdij           2
 paw_ij%hasdij0           0
 paw_ij%hasdijexxc           0
 paw_ij%hasdijhartree           2
 paw_ij%hasdijhat           0
 paw_ij%hasdijxc           0
 paw_ij%hasdijxc_hat           0
 paw_ij%hasdijxc_val           0
 paw_ij%dij  -4.7373504931963684E-002   2.3896601871889911E-002   9.1251971111410519        3.4002293844899477E-004  -4.6804121139034449E-003  -2.4972090450275605E-003  -6.7208467577640034E-007   9.0481503180764901E-006   1.3614703555280609E-008  -1.7522747217278219E-003  -2.2856794515724343E-004   3.2331111843200673E-003  -3.4236103087096357E-007   9.4908491982193344E-010  -2.3027220606715300E-003
 paw_ij%dijhartree   4.7901788337048509E-004  -4.8718196232049940E-003   6.4334415573767220E-002  -1.0935755434254518E-005   1.0857542327486473E-004   6.7922445462260572E-007   4.5217148901868618E-008  -4.4951474709758139E-007  -1.2042807804081036E-010   6.5422264341508309E-007  -3.2821944879505394E-007   3.2580599439482808E-006   8.8561252103189485E-010  -2.4682422922254232E-012   6.5253800618756286E-007
 paw_an%has_kxc           0
 paw_an%has_k3xc           0
 paw_an%has_vhartree           0
 paw_an%has_vxc           2
 paw_an%has_vxcval           0
 paw_an%has_vxc_ex           0
 paw_an%nkxc1           0
 paw_an%nk3xc1           0
 paw_ij%hasdij           2
 paw_ij%hasdij0           0
 paw_ij%hasdijexxc           0
 paw_ij%hasdijhartree           2
 paw_ij%hasdijhat           0
 paw_ij%hasdijxc           0
 paw_ij%hasdijxc_hat           0
 paw_ij%hasdijxc_val           0
 paw_ij%dij  -4.7373891244739848E-002   2.3900697058910542E-002   9.1251682974642350        3.4002573422507959E-004  -4.6804471539058298E-003  -2.4972710297432700E-003  -6.7210759408197205E-007   9.0484558428120043E-006   1.3615558320469990E-008  -1.7523333084585985E-003  -2.2857106677166521E-004   3.2331553786354144E-003  -3.4218671390982976E-007   9.4907350577248382E-010  -2.3027818776573993E-003
 paw_ij%dijhartree   4.7901622614399358E-004  -4.8718048316989974E-003   6.4334248406315298E-002  -1.0935769258578140E-005   1.0857558368257796E-004   6.7911079694476231E-007   4.5216486599777626E-008  -4.4950828453881066E-007  -1.2042709367074630E-010   6.5410894010968075E-007  -3.3359013196161772E-007   3.3112804050029650E-006   8.9849124425724519E-010  -2.5276595307337517E-012   6.5242521877423014E-007
 paw_an%has_kxc           0
 paw_an%has_k3xc           0
 paw_an%has_vhartree           0
 paw_an%has_vxc           2
 paw_an%has_vxcval           0
 paw_an%has_vxc_ex           0
 paw_an%nkxc1           0
 paw_an%nk3xc1           0
 paw_ij%hasdij           2
 paw_ij%hasdij0           0
 paw_ij%hasdijexxc           0
 paw_ij%hasdijhartree           2
 paw_ij%hasdijhat           0
 paw_ij%hasdijxc           0
 paw_ij%hasdijxc_hat           0
 paw_ij%hasdijxc_val           0
 paw_ij%dij  -4.7374514701706588E-002   2.3907947919064504E-002   9.1251125622127223        3.4003361584454062E-004  -4.6805563245125885E-003  -2.4973571915094389E-003  -6.7209686016610965E-007   9.0483050777940823E-006   1.3615366967037242E-008  -1.7524175747357686E-003  -2.2867957599473628E-004   3.2347605860512749E-003  -3.3431034266519292E-007   9.5576801326023842E-010  -2.3028318042281025E-003
 paw_ij%dijhartree   4.7907138819172607E-004  -4.8723665382440617E-003   6.4341675265716811E-002  -1.0937240483970811E-005   1.0859020063671588E-004   6.7915235036686081E-007   4.5222076950776521E-008  -4.4956379827823981E-007  -1.2044433775063962E-010   6.5414583753622729E-007  -3.3498587623779061E-007   3.3251117708101339E-006   9.0196883713357200E-010  -2.5431601237050987E-012   6.5246266114189377E-007
 paw_an%has_kxc           0
 paw_an%has_k3xc           0
 paw_an%has_vhartree           0
 paw_an%has_vxc           2
 paw_an%has_vxcval           0
 paw_an%has_vxc_ex           0
 paw_an%nkxc1           0
 paw_an%nk3xc1           0
 paw_ij%hasdij           2
 paw_ij%hasdij0           0
 paw_ij%hasdijexxc           0
 paw_ij%hasdijhartree           2
 paw_ij%hasdijhat           0
 paw_ij%hasdijxc           0
 paw_ij%hasdijxc_hat           0
 paw_ij%hasdijxc_val           0
 paw_ij%dij  -4.7374975147260120E-002   2.3912885091915026E-002   9.1250772428061460        3.4003736941926402E-004  -4.6806051625316479E-003  -2.4974293098007829E-003  -6.7212613539503460E-007   9.0486983717228397E-006   1.3616334723114884E-008  -1.7524861207688014E-003  -2.2867777026989647E-004   3.2347533939818397E-003  -3.3376975615865564E-007   9.5715532016181748E-010  -2.3028991214471316E-003
 paw_ij%dijhartree   4.7896222456915021E-004  -4.8712528689274772E-003   6.4326921550171265E-002  -1.0934335288128964E-005   1.0856129806973703E-004   6.7917972161625969E-007   4.5211625681994729E-008  -4.4945985891224502E-007  -1.2041197200900285E-010   6.5418243125364637E-007  -3.3479803585090053E-007   3.3232453154956210E-006   9.0144404785297620E-010  -2.5412901039454080E-012   6.5249858775456740E-007
 paw_an%has_kxc           0
 paw_an%has_k3xc           0
 paw_an%has_vhartree           0
 paw_an%has_vxc           2
 paw_an%has_vxcval           0
 paw_an%has_vxc_ex           0
 paw_an%nkxc1           0
 paw_an%nk3xc1           0
 paw_ij%hasdij           2
 paw_ij%hasdij0           0
 paw_ij%hasdijexxc           0
 paw_ij%hasdijhartree           2
 paw_ij%hasdijhat           0
 paw_ij%hasdijxc           0
 paw_ij%hasdijxc_hat           0
 paw_ij%hasdijxc_val           0
 paw_ij%dij  -4.7374205415708956E-002   2.3904723274742801E-002   9.1251346333396004        3.4003172654970839E-004  -4.6805346342730543E-003  -2.4973058178743915E-003  -6.7207918533210846E-007   9.0480732938847118E-006   1.3614589432455577E-008  -1.7523694323892413E-003  -2.2867257152361361E-004   3.2346785249979877E-003  -3.3410854913250697E-007   9.5710473751241143E-010  -2.3027800892500990E-003
 paw_ij%dijhartree   4.7901733587913428E-004  -4.8718141723690907E-003   6.4334344697855358E-002  -1.0935793181629436E-005   1.0857578589046755E-004   6.7921533412503999E-007   4.5216965182911100E-008  -4.4951289670123801E-007  -1.2042841280066434E-010   6.5421345074884235E-007  -3.3579829274081388E-007   3.3331539919895138E-006   9.0388879294372089E-010  -2.5524380242701384E-012   6.5253007904499169E-007
 paw_an%has_kxc           0
 paw_an%has_k3xc           0
 paw_an%has_vhartree           0
 paw_an%has_vxc           2
 paw_an%has_vxcval           0
 paw_an%has_vxc_ex           0
 paw_an%nkxc1           0
 paw_an%nk3xc1           0
 paw_ij%hasdij           2
 paw_ij%hasdij0           0
 paw_ij%hasdijexxc           0
 paw_ij%hasdijhartree           2
 paw_ij%hasdijhat           0
 paw_ij%hasdijxc           0
 paw_ij%hasdijxc_hat           0
 paw_ij%hasdijxc_val           0
 paw_ij%dij  -4.7374664662087645E-002   2.3909651129923798E-002   9.1250994007601811        3.4003525236867878E-004  -4.6805803947809182E-003  -2.4973776556800951E-003  -6.7210438931416466E-007   9.0484119840962491E-006   1.3615477581868295E-008  -1.7524376966636950E-003  -2.2867703474417167E-004   3.2347550138680714E-003  -3.3342213108336268E-007   9.5819710045113765E-010  -2.3028469804197349E-003
 paw_ij%dijhartree   4.7901782142142641E-004  -4.8718190871519925E-003   6.4334409794595676E-002  -1.0935754679085034E-005   1.0857541726001442E-004   6.7921936757884987E-007   4.5217138775834201E-008  -4.4951465287347376E-007  -1.2042805858988601E-010   6.5421755696107108E-007  -3.2821895320423518E-007   3.2580550712824249E-006   8.8561118456866606E-010  -2.4682364713905420E-012   6.5253291988128948E-007
 paw_an%has_kxc           0
 paw_an%has_k3xc           0
 paw_an%has_vhartree           0
 paw_an%has_vxc           2
 paw_an%has_vxcval           0
 paw_an%has_vxc_ex           0
 paw_an%nkxc1           0
 paw_an%nk3xc1           0
 paw_ij%hasdij           2
 paw_ij%hasdij0           0
 paw_ij%hasdijexxc           0
 paw_ij%hasdijhartree           2
 paw_ij%hasdijhat           0
 paw_ij%hasdijxc           0
 paw_ij%hasdijxc_hat           0
 paw_ij%hasdijxc_val           0
 paw_ij%dij  -4.7373891259608308E-002   2.3900699390803054E-002   9.1251682882291920        3.4002575173687694E-004  -4.6804473365334789E-003  -2.4972709458018385E-003  -6.7210748392406660E-007   9.0484541101995292E-006   1.3615561643680042E-008  -1.7523332073978977E-003  -2.2857107126037090E-004   3.2331554382810201E-003  -3.4218689203323574E-007   9.4907749296511036E-010  -2.3027817899595867E-003
 paw_ij%dijhartree   4.7907242226036733E-004  -4.8723760751537429E-003   6.4341788131384581E-002  -1.0937204500505836E-005   1.0858984060608288E-004   6.7920787142259486E-007   4.5222323912697615E-008  -4.4956621930388600E-007  -1.2044409801459984E-010   6.5420146430786062E-007  -3.2825622581884535E-007   3.2584257482991414E-006   8.8572154566986459E-010  -2.4685612504929718E-012   6.5251714922982540E-007
 paw_an%has_kxc           0
 paw_an%has_k3xc           0
 paw_an%has_vhartree           0
 paw_an%has_vxc           2
 paw_an%has_vxcval           0
 paw_an%has_vxc_ex           0
 paw_an%nkxc1           0
 paw_an%nk3xc1           0
 paw_ij%hasdij           2
 paw_ij%hasdij0           0
 paw_ij%hasdijexxc           0
 paw_ij%hasdijhartree           2
 paw_ij%hasdijhat           0
 paw_ij%hasdijxc           0
 paw_ij%hasdijxc_hat           0
 paw_ij%hasdijxc_val           0
 paw_ij%dij  -4.7374277610808209E-002   2.3904797687345936E-002   9.1251394583060375        3.4002856621943178E-004  -4.6804825753282864E-003  -2.4973328375967204E-003  -6.7213029179169689E-007   9.0487578963207843E-006   1.3616419746039777E-008  -1.7523916830365031E-003  -2.2857419787371483E-004   3.2331996994485854E-003  -3.4201270667186796E-007   9.4907010375488624E-010  -2.3028415099016044E-003
 paw_ij%dijhartree   4.7896322817974778E-004  -4.8712621763894364E-003   6.4327032477211207E-002  -1.0934305143921125E-005   1.0856099675167775E-004   6.7923087583326578E-007   4.5211955790088435E-008  -4.4946310774635392E-007  -1.2041202569566525E-010   6.5423366054897554E-007  -3.2818169884910207E-007   3.2576845753863036E-006   8.8550088117697491E-010  -2.4679120472520217E-012   6.5254870155734032E-007
 paw_an%has_kxc           0
 paw_an%has_k3xc           0
 paw_an%has_vhartree           0
 paw_an%has_vxc           2
 paw_an%has_vxcval           0
 paw_an%has_vxc_ex           0
 paw_an%nkxc1           0
 paw_an%nk3xc1           0
 paw_ij%hasdij           2
 paw_ij%hasdij0           0
 paw_ij%hasdijexxc           0
 paw_ij%hasdijhartree           2
 paw_ij%hasdijhat           0
 paw_ij%hasdijxc           0
 paw_ij%hasdijxc_hat           0
 paw_ij%hasdijxc_val           0
 paw_ij%dij  -4.7373504987088186E-002   2.3896601636894971E-002   9.1251971101998848        3.4002293968467387E-004  -4.6804121316569164E-003  -2.4972091021966316E-003  -6.7208466420935335E-007   9.0481501397454802E-006   1.3614700567339945E-008  -1.7522747788723033E-003  -2.2856794509139669E-004   3.2331111835235673E-003  -3.4236099686607543E-007   9.4908551570330396E-010  -2.3027221178121577E-003
 paw_ij%dijhartree   4.7901788436062172E-004  -4.8718196306080583E-003   6.4334415634495490E-002  -1.0935755490221893E-005   1.0857542378317897E-004   6.7922459776229605E-007   4.5217150597359341E-008  -4.4951476371203689E-007  -1.2042808247190071E-010   6.5422278631097977E-007  -3.2821947793893683E-007   3.2580602316130998E-006   8.8561260125149832E-010  -2.4682427900949714E-012   6.5253814910092006E-007
 paw_an%has_kxc           0
 paw_an%has_k3xc           0
 paw_an%has_vhartree           0
 paw_an%has_vxc           2
 paw_an%has_vxcval           0
 paw_an%has_vxc_ex           0
 paw_an%nkxc1           0
 paw_an%nk3xc1           0
 paw_ij%hasdij           2
 paw_ij%hasdij0           0
 paw_ij%hasdijexxc           0
 paw_ij%hasdijhartree           2
 paw_ij%hasdijhat           0
 paw_ij%hasdijxc           0
 paw_ij%hasdijxc_hat           0
 paw_ij%hasdijxc_val           0
 paw_ij%dij  -4.7373891201445639E-002   2.3900697569321422E-002   9.1251682995585615        3.4002573542190820E-004  -4.6804471714867240E-003  -2.4972709478074035E-003  -6.7210758354226813E-007   9.0484556778223291E-006   1.3615555143958584E-008  -1.7523332267308644E-003  -2.2857106634003877E-004   3.2331553728573810E-003  -3.4218668408790239E-007   9.4907409104789487E-010  -2.3027817957683586E-003
 paw_ij%dijhartree   4.7901732442314518E-004  -4.8718140597086785E-003   6.4334343251097811E-002  -1.0935795929101762E-005   1.0857581286375028E-004   6.7921507924179927E-007   4.5217026850415556E-008  -4.4951350754656709E-007  -1.2042860994303885E-010   6.5421318203029782E-007  -3.3590166164350049E-007   3.3341790055662730E-006   9.0415647301851544E-010  -2.5535834788552704E-012   6.5252982938019031E-007
 paw_an%has_kxc           0
 paw_an%has_k3xc           0
 paw_an%has_vhartree           0
 paw_an%has_vxc           2
 paw_an%has_vxcval           0
 paw_an%has_vxc_ex           0
 paw_an%nkxc1           0
 paw_an%nk3xc1           0
 paw_ij%hasdij           2
 paw_ij%hasdij0           0
 paw_ij%hasdijexxc           0
 paw_ij%hasdijhartree           2
 paw_ij%hasdijhat           0
 paw_ij%hasdijxc           0
 paw_ij%hasdijxc_hat           0
 paw_ij%hasdijxc_val           0
 paw_ij%dij  -4.7374664847179213E-002   2.3909651034959761E-002   9.1250993831828939        3.4003531025976540E-004  -4.6805811573448469E-003  -2.4973778237316032E-003  -6.7210543547039383E-007   9.0484259506808213E-006   1.3615501593879114E-008  -1.7524378531056065E-003  -2.2867502983237346E-004   3.2347279970966160E-003  -3.3347769996178210E-007   9.5827815557075966E-010  -2.3028472616797636E-003
 paw_ij%dijhartree   4.7907243638511016E-004  -4.8723753940599288E-003   6.4341767157208490E-002  -1.0937249815880566E-005   1.0859026168427018E-004   6.7924943922659156E-007   4.5222307156489219E-008  -4.4956596138073605E-007  -1.2044484633903124E-010   6.5424296920259592E-007  -3.3681353837198286E-007   3.3432100610999084E-006   9.0636146314700301E-010  -2.5637835713540737E-012   6.5256007137408724E-007
 paw_an%has_kxc           0
 paw_an%has_k3xc           0
 paw_an%has_vhartree           0
 paw_an%has_vxc           2
 paw_an%has_vxcval           0
 paw_an%has_vxc_ex           0
 paw_an%nkxc1           0
 paw_an%nk3xc1           0
 paw_ij%hasdij           2
 paw_ij%hasdij0           0
 paw_ij%hasdijexxc           0
 paw_ij%hasdijhartree           2
 paw_ij%hasdijhat           0
 paw_ij%hasdijxc           0
 paw_ij%hasdijxc_hat           0
 paw_ij%hasdijxc_val           0
 paw_ij%dij  -4.7375122942203807E-002   2.3914566792352293E-002   9.1250642625271237        3.4003874951172008E-004  -4.6806257439848554E-003  -2.4974493371010854E-003  -6.7212973074411733E-007   9.0487525424749387E-006   1.3616377391881253E-008  -1.7525057766005600E-003  -2.2867975559773986E-004   3.2348072119725473E-003  -3.3281386944533089E-007   9.5931483673840546E-010  -2.3029140344516322E-003
 paw_ij%dijhartree   4.7896309900285382E-004  -4.8712602428533439E-003   6.4326997836785665E-002  -1.0934338994160461E-005   1.0856130834382075E-004   6.7926144328138551E-007   4.5211739555353659E-008  -4.4946088828763020E-007  -1.2041215181517963E-010   6.5426421411134928E-007  -3.3642763206860828E-007   3.3393810302227182E-006   9.0533257553930564E-010  -2.5597041900109642E-012   6.5258061429901755E-007
 paw_an%has_kxc           0
 paw_an%has_k3xc           0
 paw_an%has_vhartree           0
 paw_an%has_vxc           2
 paw_an%has_vxcval           0
 paw_an%has_vxc_ex           0
 paw_an%nkxc1           0
 paw_an%nk3xc1           0
 paw_ij%hasdij           2
 paw_ij%hasdij0           0
 paw_ij%hasdijexxc           0
 paw_ij%hasdijhartree           2
 paw_ij%hasdijhat           0
 paw_ij%hasdijxc           0
 paw_ij%hasdijxc_hat           0
 paw_ij%hasdijxc_val           0
 paw_ij%dij  -4.7374353696504910E-002   2.3906416162902761E-002   9.1251215785489403        3.4003309221283405E-004  -4.6805548895108651E-003  -2.4973258583863124E-003  -6.7208096428856843E-007   9.0481023524536174E-006   1.3614601795168447E-008  -1.7523890698319558E-003  -2.2867864151942759E-004   3.2347874086953174E-003  -3.3303058649812257E-007   9.5909411289824126E-010  -2.3027947304849216E-003
 paw_ij%dijhartree   4.7901800435620512E-004  -4.8718198402080658E-003   6.4334403887776295E-002  -1.0935781021844403E-005   1.0857564651699758E-004   6.7927626254719988E-007   4.5216787777187790E-008  -4.4951106774096834E-007  -1.2042768750784744E-010   6.5427450802672240E-007  -3.3691104589894669E-007   3.3441652730832483E-006   9.0643725306934101E-010  -2.5651572168148156E-012   6.5259128556877601E-007
 paw_an%has_kxc           0
 paw_an%has_k3xc           0
 paw_an%has_vhartree           0
 paw_an%has_vxc           2
 paw_an%has_vxcval           0
 paw_an%has_vxc_ex           0
 paw_an%nkxc1           0
 paw_an%nk3xc1           0
 paw_ij%hasdij           2
 paw_ij%hasdij0           0
 paw_ij%hasdijexxc           0
 paw_ij%hasdijhartree           2
 paw_ij%hasdijhat           0
 paw_ij%hasdijxc           0
 paw_ij%hasdijxc_hat           0
 paw_ij%hasdijxc_val           0
 paw_ij%dij  -4.7374810204647476E-002   2.3911319725995472E-002   9.1250865505001979        3.4003637047146687E-004  -4.6805971294223165E-003  -2.4973972317604274E-003  -6.7210158633953445E-007   9.0483788416825123E-006   1.3615409749994945E-008  -1.7524568234968604E-003  -2.2869070616394834E-004   3.2349647070679614E-003  -3.3217659011489056E-007   9.5976510415034975E-010  -2.3028610741335333E-003
 paw_ij%dijhartree   4.7901782266870436E-004  -4.8718190968148273E-003   6.4334409880244567E-002  -1.0935754741204365E-005   1.0857541782361285E-004   6.7921952998612868E-007   4.5217140545611454E-008  -4.4951467020082141E-007  -1.2042806321384115E-010   6.5421771910484386E-007  -3.2821898434514642E-007   3.2580553785860108E-006   8.8561127018136801E-010  -2.4682369972595784E-012   6.5253308204360318E-007
 paw_an%has_kxc           0
 paw_an%has_k3xc           0
 paw_an%has_vhartree           0
 paw_an%has_vxc           2
 paw_an%has_vxcval           0
 paw_an%has_vxc_ex           0
 paw_an%nkxc1           0
 paw_an%nk3xc1           0
 paw_ij%hasdij           2
 paw_ij%hasdij0           0
 paw_ij%hasdijexxc           0
 paw_ij%hasdijhartree           2
 paw_ij%hasdijhat           0
 paw_ij%hasdijxc           0
 paw_ij%hasdijxc_hat           0
 paw_ij%hasdijxc_val           0
 paw_ij%dij  -4.7373891149419388E-002   2.3900700302906613E-002   9.1251682916741181        3.4002575293581622E-004  -4.6804473549590785E-003  -2.4972707814156529E-003  -6.7210747422470767E-007   9.0484539598841510E-006   1.3615558441318311E-008  -1.7523330432730601E-003  -2.2857107077522038E-004   3.2331554317444979E-003  -3.4218686183074982E-007   9.4907804699745038E-010  -2.3027816256404200E-003
 paw_ij%dijhartree   4.7907242472077600E-004  -4.8723760956487132E-003   6.4341788339262004E-002  -1.0937204573533586E-005   1.0858984125430084E-004   6.7920811566551357E-007   4.5222325912561759E-008  -4.4956623881495817E-007  -1.2044410305153407E-010   6.5420170829856585E-007  -3.2825627297807194E-007   3.2584262136294557E-006   8.8572167159864308E-010  -2.4685619616669020E-012   6.5251739324244401E-007
 paw_an%has_kxc           0
 paw_an%has_k3xc           0
 paw_an%has_vhartree           0
 paw_an%has_vxc           2
 paw_an%has_vxcval           0
 paw_an%has_vxc_ex           0
 paw_an%nkxc1           0
 paw_an%nk3xc1           0
 paw_ij%hasdij           2
 paw_ij%hasdij0           0
 paw_ij%hasdijexxc           0
 paw_ij%hasdijhartree           2
 paw_ij%hasdijhat           0
 paw_ij%hasdijxc           0
 paw_ij%hasdijxc_hat           0
 paw_ij%hasdijxc_val           0
 paw_ij%dij  -4.7374277518620979E-002   2.3904798641369768E-002   9.1251394649217161        3.4002856724851501E-004  -4.6804825921799229E-003  -2.4973326608501772E-003  -6.7213028226932920E-007   9.0487577496108848E-006   1.3616416360988858E-008  -1.7523915067830067E-003  -2.2857419701142486E-004   3.2331996877693774E-003  -3.4201268287526029E-007   9.4907067455675829E-010  -2.3028413333010030E-003
 paw_ij%dijhartree   4.7896323005355439E-004  -4.8712621917692059E-003   6.4327032629327707E-002  -1.0934305198420038E-005   1.0856099723008639E-004   6.7923107401518863E-007   4.5211957587765431E-008  -4.4946312531020449E-007  -1.2041203016098191E-010   6.5423385854833336E-007  -3.2818174114142452E-007   3.2576849928500263E-006   8.8550099351147864E-010  -2.4679126866282616E-012   6.5254889957523959E-007
 paw_an%has_kxc           0
 paw_an%has_k3xc           0
 paw_an%has_vhartree           0
 paw_an%has_vxc           2
 paw_an%has_vxcval           0
 paw_an%has_vxc_ex           0
 paw_an%nkxc1           0
 paw_an%nk3xc1           0
 paw_ij%hasdij           2
 paw_ij%hasdij0           0
 paw_ij%hasdijexxc           0
 paw_ij%hasdijhartree           2
 paw_ij%hasdijhat           0
 paw_ij%hasdijxc           0
 paw_ij%hasdijxc_hat           0
 paw_ij%hasdijxc_val           0
 paw_ij%dij  -4.7373504955305262E-002   2.3896601551453317E-002   9.1251971052544221        3.4002294059311131E-004  -4.6804121456103069E-003  -2.4972091124584829E-003  -6.7208465223641357E-007   9.0481499549720884E-006   1.3614697230829596E-008  -1.7522747895093553E-003  -2.2856794435515229E-004   3.2331111736089782E-003  -3.4236097548962696E-007   9.4908617530004374E-010  -2.3027221281796723E-003
 paw_ij%dijhartree   4.7901788658529258E-004  -4.8718196492527613E-003   6.4334415825562305E-002  -1.0935755533827033E-005   1.0857542414948932E-004   6.7922481262640532E-007   4.5217152386332464E-008  -4.4951478117233667E-007  -1.2042808670643345E-010   6.5422300107451362E-007  -3.2821952671745568E-007   3.2580607131692172E-006   8.8561272838803568E-010  -2.4682434911819990E-012   6.5253836388235722E-007
 paw_an%has_kxc           0
 paw_an%has_k3xc           0
 paw_an%has_vhartree           0
 paw_an%has_vxc           2
 paw_an%has_vxcval           0
 paw_an%has_vxc_ex           0
 paw_an%nkxc1           0
 paw_an%nk3xc1           0
 paw_ij%hasdij           2
 paw_ij%hasdij0           0
 paw_ij%hasdijexxc           0
 paw_ij%hasdijhartree           2
 paw_ij%hasdijhat           0
 paw_ij%hasdijxc           0
 paw_ij%hasdijxc_hat           0
 paw_ij%hasdijxc_val           0
 paw_ij%dij  -4.7373891262455101E-002   2.3900697130255083E-002   9.1251682931871727        3.4002573598554842E-004  -4.6804471817296790E-003  -2.4972710531422646E-003  -6.7210756862651588E-007   9.0484554558195033E-006   1.3615551617541520E-008  -1.7523333325106831E-003  -2.2857106546027040E-004   3.2331553609778827E-003  -3.4218666981517224E-007   9.4907487258808259E-010  -2.3027819012412100E-003
 paw_ij%dijhartree   4.7901800126342919E-004  -4.8718198019390780E-003   6.4334403281768135E-002  -1.0935782164071349E-005   1.0857565755533848E-004   6.7927660164410242E-007   4.5216817502216275E-008  -4.4951136165794393E-007  -1.2042778005259326E-010   6.5427484151891571E-007  -3.3697936426987323E-007   3.3448422150833540E-006   9.0661020551414302E-010  -2.5659190783094344E-012   6.5259163141557505E-007
 paw_an%has_kxc           0
 paw_an%has_k3xc           0
 paw_an%has_vhartree           0
 paw_an%has_vxc           2
 paw_an%has_vxcval           0
 paw_an%has_vxc_ex           0
 paw_an%nkxc1           0
 paw_an%nk3xc1           0
 paw_ij%hasdij           2
 paw_ij%hasdij0           0
 paw_ij%hasdijexxc           0
 paw_ij%hasdijhartree           2
 paw_ij%hasdijhat           0
 paw_ij%hasdijxc           0
 paw_ij%hasdijxc_hat           0
 paw_ij%hasdijxc_val           0
 paw_ij%dij  -4.7374810529259591E-002   2.3911320477664672E-002   9.1250865307831557        3.4003640114760303E-004  -4.6805975435023411E-003  -2.4973974404655938E-003  -6.7210210006475110E-007   9.0483857434918044E-006   1.3615423359371635E-008  -1.7524570237516944E-003  -2.2868929500157478E-004   3.2349456904046340E-003  -3.3221897925504876E-007   9.5982861117548982E-010  -2.3028613769134824E-003
 paw_ij%dijhartree   4.7907276347637596E-004  -4.8723782105776197E-003   6.4341797358684866E-002  -1.0937215863496971E-005   1.0858991814951518E-004   6.7927709551936082E-007   4.5221710074483802E-008  -4.4956001747887428E-007  -1.2044284228117164E-010   6.5427084349720541E-007  -3.3720880291542698E-007   3.3471081598237012E-006   9.0705367483711957E-010  -2.5685744908449710E-012   6.5258796438174300E-007
 paw_an%has_kxc           0
 paw_an%has_k3xc           0
 paw_an%has_vhartree           0
 paw_an%has_vxc           2
 paw_an%has_vxcval           0
 paw_an%has_vxc_ex           0
 paw_an%nkxc1           0
 paw_an%nk3xc1           0
 paw_ij%hasdij           2
 paw_ij%hasdij0           0
 paw_ij%hasdijexxc           0
 paw_ij%hasdijhartree           2
 paw_ij%hasdijhat           0
 paw_ij%hasdijxc           0
 paw_ij%hasdijxc_hat           0
 paw_ij%hasdijxc_val           0
 paw_ij%dij  -4.7375265714321560E-002   2.3916211252777958E-002   9.1250515950540745        3.4003956708789947E-004  -4.6806381387667750E-003  -2.4974687494432237E-003  -6.7212030144156192E-007   9.0486292055357018E-006   1.3616193962862385E-008  -1.7525246761863657E-003  -2.2870501747942099E-004   3.2351714559464184E-003  -3.3128851949671703E-007   9.6030045555947906E-010  -2.3029276275512945E-003
 paw_ij%dijhartree   4.7896331675901805E-004  -4.8712621075981104E-003   6.4327017675327183E-002  -1.0934307734304243E-005   1.0856099381703774E-004   6.7928040126909247E-007   4.5211185925442056E-008  -4.4945538445732043E-007  -1.2041031840136992E-010   6.5428337076083385E-007  -3.3684180332327004E-007   3.3434690548896294E-006   9.0608969221175170E-010  -2.5646796018242524E-012   6.5259979466607749E-007
 paw_an%has_kxc           0
 paw_an%has_k3xc           0
 paw_an%has_vhartree           0
 paw_an%has_vxc           2
 paw_an%has_vxcval           0
 paw_an%has_vxc_ex           0
 paw_an%nkxc1           0
 paw_an%nk3xc1           0
 paw_ij%hasdij           2
 paw_ij%hasdij0           0
 paw_ij%hasdijexxc           0
 paw_ij%hasdijhartree           2
 paw_ij%hasdijhat           0
 paw_ij%hasdijxc           0
 paw_ij%hasdijxc_hat           0
 paw_ij%hasdijxc_val           0
 paw_ij%dij  -4.7374496960932946E-002   2.3908068245010322E-002   9.1251088579576969        3.4003400569160568E-004  -4.6805684731258262E-003  -2.4973453197451962E-003  -6.7207231293536094E-007   9.0479888608860518E-006   1.3614436096769941E-008  -1.7524079924868315E-003  -2.2870393862979940E-004   3.2351521331823912E-003  -3.3149194580859075E-007   9.6005812880501170E-010  -2.3028082965733500E-003
 paw_ij%dijhartree   4.7901786704940096E-004  -4.8718187030230824E-003   6.4334392546069749E-002  -1.0935740922288889E-005   1.0857525500388942E-004   6.7926242627923476E-007   4.5216049456094980E-008  -4.4950377410581133E-007  -1.2042534338955851E-010   6.5426089430941907E-007  -3.3689214603933165E-007   3.3439639088868113E-006   9.0609752596346269E-010  -2.5653181031859652E-012   6.5257761878083481E-007
 paw_an%has_kxc           0
 paw_an%has_k3xc           0
 paw_an%has_vhartree           0
 paw_an%has_vxc           2
 paw_an%has_vxcval           0
 paw_an%has_vxc_ex           0
 paw_an%nkxc1           0
 paw_an%nk3xc1           0
 paw_ij%hasdij           2
 paw_ij%hasdij0           0
 paw_ij%hasdijexxc           0
 paw_ij%hasdijhartree           2
 paw_ij%hasdijhat           0
 paw_ij%hasdijxc           0
 paw_ij%hasdijxc_hat           0
 paw_ij%hasdijxc_val           0
 paw_ij%dij  -4.7374950250979674E-002   2.3912942863736575E-002   9.1250740554490228        3.4003718908435165E-004  -4.6806090768172926E-003  -2.4974163272680995E-003  -6.7209018162601341E-007   9.0482267720017679E-006   1.3615203169587113E-008  -1.7524753076009771E-003  -2.2872261564205518E-004   3.2354168656047290E-003  -3.3048367565055955E-007   9.6031089668148191E-010  -2.3028741296372895E-003
 paw_ij%dijhartree   4.7901782505099983E-004  -4.8718191168525037E-003   6.4334410086798216E-002  -1.0935754788381718E-005   1.0857541822200047E-004   6.7921975624625183E-007   4.5217142370972452E-008  -4.4951468800797213E-007  -1.2042806754356025E-010   6.5421794525388299E-007  -3.2821903497853439E-007   3.2580558784271795E-006   8.8561140218329643E-010  -2.4682377211067487E-012   6.5253330821124135E-007
 paw_an%has_kxc           0
 paw_an%has_k3xc           0
 paw_an%has_vhartree           0
 paw_an%has_vxc           2
 paw_an%has_vxcval           0
 paw_an%has_vxc_ex           0
 paw_an%nkxc1           0
 paw_an%nk3xc1           0
 paw_ij%hasdij           2
 paw_ij%hasdij0           0
 paw_ij%hasdijexxc           0
 paw_ij%hasdijhartree           2
 paw_ij%hasdijhat           0
 paw_ij%hasdijxc           0
 paw_ij%hasdijxc_hat           0
 paw_ij%hasdijxc_val           0
 paw_ij%dij  -4.7373891223887701E-002   2.3900699702583211E-002   9.1251682846557358        3.4002575352815500E-004  -4.6804473653258103E-003  -2.4972709077150579E-003  -6.7210745981767970E-007   9.0484537436007745E-006   1.3615554932332463E-008  -1.7523331700446641E-003  -2.2857106985006692E-004   3.2331554192551993E-003  -3.4218684772805941E-007   9.4907881310619541E-010  -2.3027817520841019E-003
 paw_ij%dijhartree   4.7907242700133011E-004  -4.8723761150102074E-003   6.4341788541895970E-002  -1.0937204596227674E-005   1.0858984141674886E-004   6.7920832276637763E-007   4.5222327574224924E-008  -4.4956625502645246E-007  -1.2044410671727561E-010   6.5420191541994642E-007  -3.2825632590239281E-007   3.2584267362665058E-006   8.8572180674050350E-010  -2.4685626870851472E-012   6.5251760037931766E-007
 paw_an%has_kxc           0
 paw_an%has_k3xc           0
 paw_an%has_vhartree           0
 paw_an%has_vxc           2
 paw_an%has_vxcval           0
 paw_an%has_vxc_ex           0
 paw_an%nkxc1           0
 paw_an%nk3xc1           0
 paw_ij%hasdij           2
 paw_ij%hasdij0           0
 paw_ij%hasdijexxc           0
 paw_ij%hasdijhartree           2
 paw_ij%hasdijhat           0
 paw_ij%hasdijxc           0
 paw_ij%hasdijxc_hat           0
 paw_ij%hasdijxc_val           0
 paw_ij%dij  -4.7374277663011354E-002   2.3904797814640444E-002   9.1251394552646197        3.4002856738719715E-004  -4.6804825969469881E-003  -2.4973328707583228E-003  -6.7213026301166605E-007   9.0487574688586652E-006   1.3616412691135921E-008  -1.7523917171452757E-003  -2.2857419604850140E-004   3.2331996747743869E-003  -3.4201267735053897E-007   9.4907162974375117E-010  -2.3028415433586115E-003
 paw_ij%dijhartree   4.7896323173770374E-004  -4.8712622058914795E-003   6.4327032774215309E-002  -1.0934305208250641E-005   1.0856099727827943E-004   6.7923123632285064E-007   4.5211959100918058E-008  -4.4946314010418951E-007  -1.2041203344660666E-010   6.5423402091234573E-007  -3.2818178653235013E-007   3.2576854411969286E-006   8.8550110883140398E-010  -2.4679133182328354E-012   6.5254906195242024E-007
 paw_an%has_kxc           0
 paw_an%has_k3xc           0
 paw_an%has_vhartree           0
 paw_an%has_vxc           2
 paw_an%has_vxcval           0
 paw_an%has_vxc_ex           0
 paw_an%nkxc1           0
 paw_an%nk3xc1           0
 paw_ij%hasdij           2
 paw_ij%hasdij0           0
 paw_ij%hasdijexxc           0
 paw_ij%hasdijhartree           2
 paw_ij%hasdijhat           0
 paw_ij%hasdijxc           0
 paw_ij%hasdijxc_hat           0
 paw_ij%hasdijxc_val           0
 paw_ij%dij  -4.7373504901239316E-002   2.3896602506427250E-002   9.1251971110075196        3.4002294069941012E-004  -4.6804121490567150E-003  -2.4972089675394712E-003  -6.7208463125675033E-007   9.0481496474599279E-006   1.3614693593750440E-008  -1.7522746449228411E-003  -2.2856794356983405E-004   3.2331111630572399E-003  -3.4236096983735620E-007   9.4908720003464585E-010  -2.3027219833684125E-003
 paw_ij%dijhartree   4.7901788779636440E-004  -4.8718196593977858E-003   6.4334415929510488E-002  -1.0935755517925521E-005   1.0857542395682186E-004   6.7922492994640929E-007   4.5217153705671837E-008  -4.4951479410275238E-007  -1.2042808931098976E-010   6.5422311856481970E-007  -3.2821956619449906E-007   3.2580611032295110E-006   8.8561282615495990E-010  -2.4682440358483492E-012   6.5253848138234245E-007
 paw_an%has_kxc           0
 paw_an%has_k3xc           0
 paw_an%has_vhartree           0
 paw_an%has_vxc           2
 paw_an%has_vxcval           0
 paw_an%has_vxc_ex           0
 paw_an%nkxc1           0
 paw_an%nk3xc1           0
 paw_ij%hasdij           2
 paw_ij%hasdij0           0
 paw_ij%hasdijexxc           0
 paw_ij%hasdijhartree           2
 paw_ij%hasdijhat           0
 paw_ij%hasdijxc           0
 paw_ij%hasdijxc_hat           0
 paw_ij%hasdijxc_val           0
 paw_ij%dij  -4.7373891231899896E-002   2.3900697514998848E-002   9.1251682943261265        3.4002573575188009E-004  -4.6804471802588746E-003  -2.4972709951792886E-003  -6.7210754280426237E-007   9.0484550803619681E-006   1.3615547861494953E-008  -1.7523332747773289E-003  -2.2857106481295216E-004   3.2331553523221148E-003  -3.4218666986830963E-007   9.4907610551872508E-010  -2.3027818433573252E-003
 paw_ij%dijhartree   4.7901784011083543E-004  -4.8718184684801644E-003   6.4334389998239414E-002  -1.0935738967757013E-005   1.0857523633460374E-004   6.7926030034516665E-007   4.5216019560421716E-008  -4.4950348076938239E-007  -1.2042524997103658E-010   6.5425877679708097E-007  -3.3687985458505125E-007   3.3438411701310764E-006   9.0605945068094946E-010  -2.5651903259036577E-012   6.5257549877235065E-007
 paw_an%has_kxc           0
 paw_an%has_k3xc           0
 paw_an%has_vhartree           0
 paw_an%has_vxc           2
 paw_an%has_vxcval           0
 paw_an%has_vxc_ex           0
 paw_an%nkxc1           0
 paw_an%nk3xc1           0
 paw_ij%hasdij           2
 paw_ij%hasdij0           0
 paw_ij%hasdijexxc           0
 paw_ij%hasdijhartree           2
 paw_ij%hasdijhat           0
 paw_ij%hasdijxc           0
 paw_ij%hasdijxc_hat           0
 paw_ij%hasdijxc_val           0
 paw_ij%dij  -4.7374950464227988E-002   2.3912945588679124E-002   9.1250740345811590        3.4003717860378894E-004  -4.6806089249842378E-003  -2.4974163596521862E-003  -6.7208972597216977E-007   9.0482206104638827E-006   1.3615198874813494E-008  -1.7524753296018071E-003  -2.2872271558268474E-004   3.2354182195800441E-003  -3.3048558563571307E-007   9.6031931605285140E-010  -2.3028741772777033E-003
 paw_ij%dijhartree   4.7907215983229024E-004  -4.8723731206196672E-003   6.4341744785274366E-002  -1.0937165821372919E-005   1.0858944170184090E-004   6.7922070254396744E-007   4.5220751646079637E-008  -4.4955059467647332E-007  -1.2043990967295516E-010   6.5421469589120081E-007  -3.3667931677125434E-007   3.3418505321041438E-006   9.0542848647637400E-010  -2.5630419343933672E-012   6.5253167383426521E-007
 paw_an%has_kxc           0
 paw_an%has_k3xc           0
 paw_an%has_vhartree           0
 paw_an%has_vxc           2
 paw_an%has_vxcval           0
 paw_an%has_vxc_ex           0
 paw_an%nkxc1           0
 paw_an%nk3xc1           0
 paw_ij%hasdij           2
 paw_ij%hasdij0           0
 paw_ij%hasdijexxc           0
 paw_ij%hasdijhartree           2
 paw_ij%hasdijhat           0
 paw_ij%hasdijxc           0
 paw_ij%hasdijxc_hat           0
 paw_ij%hasdijxc_val           0
 paw_ij%dij  -4.7375401929464121E-002   2.3917808971242571E-002   9.1250393569491521        3.4004030689475706E-004  -4.6806485585697841E-003  -2.4974867845067982E-003  -6.7210561434878374E-007   9.0484309121115186E-006   1.3615939658524443E-008  -1.7525420110297118E-003  -2.2874531011997718E-004   3.2357349046478836E-003  -3.2938736958878123E-007   9.6034793014472846E-010  -2.3029393244519318E-003
 paw_ij%dijhartree   4.7896272631891396E-004  -4.8712570930271011E-003   6.4326965252902685E-002  -1.0934266525246047E-005   1.0856060329275625E-004   6.7922707971528170E-007   4.5210383586738874E-008  -4.4944750256825665E-007  -1.2040789215275792E-010   6.5423025084224230E-007  -3.3651807591185728E-007   3.3402538059964344E-006   9.0500929248851177E-010  -2.5614014035781543E-012   6.5254657108250954E-007
 paw_an%has_kxc           0
 paw_an%has_k3xc           0
 paw_an%has_vhartree           0
 paw_an%has_vxc           2
 paw_an%has_vxcval           0
 paw_an%has_vxc_ex           0
 paw_an%nkxc1           0
 paw_an%nk3xc1           0
 paw_ij%hasdij           2
 paw_ij%hasdij0           0
 paw_ij%hasdijexxc           0
 paw_ij%hasdijhartree           2
 paw_ij%hasdijhat           0
 paw_ij%hasdijxc           0
 paw_ij%hasdijxc_hat           0
 paw_ij%hasdijxc_val           0
 paw_ij%dij  -4.7374633805032255E-002   2.3909671313421532E-002   9.1250965667567492        3.4003490246354391E-004  -4.6805810110705833E-003  -2.4973634784395283E-003  -6.7206017892988787E-007   9.0478247214588532E-006   1.3614230247000513E-008  -1.7524254458895490E-003  -2.2874061973060427E-004   3.2356669295533751E-003  -3.2968619688684974E-007   9.6023655616043332E-010  -2.3028202608752968E-003
 paw_ij%dijhartree   4.7901698367451643E-004  -4.8718111666056496E-003   6.4334313136480484E-002  -1.0935705284618144E-005   1.0857492684680389E-004   6.7918434415175565E-007   4.5215302125158980E-008  -4.4949646452865061E-007  -1.2042318528827710E-010   6.5418296764563336E-007  -3.3647164872597562E-007   3.3397971799252711E-006   9.0480915286425560E-010  -2.5609058763179918E-012   6.5249957587629841E-007
 paw_an%has_kxc           0
 paw_an%has_k3xc           0
 paw_an%has_vhartree           0
 paw_an%has_vxc           2
 paw_an%has_vxcval           0
 paw_an%has_vxc_ex           0
 paw_an%nkxc1           0
 paw_an%nk3xc1           0
 paw_ij%hasdij           2
 paw_ij%hasdij0           0
 paw_ij%hasdijexxc           0
 paw_ij%hasdijhartree           2
 paw_ij%hasdijhat           0
 paw_ij%hasdijxc           0
 paw_ij%hasdijxc_hat           0
 paw_ij%hasdijxc_val           0
 paw_ij%dij  -4.7375083533444488E-002   2.3914514572911910E-002   9.1250620346405427        3.4003820185602471E-004  -4.6806228405747909E-003  -2.4974336718161759E-003  -6.7207916965246516E-007   9.0480760489924805E-006   1.3615029373555578E-008  -1.7524918872897570E-003  -2.2875994290727107E-004   3.2359387063942437E-003  -3.2869317164149678E-007   9.6029825197164201E-010  -2.3028853847984485E-003
 paw_ij%dijhartree   4.7901782625996749E-004  -4.8718191269912130E-003   6.4334410190877073E-002  -1.0935754769704349E-005   1.0857541800215681E-004   6.7921987276746466E-007   4.5217143666946394E-008  -4.4951470070811987E-007  -1.2042807006221034E-010   6.5421806196135624E-007  -3.2821907544933540E-007   3.2580562783402372E-006   8.8561150221987924E-010  -2.4682382737309501E-012   6.5253342492779607E-007
 paw_an%has_kxc           0
 paw_an%has_k3xc           0
 paw_an%has_vhartree           0
 paw_an%has_vxc           2
 paw_an%has_vxcval           0
 paw_an%has_vxc_ex           0
 paw_an%nkxc1           0
 paw_an%nk3xc1           0
 paw_ij%hasdij           2
 paw_ij%hasdij0           0
 paw_ij%hasdijexxc           0
 paw_ij%hasdijhartree           2
 paw_ij%hasdijhat           0
 paw_ij%hasdijxc           0
 paw_ij%hasdijxc_hat           0
 paw_ij%hasdijxc_val           0
 paw_ij%dij  -4.7373891282264394E-002   2.3900699584047030E-002   9.1251682839137107        3.4002575325868311E-004  -4.6804473631635451E-003  -2.4972709587545057E-003  -6.7210743370954209E-007   9.0484533634779411E-006   1.3615551179864753E-008  -1.7523332213146628E-003  -2.2857106918369889E-004   3.2331554103508116E-003  -3.4218684888602608E-007   9.4908005362943713E-010  -2.3027818032032243E-003
 paw_ij%dijhartree   4.7907242725980120E-004  -4.8723761169765139E-003   6.4341788558780560E-002  -1.0937204540761773E-005   1.0858984085711286E-004   6.7920835850878498E-007   4.5222328551284060E-008  -4.4956626466670336E-007  -1.2044410822584734E-010   6.5420195149526387E-007  -3.2825635437320040E-007   3.2584270178765140E-006   8.8572187310439475E-010  -2.4685630766542484E-012   6.5251763645791567E-007
 paw_an%has_kxc           0
 paw_an%has_k3xc           0
 paw_an%has_vhartree           0
 paw_an%has_vxc           2
 paw_an%has_vxcval           0
 paw_an%has_vxc_ex           0
 paw_an%nkxc1           0
 paw_an%nk3xc1           0
 paw_ij%hasdij           2
 paw_ij%hasdij0           0
 paw_ij%hasdijexxc           0
 paw_ij%hasdijhartree           2
 paw_ij%hasdijhat           0
 paw_ij%hasdijxc           0
 paw_ij%hasdijxc_hat           0
 paw_ij%hasdijxc_val           0
 paw_ij%dij  -4.7374277649731150E-002   2.3904798393921317E-002   9.1251394603135410        3.4002856673776027E-004  -4.6804825886908284E-003  -2.4973327864812149E-003  -6.7213023068278295E-007   9.0487569997313461E-006   1.3616408847142632E-008  -1.7523916329002871E-003  -2.2857419566302273E-004   3.2331996697287702E-003  -3.4201268426499550E-007   9.4907313200838005E-010  -2.3028414591004867E-003
 paw_ij%dijhartree   4.7896323181304299E-004  -4.8712622062117260E-003   6.4327032772349427E-002  -1.0934305154726136E-005   1.0856099674119081E-004   6.7923126028456781E-007   4.5211960085917968E-008  -4.4946314983679305E-007  -1.2041203502880974E-010   6.5423404518300863E-007  -3.2818180958186644E-007   3.2576856692000524E-006   8.8550116179937352E-010  -2.4679136524288351E-012   6.5254908622640796E-007
 paw_an%has_kxc           0
 paw_an%has_k3xc           0
 paw_an%has_vhartree           0
 paw_an%has_vxc           2
 paw_an%has_vxcval           0
 paw_an%has_vxc_ex           0
 paw_an%nkxc1           0
 paw_an%nk3xc1           0
 paw_ij%hasdij           2
 paw_ij%hasdij0           0
 paw_ij%hasdijexxc           0
 paw_ij%hasdijhartree           2
 paw_ij%hasdijhat           0
 paw_ij%hasdijxc           0
 paw_ij%hasdijxc_hat           0
 paw_ij%hasdijxc_val           0
