 dijxc
  -9.4884482501300573E-003   9.7092617120935601E-002 -0.75870884430926466       -1.7610976363932027E-004   2.3186304874273098E-003  -1.3470791543809648E-003  -7.2667834742251346E-007   9.6300100701089475E-006  -1.4169240548357467E-008  -1.3441384377386569E-003   5.2880915419483321E-006  -6.9550504458661973E-005   1.0417648939773944E-007   2.9065631058396569E-010  -1.3439402838812523E-003
  -9.4884482501300573E-003   9.7092617120935601E-002 -0.75870884430926466       -1.7610976363932027E-004   2.3186304874273098E-003  -1.3470791543809648E-003  -7.2667834742251346E-007   9.6300100701089475E-006  -1.4169240548357467E-008  -1.3441384377386569E-003   5.2880915419483321E-006  -6.9550504458661973E-005   1.0417648939773944E-007   2.9065631058396569E-010  -1.3439402838812523E-003
 dijxc
  -9.4884482501300573E-003   9.7092617120935601E-002 -0.75870884430926466       -1.7610976363932027E-004   2.3186304874273098E-003  -1.3470791543809648E-003  -7.2667834742251346E-007   9.6300100701089475E-006  -1.4169240548357467E-008  -1.3441384377386569E-003   5.2880915419483321E-006  -6.9550504458661973E-005   1.0417648939773944E-007   2.9065631058396569E-010  -1.3439402838812523E-003
  -9.4884482501300573E-003   9.7092617120935601E-002 -0.75870884430926466       -1.7610976363932027E-004   2.3186304874273098E-003  -1.3470791543809648E-003  -7.2667834742251346E-007   9.6300100701089475E-006  -1.4169240548357467E-008  -1.3441384377386569E-003   5.2880915419483321E-006  -6.9550504458661973E-005   1.0417648939773944E-007   2.9065631058396569E-010  -1.3439402838812523E-003
 dijxc
  -9.4887874974363112E-003   9.7096094649180606E-002 -0.75873599050505425       -1.7611954448195898E-004   2.3187580918103421E-003  -1.3471272271181221E-003  -7.2670599613621445E-007   9.6303605592488319E-006  -1.4170100914531343E-008  -1.3441861829184265E-003   5.2882852395680222E-006  -6.9552998418169064E-005   1.0418192429338597E-007   2.9067348072667846E-010  -1.3439880812885696E-003
  -9.4887874974363112E-003   9.7096094649180606E-002 -0.75873599050505425       -1.7611954448195898E-004   2.3187580918103421E-003  -1.3471272271181221E-003  -7.2670599613621445E-007   9.6303605592488319E-006  -1.4170100914531343E-008  -1.3441861829184265E-003   5.2882852395680222E-006  -6.9552998418169064E-005   1.0418192429338597E-007   2.9067348072667846E-010  -1.3439880812885696E-003
 dijxc
  -9.4881091049766695E-003   9.7089139515901909E-002 -0.75868169975950694       -1.7609998378034376E-004   2.3185028967675882E-003  -1.3470311617380132E-003  -7.2665070009310052E-007   9.6296596020317198E-006  -1.4168380233210586E-008  -1.3440907726181969E-003   5.2878978618838852E-006  -6.9548010758955893E-005   1.0417105505426349E-007   2.9063914132054591E-010  -1.3438925665368274E-003
  -9.4881091049766695E-003   9.7089139515901909E-002 -0.75868169975950694       -1.7609998378034376E-004   2.3185028967675882E-003  -1.3470311617380132E-003  -7.2665070009310052E-007   9.6296596020317198E-006  -1.4168380233210586E-008  -1.3440907726181969E-003   5.2878978618838852E-006  -6.9548010758955893E-005   1.0417105505426349E-007   2.9063914132054591E-010  -1.3438925665368274E-003
 dijxc
  -9.4884486962153528E-003   9.7092619315059178E-002 -0.75870887470305981       -1.7610975912677658E-004   2.3186304836500153E-003  -1.3470793428838760E-003  -7.2667843949835532E-007   9.6300114999491940E-006  -1.4169238143125509E-008  -1.3441386271384359E-003   5.2880989712326664E-006  -6.9550603582476151E-005   1.0417661120726633E-007   2.9065689390609524E-010  -1.3439404733282781E-003
  -9.4884486962153528E-003   9.7092619315059178E-002 -0.75870887470305981       -1.7610975912677658E-004   2.3186304836500153E-003  -1.3470793428838760E-003  -7.2667843949835532E-007   9.6300114999491940E-006  -1.4169238143125509E-008  -1.3441386271384359E-003   5.2880989712326664E-006  -6.9550603582476151E-005   1.0417661120726633E-007   2.9065689390609524E-010  -1.3439404733282781E-003
 dijxc
  -9.4884484234123781E-003   9.7092617213810031E-002 -0.75870885048505721       -1.7610974642175844E-004   2.3186302635649467E-003  -1.3470792615351028E-003  -7.2667832568923400E-007   9.6300097710850193E-006  -1.4169236876322215E-008  -1.3441385458302559E-003   5.2880945092267979E-006  -6.9550562817466240E-005   1.0417654604543857E-007   2.9065409664842777E-010  -1.3439404029158657E-003
  -9.4884484234123781E-003   9.7092617213810031E-002 -0.75870885048505721       -1.7610974642175844E-004   2.3186302635649467E-003  -1.3470792615351028E-003  -7.2667832568923400E-007   9.6300097710850193E-006  -1.4169236876322215E-008  -1.3441385458302559E-003   5.2880945092267979E-006  -6.9550562817466240E-005   1.0417654604543857E-007   2.9065409664842777E-010  -1.3439404029158657E-003
 dijxc
  -9.4887821705669402E-003   9.7096058240390887E-002 -0.75873565351187433       -1.7611932690516515E-004   2.3187545717910092E-003  -1.3471261045427641E-003  -7.2669518276506097E-007   9.6302157177030584E-006  -1.4169929812927225E-008  -1.3441850587044698E-003   5.2845083387292017E-006  -6.9503287359716048E-005   1.0409559256712543E-007   2.9035620703278366E-010  -1.3439869595438584E-003
  -9.4887821705669402E-003   9.7096058240390887E-002 -0.75873565351187433       -1.7611932690516515E-004   2.3187545717910092E-003  -1.3471261045427641E-003  -7.2669518276506097E-007   9.6302157177030584E-006  -1.4169929812927225E-008  -1.3441850587044698E-003   5.2845083387292017E-006  -6.9503287359716048E-005   1.0409559256712543E-007   2.9035620703278366E-010  -1.3439869595438584E-003
 dijxc
  -9.4881037081128144E-003   9.7089103502679464E-002 -0.75868136116569473       -1.7609976736215563E-004   2.3184993903840965E-003  -1.3470299535545979E-003  -7.2663992556436381E-007   9.6295152695359407E-006  -1.4168209931519203E-008  -1.3440895627761097E-003   5.2841768154646531E-006  -6.9499030922761374E-005   1.0408585968891872E-007   2.9032649783175643E-010  -1.3438913596102440E-003
  -9.4881037081128144E-003   9.7089103502679464E-002 -0.75868136116569473       -1.7609976736215563E-004   2.3184993903840965E-003  -1.3470299535545979E-003  -7.2663992556436381E-007   9.6295152695359407E-006  -1.4168209931519203E-008  -1.3440895627761097E-003   5.2841768154646531E-006  -6.9499030922761374E-005   1.0408585968891872E-007   2.9032649783175643E-010  -1.3438913596102440E-003
 dijxc
  -9.4884390700860199E-003   9.7092553622278199E-002 -0.75870825491099769       -1.7610945536719654E-004   2.3186252866400181E-003  -1.3470772317306537E-003  -7.2666024777128180E-007   9.6297674887434200E-006  -1.4168962115825469E-008  -1.3441365103818814E-003   5.2855480840035186E-006  -6.9516608819812181E-005   1.0409863108736095E-007   2.9043048953104847E-010  -1.3439383580142743E-003
  -9.4884390700860199E-003   9.7092553622278199E-002 -0.75870825491099769       -1.7610945536719654E-004   2.3186252866400181E-003  -1.3470772317306537E-003  -7.2666024777128180E-007   9.6297674887434200E-006  -1.4168962115825469E-008  -1.3441365103818814E-003   5.2855480840035186E-006  -6.9516608819812181E-005   1.0409863108736095E-007   2.9043048953104847E-010  -1.3439383580142743E-003
 dijxc
  -9.4884482688956159E-003   9.7092617168967527E-002 -0.75870884249059711       -1.7610976362403345E-004   2.3186304872624373E-003  -1.3470791543108449E-003  -7.2667834629055303E-007   9.6300100553250089E-006  -1.4169240525051838E-008  -1.3441384376688477E-003   5.2880915367759771E-006  -6.9550504392812033E-005   1.0417648929598589E-007   2.9065631000274227E-010  -1.3439402838113575E-003
  -9.4884482688956159E-003   9.7092617168967527E-002 -0.75870884249059711       -1.7610976362403345E-004   2.3186304872624373E-003  -1.3470791543108449E-003  -7.2667834629055303E-007   9.6300100553250089E-006  -1.4169240525051838E-008  -1.3441384376688477E-003   5.2880915367759771E-006  -6.9550504392812033E-005   1.0417648929598589E-007   2.9065631000274227E-010  -1.3439402838113575E-003
 dijxc
  -9.4887874336984993E-003   9.7096094914534747E-002 -0.75873598774668494       -1.7611954431495679E-004   2.3187580877314655E-003  -1.3471271500551431E-003  -7.2670598686129357E-007   9.6303604298741156E-006  -1.4170100872167159E-008  -1.3441861058349060E-003   5.2882849010004532E-006  -6.9552993934197791E-005   1.0418191873685494E-007   2.9067345153386190E-010  -1.3439880042011821E-003
  -9.4887874336984993E-003   9.7096094914534747E-002 -0.75873598774668494       -1.7611954431495679E-004   2.3187580877314655E-003  -1.3471271500551431E-003  -7.2670598686129357E-007   9.6303604298741156E-006  -1.4170100872167159E-008  -1.3441861058349060E-003   5.2882849010004532E-006  -6.9552993934197791E-005   1.0418191873685494E-007   2.9067345153386190E-010  -1.3439880042011821E-003
 dijxc
  -9.4881089981137395E-003   9.7089139876616201E-002 -0.75868169451568701       -1.7609998363903655E-004   2.3185028925633306E-003  -1.3470310400510415E-003  -7.2665069077640292E-007   9.6296594701281917E-006  -1.4168380204922473E-008  -1.3440906509071804E-003   5.2878975259110026E-006  -6.9548006295062201E-005   1.0417104965646564E-007   2.9063911303827824E-010  -1.3438924448217393E-003
  -9.4881089981137395E-003   9.7089139876616201E-002 -0.75868169451568701       -1.7609998363903655E-004   2.3185028925633306E-003  -1.3470310400510415E-003  -7.2665069077640292E-007   9.6296594701281917E-006  -1.4168380204922473E-008  -1.3440906509071804E-003   5.2878975259110026E-006  -6.9548006295062201E-005   1.0417104965646564E-007   2.9063911303827824E-010  -1.3438924448217393E-003
 dijxc
  -9.4884484753549568E-003   9.7092620927319837E-002 -0.75870885686491996       -1.7610975892354795E-004   2.3186304775060450E-003  -1.3470789833404226E-003  -7.2667842433024136E-007   9.6300112866504601E-006  -1.4169238093019434E-008  -1.3441382675562833E-003   5.2880983943262848E-006  -6.9550595935536863E-005   1.0417660182147361E-007   2.9065684640544186E-010  -1.3439401137396295E-003
  -9.4884484753549568E-003   9.7092620927319837E-002 -0.75870885686491996       -1.7610975892354795E-004   2.3186304775060450E-003  -1.3470789833404226E-003  -7.2667842433024136E-007   9.6300112866504601E-006  -1.4169238093019434E-008  -1.3441382675562833E-003   5.2880983943262848E-006  -6.9550595935536863E-005   1.0417660182147361E-007   2.9065684640544186E-010  -1.3439401137396295E-003
 dijxc
  -9.4884384090113787E-003   9.7092547828118062E-002 -0.75870821500197583       -1.7610942298026920E-004   2.3186247662357602E-003  -1.3470772333630909E-003  -7.2665906025202258E-007   9.6297514983212920E-006  -1.4168944485125848E-008  -1.3441365115741319E-003   5.2839334273160862E-006  -6.9495485376961061E-005   1.0406817552760400E-007   2.9029964541841173E-010  -1.3439383569637240E-003
  -9.4884384090113787E-003   9.7092547828118062E-002 -0.75870821500197583       -1.7610942298026920E-004   2.3186247662357602E-003  -1.3470772333630909E-003  -7.2665906025202258E-007   9.6297514983212920E-006  -1.4168944485125848E-008  -1.3441365115741319E-003   5.2839334273160862E-006  -6.9495485376961061E-005   1.0406817552760400E-007   2.9029964541841173E-010  -1.3439383569637240E-003
 dijxc
  -9.4887732761661167E-003   9.7095996712330171E-002 -0.75873508080402485       -1.7611911328224914E-004   2.3187506361415002E-003  -1.3471242166136869E-003  -7.2667923980812876E-007   9.6300016453092713E-006  -1.4169697987652167E-008  -1.3441831634531879E-003   5.2852336370604398E-006  -6.9512133866939406E-005   1.0407992868670238E-007   2.9039814759501572E-010  -1.3439850598254517E-003
  -9.4887732761661167E-003   9.7095996712330171E-002 -0.75873508080402485       -1.7611911328224914E-004   2.3187506361415002E-003  -1.3471242166136869E-003  -7.2667923980812876E-007   9.6300016453092713E-006  -1.4169697987652167E-008  -1.3441831634531879E-003   5.2852336370604398E-006  -6.9512133866939406E-005   1.0407992868670238E-007   2.9039814759501572E-010  -1.3439850598254517E-003
 dijxc
  -9.4880957344414575E-003   9.7089048115251375E-002 -0.75868084315774120       -1.7609964596694731E-004   2.3184967794487627E-003  -1.3470282140700418E-003  -7.2662684379575709E-007   9.6293392781137013E-006  -1.4168029533459981E-008  -1.3440878150574641E-003   5.2891573403537921E-006  -6.9563527093255325E-005   1.0415045737808857E-007   2.9071347121661365E-010  -1.3438896130015844E-003
  -9.4880957344414575E-003   9.7089048115251375E-002 -0.75868084315774120       -1.7609964596694731E-004   2.3184967794487627E-003  -1.3470282140700418E-003  -7.2662684379575709E-007   9.6293392781137013E-006  -1.4168029533459981E-008  -1.3440878150574641E-003   5.2891573403537921E-006  -6.9563527093255325E-005   1.0415045737808857E-007   2.9071347121661365E-010  -1.3438896130015844E-003
 dijxc
  -9.4884330056211903E-003   9.7092509836231591E-002 -0.75870786388545775       -1.7610949030073063E-004   2.3186249421659161E-003  -1.3470759907013052E-003  -7.2665217380857607E-007   9.6296582634824448E-006  -1.4168870071046397E-008  -1.3441352600108984E-003   5.2980205207553567E-006  -6.9679070954240660E-005   1.0430492246230869E-007   2.9142571867426115E-010  -1.3439371191758009E-003
  -9.4884330056211903E-003   9.7092509836231591E-002 -0.75870786388545775       -1.7610949030073063E-004   2.3186249421659161E-003  -1.3470759907013052E-003  -7.2665217380857607E-007   9.6296582634824448E-006  -1.4168870071046397E-008  -1.3441352600108984E-003   5.2980205207553567E-006  -6.9679070954240660E-005   1.0430492246230869E-007   2.9142571867426115E-010  -1.3439371191758009E-003
 dijxc
  -9.4884482363916268E-003   9.7092617134054121E-002 -0.75870883893839014       -1.7610976335772195E-004   2.3186304807187533E-003  -1.3470791231034267E-003  -7.2667833022300379E-007   9.6300098320877020E-006  -1.4169240450217471E-008  -1.3441384064260006E-003   5.2880909295447428E-006  -6.9550496361489084E-005   1.0417647926173334E-007   2.9065625903089204E-010  -1.3439402525619304E-003
  -9.4884482363916268E-003   9.7092617134054121E-002 -0.75870883893839014       -1.7610976335772195E-004   2.3186304807187533E-003  -1.3470791231034267E-003  -7.2667833022300379E-007   9.6300098320877020E-006  -1.4169240450217471E-008  -1.3441384064260006E-003   5.2880909295447428E-006  -6.9550496361489084E-005   1.0417647926173334E-007   2.9065625903089204E-010  -1.3439402525619304E-003
 dijxc
  -9.4887873612458339E-003   9.7096094652262183E-002 -0.75873598268248865       -1.7611954403792571E-004   2.3187580787864177E-003  -1.3471271069864248E-003  -7.2670596506035766E-007   9.6303601220565303E-006  -1.4170100812534008E-008  -1.3441860627081534E-003   5.2882840577363731E-006  -6.9552982750419008E-005   1.0418190506819395E-007   2.9067338253913625E-010  -1.3439879610648777E-003
  -9.4887873612458339E-003   9.7096094652262183E-002 -0.75873598268248865       -1.7611954403792571E-004   2.3187580787864177E-003  -1.3471271069864248E-003  -7.2670596506035766E-007   9.6303601220565303E-006  -1.4170100812534008E-008  -1.3441860627081534E-003   5.2882840577363731E-006  -6.9552982750419008E-005   1.0418190506819395E-007   2.9067338253913625E-010  -1.3439879610648777E-003
 dijxc
  -9.4881091260004321E-003   9.7089138318534968E-002 -0.75868170387067846       -1.7609998342390883E-004   2.3185028854127983E-003  -1.3470313053703072E-003  -7.2665067096957972E-007   9.6296591924213147E-006  -1.4168380135063723E-008  -1.3440909161757254E-003   5.2878967644449476E-006  -6.9547996211723483E-005   1.0417103722916360E-007   2.9063905186154448E-010  -1.3438927100820383E-003
  -9.4881091260004321E-003   9.7089138318534968E-002 -0.75868170387067846       -1.7609998342390883E-004   2.3185028854127983E-003  -1.3470313053703072E-003  -7.2665067096957972E-007   9.6296591924213147E-006  -1.4168380135063723E-008  -1.3440909161757254E-003   5.2878967644449476E-006  -6.9547996211723483E-005   1.0417103722916360E-007   2.9063905186154448E-010  -1.3438927100820383E-003
 dijxc
  -9.4884485823180011E-003   9.7092619611500827E-002 -0.75870886167461848       -1.7610975880754127E-004   2.3186304709121915E-003  -1.3470791923995823E-003  -7.2667840254569427E-007   9.6300109797817227E-006  -1.4169238030601450E-008  -1.3441384765538707E-003   5.2880975459811421E-006  -6.9550584697883775E-005   1.0417658808449166E-007   2.9065678071909192E-010  -1.3439403227281921E-003
  -9.4884485823180011E-003   9.7092619611500827E-002 -0.75870886167461848       -1.7610975880754127E-004   2.3186304709121915E-003  -1.3470791923995823E-003  -7.2667840254569427E-007   9.6300109797817227E-006  -1.4169238030601450E-008  -1.3441384765538707E-003   5.2880975459811421E-006  -6.9550584697883775E-005   1.0417658808449166E-007   2.9065678071909192E-010  -1.3439403227281921E-003
 dijxc
  -9.4884322243662146E-003   9.7092505271924937E-002 -0.75870781405408827       -1.7610946021817171E-004   2.3186244524867200E-003  -1.3470757595958919E-003  -7.2665104609333958E-007   9.6296430638547860E-006  -1.4168853689782227E-008  -1.3441350284112568E-003   5.2964871954196322E-006  -6.9659014910019052E-005   1.0427607643655869E-007   2.9130146675990273E-010  -1.3439368855417684E-003
  -9.4884322243662146E-003   9.7092505271924937E-002 -0.75870781405408827       -1.7610946021817171E-004   2.3186244524867200E-003  -1.3470757595958919E-003  -7.2665104609333958E-007   9.6296430638547860E-006  -1.4168853689782227E-008  -1.3441350284112568E-003   5.2964871954196322E-006  -6.9659014910019052E-005   1.0427607643655869E-007   2.9130146675990273E-010  -1.3439368855417684E-003
 dijxc
  -9.4887701858446648E-003   9.7095970136862012E-002 -0.75873486746182217       -1.7611937589637875E-004   2.3187535962253900E-003  -1.3471237655357025E-003  -7.2667848977553295E-007   9.6299900699672561E-006  -1.4169734948875279E-008  -1.3441827014704429E-003   5.3086609554807967E-006  -6.9817839670744189E-005   1.0449331059403073E-007   2.9228281480300820E-010  -1.3439846245232559E-003
  -9.4887701858446648E-003   9.7095970136862012E-002 -0.75873486746182217       -1.7611937589637875E-004   2.3187535962253900E-003  -1.3471237655357025E-003  -7.2667848977553295E-007   9.6299900699672561E-006  -1.4169734948875279E-008  -1.3441827014704429E-003   5.3086609554807967E-006  -6.9817839670744189E-005   1.0449331059403073E-007   2.9228281480300820E-010  -1.3439846245232559E-003
 dijxc
  -9.4880931265671521E-003   9.7089024378200592E-002 -0.75868065848690147       -1.7609991638633217E-004   2.3184999096800747E-003  -1.3470278837592342E-003  -7.2662675638806510E-007   9.6293367083965521E-006  -1.4168074563620964E-008  -1.3440874746650420E-003   5.3137456700830883E-006  -6.9884358184904463E-005   1.0458519592765477E-007   2.9269316339367345E-010  -1.3438893006213748E-003
  -9.4880931265671521E-003   9.7089024378200592E-002 -0.75868065848690147       -1.7609991638633217E-004   2.3184999096800747E-003  -1.3470278837592342E-003  -7.2662675638806510E-007   9.6293367083965521E-006  -1.4168074563620964E-008  -1.3440874746650420E-003   5.3137456700830883E-006  -6.9884358184904463E-005   1.0458519592765477E-007   2.9269316339367345E-010  -1.3438893006213748E-003
 dijxc
  -9.4884330467117500E-003   9.7092503949497908E-002 -0.75870784209991737       -1.7610988950470853E-004   2.3186300820992418E-003  -1.3470761645063844E-003  -7.2665725873418373E-007   9.6297251134900435E-006  -1.4168997048614190E-008  -1.3441354251227525E-003   5.3306895091471538E-006  -7.0105429977473406E-005   1.0489142792727914E-007   2.9406387988751453E-010  -1.3439373233013004E-003
  -9.4884330467117500E-003   9.7092503949497908E-002 -0.75870784209991737       -1.7610988950470853E-004   2.3186300820992418E-003  -1.3470761645063844E-003  -7.2665725873418373E-007   9.6297251134900435E-006  -1.4168997048614190E-008  -1.3441354251227525E-003   5.3306895091471538E-006  -7.0105429977473406E-005   1.0489142792727914E-007   2.9406387988751453E-010  -1.3439373233013004E-003
 dijxc
  -9.4884481275567794E-003   9.7092616883179800E-002 -0.75870883596052174       -1.7610976324696187E-004   2.3186304733863331E-003  -1.3470790650781629E-003  -7.2667830775227510E-007   9.6300095128811166E-006  -1.4169240409381163E-008  -1.3441383483324628E-003   5.2880900525931180E-006  -6.9550484724924678E-005   1.0417646522121069E-007   2.9065619106186203E-010  -1.3439401944586647E-003
  -9.4884481275567794E-003   9.7092616883179800E-002 -0.75870883596052174       -1.7610976324696187E-004   2.3186304733863331E-003  -1.3470790650781629E-003  -7.2667830775227510E-007   9.6300095128811166E-006  -1.4169240409381163E-008  -1.3441383483324628E-003   5.2880900525931180E-006  -6.9550484724924678E-005   1.0417646522121069E-007   2.9065619106186203E-010  -1.3439401944586647E-003
 dijxc
  -9.4887872396526643E-003   9.7096094908287633E-002 -0.75873597435291495       -1.7611954405203560E-004   2.3187580736213427E-003  -1.3471269738927216E-003  -7.2670594206160187E-007   9.6303597979670066E-006  -1.4170100754278671E-008  -1.3441859295445515E-003   5.2882831622088762E-006  -6.9552970891723545E-005   1.0418189066483662E-007   2.9067331594254808E-010  -1.3439878278920560E-003
  -9.4887872396526643E-003   9.7096094908287633E-002 -0.75873597435291495       -1.7611954405203560E-004   2.3187580736213427E-003  -1.3471269738927216E-003  -7.2670594206160187E-007   9.6303597979670066E-006  -1.4170100754278671E-008  -1.3441859295445515E-003   5.2882831622088762E-006  -6.9552970891723545E-005   1.0418189066483662E-007   2.9067331594254808E-010  -1.3439878278920560E-003
 dijxc
  -9.4881089171012095E-003   9.7089139230441129E-002 -0.75868169035803468       -1.7609998354556114E-004   2.3185028819094041E-003  -1.3470310319659720E-003  -7.2665065088604611E-007   9.6296589074725618E-006  -1.4168380098457523E-008  -1.3440906427048161E-003   5.2878959879917788E-006  -6.9547985918352509E-005   1.0417102488439437E-007   2.9063899594596169E-010  -1.3438924366030779E-003
  -9.4881089171012095E-003   9.7089139230441129E-002 -0.75868169035803468       -1.7609998354556114E-004   2.3185028819094041E-003  -1.3470310319659720E-003  -7.2665065088604611E-007   9.6296589074725618E-006  -1.4168380098457523E-008  -1.3440906427048161E-003   5.2878959879917788E-006  -6.9547985918352509E-005   1.0417102488439437E-007   2.9063899594596169E-010  -1.3438924366030779E-003
 dijxc
  -9.4884484693000416E-003   9.7092619275049710E-002 -0.75870886009312410       -1.7610975908224149E-004   2.3186304704448761E-003  -1.3470791441277810E-003  -7.2667838456649755E-007   9.6300107265268861E-006  -1.4169237989049283E-008  -1.3441384282199286E-003   5.2880968814952088E-006  -6.9550575903999873E-005   1.0417657761374470E-007   2.9065673625271762E-010  -1.3439402743877877E-003
  -9.4884484693000416E-003   9.7092619275049710E-002 -0.75870886009312410       -1.7610975908224149E-004   2.3186304704448761E-003  -1.3470791441277810E-003  -7.2667838456649755E-007   9.6300107265268861E-006  -1.4169237989049283E-008  -1.3441384282199286E-003   5.2880968814952088E-006  -6.9550575903999873E-005   1.0417657761374470E-007   2.9065673625271762E-010  -1.3439402743877877E-003
 dijxc
  -9.4884326305381579E-003   9.7092499254613246E-002 -0.75870781112542085       -1.7610989197600302E-004   2.3186300359967333E-003  -1.3470762336780773E-003  -7.2665697098457971E-007   9.6297210145213967E-006  -1.4168997345320036E-008  -1.3441354931060798E-003   5.3303265460412242E-006  -7.0100703557678218E-005   1.0488485366284504E-007   2.9403416432559800E-010  -1.3439373908537360E-003
  -9.4884326305381579E-003   9.7092499254613246E-002 -0.75870781112542085       -1.7610989197600302E-004   2.3186300359967333E-003  -1.3470762336780773E-003  -7.2665697098457971E-007   9.6297210145213967E-006  -1.4168997345320036E-008  -1.3441354931060798E-003   5.3303265460412242E-006  -7.0100703557678218E-005   1.0488485366284504E-007   2.9403416432559800E-010  -1.3439373908537360E-003
 dijxc
  -9.4887735732632067E-003   9.7095984761509879E-002 -0.75873505529205787       -1.7611994511664865E-004   2.3187613611359852E-003  -1.3471247776957369E-003  -7.2669020834715054E-007   9.6301458520377237E-006  -1.4169968486288744E-008  -1.3441837062883853E-003   5.3515743743227892E-006  -7.0377994681249226E-005   1.0527200260755258E-007   2.9575542884277885E-010  -1.3439856821611089E-003
  -9.4887735732632067E-003   9.7095984761509879E-002 -0.75873505529205787       -1.7611994511664865E-004   2.3187613611359852E-003  -1.3471247776957369E-003  -7.2669020834715054E-007   9.6301458520377237E-006  -1.4169968486288744E-008  -1.3441837062883853E-003   5.3515743743227892E-006  -7.0377994681249226E-005   1.0527200260755258E-007   2.9575542884277885E-010  -1.3439856821611089E-003
 dijxc
  -9.4880961124766770E-003   9.7089038658217247E-002 -0.75868081696825007       -1.7610039733531162E-004   2.3185065029218922E-003  -1.3470285914009869E-003  -7.2663651861498263E-007   9.6294667535947441E-006  -1.4168266630889487E-008  -1.3440881773716191E-003   5.3539536289108313E-006  -7.0409038549432428E-005   1.0531205379097848E-007   2.9594813566222453E-010  -1.3438900523465398E-003
  -9.4880961124766770E-003   9.7089038658217247E-002 -0.75868081696825007       -1.7610039733531162E-004   2.3185065029218922E-003  -1.3470285914009869E-003  -7.2663651861498263E-007   9.6294667535947441E-006  -1.4168266630889487E-008  -1.3440881773716191E-003   5.3539536289108313E-006  -7.0409038549432428E-005   1.0531205379097848E-007   2.9594813566222453E-010  -1.3438900523465398E-003
 dijxc
  -9.4884381912792373E-003   9.7092532496030906E-002 -0.75870813338201348       -1.7611034561913408E-004   2.3186366242237536E-003  -1.3470773565919967E-003  -7.2666869134791603E-007   9.6298783999395256E-006  -1.4169198413842697E-008  -1.3441366175509267E-003   5.3738635228513079E-006  -7.0668602075952687E-005   1.0567216730786739E-007   2.9756577047930610E-010  -1.3439385687108521E-003
  -9.4884381912792373E-003   9.7092532496030906E-002 -0.75870813338201348       -1.7611034561913408E-004   2.3186366242237536E-003  -1.3470773565919967E-003  -7.2666869134791603E-007   9.6298783999395256E-006  -1.4169198413842697E-008  -1.3441366175509267E-003   5.3738635228513079E-006  -7.0668602075952687E-005   1.0567216730786739E-007   2.9756577047930610E-010  -1.3439385687108521E-003
 dijxc
  -9.4884480658153254E-003   9.7092616483014593E-002 -0.75870883382635246       -1.7610976352369978E-004   2.3186304729563068E-003  -1.3470790537004648E-003  -7.2667828954266900E-007   9.6300092566510869E-006  -1.4169240363285302E-008  -1.3441383368926944E-003   5.2880893763950789E-006  -6.9550475778583086E-005   1.0417645452751258E-007   2.9065614584030425E-010  -1.3439401830124026E-003
  -9.4884480658153254E-003   9.7092616483014593E-002 -0.75870883382635246       -1.7610976352369978E-004   2.3186304729563068E-003  -1.3470790537004648E-003  -7.2667828954266900E-007   9.6300092566510869E-006  -1.4169240363285302E-008  -1.3441383368926944E-003   5.2880893763950789E-006  -6.9550475778583086E-005   1.0417645452751258E-007   2.9065614584030425E-010  -1.3439401830124026E-003
 dijxc
  -9.4887874000327624E-003   9.7096093017564250E-002 -0.75873598668951314       -1.7611954453978070E-004   2.3187580775490637E-003  -1.3471272976994944E-003  -7.2670592821483379E-007   9.6303596053308181E-006  -1.4170100705895953E-008  -1.3441862532996723E-003   5.2882827000787751E-006  -6.9552964797426562E-005   1.0418188352762234E-007   2.9067329084399830E-010  -1.3439881516434144E-003
  -9.4887874000327624E-003   9.7096093017564250E-002 -0.75873598668951314       -1.7611954453978070E-004   2.3187580775490637E-003  -1.3471272976994944E-003  -7.2670592821483379E-007   9.6303596053308181E-006  -1.4170100705895953E-008  -1.3441862532996723E-003   5.2882827000787751E-006  -6.9552964797426562E-005   1.0418188352762234E-007   2.9067329084399830E-010  -1.3439881516434144E-003
 dijxc
  -9.4881089524079983E-003   9.7089138544404957E-002 -0.75868169202115854       -1.7609998403979063E-004   2.3185028860430788E-003  -1.3470311244061668E-003  -7.2665063862056942E-007   9.6296587360602763E-006  -1.4168380062324350E-008  -1.3440907350963660E-003   5.2878956153011580E-006  -6.9547980995282352E-005   1.0417101931953907E-007   2.9063897725606815E-010  -1.3438925289914118E-003
  -9.4881089524079983E-003   9.7089138544404957E-002 -0.75868169202115854       -1.7609998403979063E-004   2.3185028860430788E-003  -1.3470311244061668E-003  -7.2665063862056942E-007   9.6296587360602763E-006  -1.4168380062324350E-008  -1.3440907350963660E-003   5.2878956153011580E-006  -6.9547980995282352E-005   1.0417101931953907E-007   2.9063897725606815E-010  -1.3438925289914118E-003
 dijxc
  -9.4884485032622288E-003   9.7092619051710044E-002 -0.75870885824677581       -1.7610975971875923E-004   2.3186304777491791E-003  -1.3470791772445981E-003  -7.2667837632426155E-007   9.6300106132224905E-006  -1.4169237949262636E-008  -1.3441384612996603E-003   5.2880967513537472E-006  -6.9550574191298210E-005   1.0417657613578801E-007   2.9065673705141179E-010  -1.3439403074667631E-003
  -9.4884485032622288E-003   9.7092619051710044E-002 -0.75870885824677581       -1.7610975971875923E-004   2.3186304777491791E-003  -1.3470791772445981E-003  -7.2667837632426155E-007   9.6300106132224905E-006  -1.4169237949262636E-008  -1.3441384612996603E-003   5.2880967513537472E-006  -6.9550574191298210E-005   1.0417657613578801E-007   2.9065673705141179E-010  -1.3439403074667631E-003
 dijxc
  -9.4884377842262679E-003   9.7092530448762746E-002 -0.75870811119030179       -1.7611038367414296E-004   2.3186370732165775E-003  -1.3470771937566194E-003  -7.2666936042372399E-007   9.6298869837364306E-006  -1.4169216906769500E-008  -1.3441364529101166E-003   5.3749035391548599E-006  -7.0682236500774881E-005   1.0569209832951145E-007   2.9764947777995737E-010  -1.3439384055006262E-003
  -9.4884377842262679E-003   9.7092530448762746E-002 -0.75870811119030179       -1.7611038367414296E-004   2.3186370732165775E-003  -1.3470771937566194E-003  -7.2666936042372399E-007   9.6298869837364306E-006  -1.4169216906769500E-008  -1.3441364529101166E-003   5.3749035391548599E-006  -7.0682236500774881E-005   1.0569209832951145E-007   2.9764947777995737E-010  -1.3439384055006262E-003
 dijxc
  -9.4887807348718427E-003   9.7096028813389523E-002 -0.75873547544418640       -1.7612034975643078E-004   2.3187675151289744E-003  -1.3471262421563743E-003  -7.2670286028404378E-007   9.6303164921496953E-006  -1.4170167880482813E-008  -1.3441851773439825E-003   5.3970389463882009E-006  -7.0970768686613527E-005   1.0609307697748584E-007   2.9945048003681181E-010  -1.3439872090916804E-003
  -9.4887807348718427E-003   9.7096028813389523E-002 -0.75873547544418640       -1.7612034975643078E-004   2.3187675151289744E-003  -1.3471262421563743E-003  -7.2670286028404378E-007   9.6303164921496953E-006  -1.4170167880482813E-008  -1.3441851773439825E-003   5.3970389463882009E-006  -7.0970768686613527E-005   1.0609307697748584E-007   2.9945048003681181E-010  -1.3439872090916804E-003
 dijxc
  -9.4881023909252956E-003   9.7089076201777716E-002 -0.75868118979422672       -1.7610068821065486E-004   2.3185110675285315E-003  -1.3470299868437322E-003  -7.2664619791171326E-007   9.6295979455655052E-006  -1.4168409850773654E-008  -1.3440895813174078E-003   5.3948440532164483E-006  -7.0941963886329148E-005   1.0604669445446430E-007   2.9927372874422378E-010  -1.3438915059466329E-003
  -9.4881023909252956E-003   9.7089076201777716E-002 -0.75868118979422672       -1.7610068821065486E-004   2.3185110675285315E-003  -1.3470299868437322E-003  -7.2664619791171326E-007   9.6295979455655052E-006  -1.4168409850773654E-008  -1.3440895813174078E-003   5.3948440532164483E-006  -7.0941963886329148E-005   1.0604669445446430E-007   2.9927372874422378E-010  -1.3438915059466329E-003
 dijxc
  -9.4884448161784360E-003   9.7092575332866374E-002 -0.75870853251120463       -1.7611045837388813E-004   2.3186389411884128E-003  -1.3470786277615448E-003  -7.2667573010354693E-007   9.6299753835520676E-006  -1.4169273328331616E-008  -1.3441379042021179E-003   5.4105998665330544E-006  -7.1146916715168022E-005   1.0632623978160152E-007   3.0056275029377293E-010  -1.3439398992955136E-003
  -9.4884448161784360E-003   9.7092575332866374E-002 -0.75870853251120463       -1.7611045837388813E-004   2.3186389411884128E-003  -1.3470786277615448E-003  -7.2667573010354693E-007   9.6299753835520676E-006  -1.4169273328331616E-008  -1.3441379042021179E-003   5.4105998665330544E-006  -7.1146916715168022E-005   1.0632623978160152E-007   3.0056275029377293E-010  -1.3439398992955136E-003
 dijxc
  -9.4884481508264989E-003   9.7092616028840770E-002 -0.75870883373084297       -1.7610976418104307E-004   2.3186304804946488E-003  -1.3470791474122948E-003  -7.2667828181537663E-007   9.6300091498873748E-006  -1.4169240331420627E-008  -1.3441384305670537E-003   5.2880892609531347E-006  -6.9550474258493354E-005   1.0417645333387853E-007   2.9065614868287894E-010  -1.3439402766861454E-003
  -9.4884481508264989E-003   9.7092616028840770E-002 -0.75870883373084297       -1.7610976418104307E-004   2.3186304804946488E-003  -1.3470791474122948E-003  -7.2667828181537663E-007   9.6300091498873748E-006  -1.4169240331420627E-008  -1.3441384305670537E-003   5.2880892609531347E-006  -6.9550474258493354E-005   1.0417645333387853E-007   2.9065614868287894E-010  -1.3439402766861454E-003
 dijxc
  -9.4887873693176999E-003   9.7096093494197636E-002 -0.75873598085029426       -1.7611954531980122E-004   2.3187580882220028E-003  -1.3471272089416457E-003  -7.2670592586015366E-007   9.6303595752847095E-006  -1.4170100675313674E-008  -1.3441861645201239E-003   5.2882829067591332E-006  -6.9552967533750167E-005   1.0418188778824907E-007   2.9067331896410589E-010  -1.3439880628662248E-003
  -9.4887873693176999E-003   9.7096093494197636E-002 -0.75873598085029426       -1.7611954531980122E-004   2.3187580882220028E-003  -1.3471272089416457E-003  -7.2670592586015366E-007   9.6303595752847095E-006  -1.4170100675313674E-008  -1.3441861645201239E-003   5.2882829067591332E-006  -6.9552967533750167E-005   1.0418188778824907E-007   2.9067331896410589E-010  -1.3439880628662248E-003
 dijxc
  -9.4881089391018990E-003   9.7089138621533386E-002 -0.75868169057958557       -1.7609998472291398E-004   2.3185028952965648E-003  -1.3470311019165558E-003  -7.2665063558689350E-007   9.6296586966299337E-006  -1.4168380020235478E-008  -1.3440907125875326E-003   5.2878958317517634E-006  -6.9547983850778018E-005   1.0417102373116894E-007   2.9063900375993105E-010  -1.3438925064846213E-003
  -9.4881089391018990E-003   9.7089138621533386E-002 -0.75868169057958557       -1.7609998472291398E-004   2.3185028952965648E-003  -1.3470311019165558E-003  -7.2665063558689350E-007   9.6296586966299337E-006  -1.4168380020235478E-008  -1.3440907125875326E-003   5.2878958317517634E-006  -6.9547983850778018E-005   1.0417102373116894E-007   2.9063900375993105E-010  -1.3438925064846213E-003
 dijxc
  -9.4884483170461550E-003   9.7092620291786322E-002 -0.75870885200837812       -1.7610976033055246E-004   2.3186304868967819E-003  -1.3470789230081066E-003  -7.2667837583742217E-007   9.6300106108169746E-006  -1.4169237885601691E-008  -1.3441382070592917E-003   5.2880972133319211E-006  -6.9550580276213930E-005   1.0417658469451107E-007   2.9065677968559236E-010  -1.3439400532300790E-003
  -9.4884483170461550E-003   9.7092620291786322E-002 -0.75870885200837812       -1.7610976033055246E-004   2.3186304868967819E-003  -1.3470789230081066E-003  -7.2667837583742217E-007   9.6300106108169746E-006  -1.4169237885601691E-008  -1.3441382070592917E-003   5.2880972133319211E-006  -6.9550580276213930E-005   1.0417658469451107E-007   2.9065677968559236E-010  -1.3439400532300790E-003
 dijxc
  -9.4884448801965723E-003   9.7092573305188584E-002 -0.75870853320775167       -1.7611050465480156E-004   2.3186395280833313E-003  -1.3470788338752425E-003  -7.2667673195075154E-007   9.6299884646462808E-006  -1.4169296442509293E-008  -1.3441381087036461E-003   5.4122683706938259E-006  -7.1168745127498515E-005   1.0635772434318878E-007   3.0069752030029068E-010  -1.3439401060394282E-003
  -9.4884448801965723E-003   9.7092573305188584E-002 -0.75870853320775167       -1.7611050465480156E-004   2.3186395280833313E-003  -1.3470788338752425E-003  -7.2667673195075154E-007   9.6299884646462808E-006  -1.4169296442509293E-008  -1.3441381087036461E-003   5.4122683706938259E-006  -7.1168745127498515E-005   1.0635772434318878E-007   3.0069752030029068E-010  -1.3439401060394282E-003
 dijxc
  -9.4887872684457936E-003   9.7096072758811131E-002 -0.75873587743509652       -1.7612021060714437E-004   2.3187665619411784E-003  -1.3471274554443735E-003  -7.2670531130556942E-007   9.6303534367140482E-006  -1.4170137152169333E-008  -1.3441864143681921E-003   5.4265989864492817E-006  -7.1354916411091524E-005   1.0660903769822574E-007   3.0187485519085004E-010  -1.3439884801408660E-003
  -9.4887872684457936E-003   9.7096072758811131E-002 -0.75873587743509652       -1.7612021060714437E-004   2.3187665619411784E-003  -1.3471274554443735E-003  -7.2670531130556942E-007   9.6303534367140482E-006  -1.4170137152169333E-008  -1.3441864143681921E-003   5.4265989864492817E-006  -7.1354916411091524E-005   1.0660903769822574E-007   3.0187485519085004E-010  -1.3439884801408660E-003
 dijxc
  -9.4881078371755086E-003   9.7089112507464020E-002 -0.75868152553203783       -1.7610050653635434E-004   2.3185094190597629E-003  -1.3470310181867072E-003  -7.2664697600807995E-007   9.6296123106325092E-006  -1.4168354991808103E-008  -1.3440906355436722E-003   5.4212090165938196E-006  -7.1284450304439289E-005   1.0650354164042762E-007   3.0143879729000073E-010  -1.3438925898971855E-003
  -9.4881078371755086E-003   9.7089112507464020E-002 -0.75868152553203783       -1.7610050653635434E-004   2.3185094190597629E-003  -1.3470310181867072E-003  -7.2664697600807995E-007   9.6296123106325092E-006  -1.4168354991808103E-008  -1.3440906355436722E-003   5.4212090165938196E-006  -7.1284450304439289E-005   1.0650354164042762E-007   3.0143879729000073E-010  -1.3438925898971855E-003
 dijxc
  -9.4884491178922267E-003   9.7092602888507254E-002 -0.75870880728970769       -1.7611008167145206E-004   2.3186345901927865E-003  -1.3470796504407797E-003  -7.2667206542902553E-007   9.6299307774630611E-006  -1.4169132377861778E-008  -1.3441389534915682E-003   5.4286211910130938E-006  -7.1380284996792358E-005   1.0662558325641902E-007   3.0205803373481342E-010  -1.3439409669123335E-003
  -9.4884491178922267E-003   9.7092602888507254E-002 -0.75870880728970769       -1.7611008167145206E-004   2.3186345901927865E-003  -1.3470796504407797E-003  -7.2667206542902553E-007   9.6299307774630611E-006  -1.4169132377861778E-008  -1.3441389534915682E-003   5.4286211910130938E-006  -7.1380284996792358E-005   1.0662558325641902E-007   3.0205803373481342E-010  -1.3439409669123335E-003
 dijxc
  -9.4884481145791882E-003   9.7092616567240983E-002 -0.75870883059737704       -1.7610976479839985E-004   2.3186304906968047E-003  -1.3470790606857788E-003  -7.2667828199329050E-007   9.6300091602468350E-006  -1.4169240245586158E-008  -1.3441383438430874E-003   5.2880897485939064E-006  -6.9550480708822259E-005   1.0417646213935188E-007   2.9065619342774696E-010  -1.3439401899666417E-003
  -9.4884481145791882E-003   9.7092616567240983E-002 -0.75870883059737704       -1.7610976479839985E-004   2.3186304906968047E-003  -1.3470790606857788E-003  -7.2667828199329050E-007   9.6300091602468350E-006  -1.4169240245586158E-008  -1.3441383438430874E-003   5.2880897485939064E-006  -6.9550480708822259E-005   1.0417646213935188E-007   2.9065619342774696E-010  -1.3439401899666417E-003
 dijxc
  -9.4887872998399951E-003   9.7096094271634764E-002 -0.75873597613387223       -1.7611954582298487E-004   2.3187580970779882E-003  -1.3471270709839872E-003  -7.2670592833185583E-007   9.6303596165876454E-006  -1.4170100581557882E-008  -1.3441860265779872E-003   5.2882836481589981E-006  -6.9552977297280552E-005   1.0418190099592373E-007   2.9067337917802670E-010  -1.3439879249297129E-003
  -9.4887872998399951E-003   9.7096094271634764E-002 -0.75873597613387223       -1.7611954582298487E-004   2.3187580970779882E-003  -1.3471270709839872E-003  -7.2670592833185583E-007   9.6303596165876454E-006  -1.4170100581557882E-008  -1.3441860265779872E-003   5.2882836481589981E-006  -6.9552977297280552E-005   1.0418190099592373E-007   2.9067337917802670E-010  -1.3439879249297129E-003
 dijxc
  -9.4881090640599845E-003   9.7089138057765298E-002 -0.75868169541353414       -1.7609998505271603E-004   2.3185029021329895E-003  -1.3470312512940785E-003  -7.2665063571549777E-007   9.6296587084828486E-006  -1.4168379885528636E-008  -1.3440908619846059E-003   5.2878964987838058E-006  -6.9547992646567283E-005   1.0417103549582273E-007   2.9063905580794491E-010  -1.3438926558866653E-003
  -9.4881090640599845E-003   9.7089138057765298E-002 -0.75868169541353414       -1.7609998505271603E-004   2.3185029021329895E-003  -1.3470312512940785E-003  -7.2665063571549777E-007   9.6296587084828486E-006  -1.4168379885528636E-008  -1.3440908619846059E-003   5.2878964987838058E-006  -6.9547992646567283E-005   1.0417103549582273E-007   2.9063905580794491E-010  -1.3438926558866653E-003
 dijxc
  -9.4884484860017874E-003   9.7092619120437901E-002 -0.75870886105398161       -1.7610976040532096E-004   2.3186304903596083E-003  -1.3470791689713108E-003  -7.2667837524603859E-007   9.6300106135331297E-006  -1.4169237712155446E-008  -1.3441384530536826E-003   5.2880979868729889E-006  -6.9550590453906617E-005   1.0417659821081923E-007   2.9065683496732551E-010  -1.3439402992294969E-003
  -9.4884484860017874E-003   9.7092619120437901E-002 -0.75870886105398161       -1.7610976040532096E-004   2.3186304903596083E-003  -1.3470791689713108E-003  -7.2667837524603859E-007   9.6300106135331297E-006  -1.4169237712155446E-008  -1.3441384530536826E-003   5.2880979868729889E-006  -6.9550590453906617E-005   1.0417659821081923E-007   2.9065683496732551E-010  -1.3439402992294969E-003
 dijxc
  -9.4884490671665409E-003   9.7092602966107028E-002 -0.75870879811706038       -1.7611010034083364E-004   2.3186348285943481E-003  -1.3470795573172272E-003  -7.2667254481953169E-007   9.6299370643640976E-006  -1.4169142860114335E-008  -1.3441388597915964E-003   5.4297253997391305E-006  -7.1394676530520259E-005   1.0664592334676469E-007   3.0214766413038324E-010  -1.3439408746712478E-003
  -9.4884490671665409E-003   9.7092602966107028E-002 -0.75870879811706038       -1.7611010034083364E-004   2.3186348285943481E-003  -1.3470795573172272E-003  -7.2667254481953169E-007   9.6299370643640976E-006  -1.4169142860114335E-008  -1.3441388597915964E-003   5.4297253997391305E-006  -7.1394676530520259E-005   1.0664592334676469E-007   3.0214766413038324E-010  -1.3439408746712478E-003
 dijxc
  -9.4887893013429550E-003   9.7096088334820058E-002 -0.75873601872477836       -1.7611958151539991E-004   2.3187586540770484E-003  -1.3471278289804891E-003  -7.2669529509170407E-007   9.6302243299267262E-006  -1.4169878123379069E-008  -1.3441868182881376E-003   5.4330386108039863E-006  -7.1436881481559740E-005   1.0669028161841432E-007   3.0243795700866789E-010  -1.3439888865810913E-003
  -9.4887893013429550E-003   9.7096088334820058E-002 -0.75873601872477836       -1.7611958151539991E-004   2.3187586540770484E-003  -1.3471278289804891E-003  -7.2669529509170407E-007   9.6302243299267262E-006  -1.4169878123379069E-008  -1.3441868182881376E-003   5.4330386108039863E-006  -7.1436881481559740E-005   1.0669028161841432E-007   3.0243795700866789E-010  -1.3439888865810913E-003
 dijxc
  -9.4881092486034935E-003   9.7089122934750777E-002 -0.75868161773276632       -1.7609994906089992E-004   2.3185023480021107E-003  -1.3470312877597464E-003  -7.2663777878718254E-007   9.6294934553857265E-006  -1.4168123667829902E-008  -1.3440909316398105E-003   5.4279486424958220E-006  -7.1370594038419843E-005   1.0659248922706183E-007   3.0202385199397428E-010  -1.3438928889959291E-003
  -9.4881092486034935E-003   9.7089122934750777E-002 -0.75868161773276632       -1.7609994906089992E-004   2.3185023480021107E-003  -1.3470312877597464E-003  -7.2663777878718254E-007   9.6294934553857265E-006  -1.4168123667829902E-008  -1.3440909316398105E-003   5.4279486424958220E-006  -7.1370594038419843E-005   1.0659248922706183E-007   3.0202385199397428E-010  -1.3438928889959291E-003
 dijxc
  -9.4884482733770432E-003   9.7092598819625134E-002 -0.75870875673339078       -1.7610948015760929E-004   2.3186266479447077E-003  -1.3470794101849289E-003  -7.2666030593419112E-007   9.6297768597239605E-006  -1.4168871576982607E-008  -1.3441387362197249E-003   5.4283593757966786E-006  -7.1375326924775310E-005   1.0658574009513359E-007   3.0207722685583476E-010  -1.3439407431826858E-003
  -9.4884482733770432E-003   9.7092598819625134E-002 -0.75870875673339078       -1.7610948015760929E-004   2.3186266479447077E-003  -1.3470794101849289E-003  -7.2666030593419112E-007   9.6297768597239605E-006  -1.4168871576982607E-008  -1.3441387362197249E-003   5.4283593757966786E-006  -7.1375326924775310E-005   1.0658574009513359E-007   3.0207722685583476E-010  -1.3439407431826858E-003
 dijxc
  -9.4884482174001882E-003   9.7092615365019369E-002 -0.75870884379752856       -1.7610976494066583E-004   2.3186304940813565E-003  -1.3470792892571991E-003  -7.2667828213134967E-007   9.6300091684546233E-006  -1.4169240115425778E-008  -1.3441385724381816E-003   5.2880905516289444E-006  -6.9550491242621854E-005   1.0417647643432197E-007   2.9065625154583591E-010  -1.3439404185664333E-003
  -9.4884482174001882E-003   9.7092615365019369E-002 -0.75870884379752856       -1.7610976494066583E-004   2.3186304940813565E-003  -1.3470792892571991E-003  -7.2667828213134967E-007   9.6300091684546233E-006  -1.4169240115425778E-008  -1.3441385724381816E-003   5.2880905516289444E-006  -6.9550491242621854E-005   1.0417647643432197E-007   2.9065625154583591E-010  -1.3439404185664333E-003
 dijxc
  -9.4887872483668170E-003   9.7096094490083107E-002 -0.75873597689147798       -1.7611954556971107E-004   2.3187580959255884E-003  -1.3471270228481087E-003  -7.2670592591880190E-007   9.6303595946176352E-006  -1.4170100365925886E-008  -1.3441859784834934E-003   5.2882844912313760E-006  -6.9552988361113995E-005   1.0418191563963155E-007   2.9067343331837215E-010  -1.3439878768397369E-003
  -9.4887872483668170E-003   9.7096094490083107E-002 -0.75873597689147798       -1.7611954556971107E-004   2.3187580959255884E-003  -1.3471270228481087E-003  -7.2670592591880190E-007   9.6303595946176352E-006  -1.4170100365925886E-008  -1.3441859784834934E-003   5.2882844912313760E-006  -6.9552988361113995E-005   1.0418191563963155E-007   2.9067343331837215E-010  -1.3439878768397369E-003
 dijxc
  -9.4881088604440479E-003   9.7089139612674930E-002 -0.75868168563457516       -1.7609998479374946E-004   2.3185028997723218E-003  -1.3470309397910385E-003  -7.2665063157477382E-007   9.6296586592432259E-006  -1.4168379687766553E-008  -1.3440905505133741E-003   5.2878972254931504E-006  -6.9548002155658267E-005   1.0417104828232661E-007   2.9063910157487859E-010  -1.3438923444187751E-003
  -9.4881088604440479E-003   9.7089139612674930E-002 -0.75868168563457516       -1.7609998479374946E-004   2.3185028997723218E-003  -1.3470309397910385E-003  -7.2665063157477382E-007   9.6296586592432259E-006  -1.4168379687766553E-008  -1.3440905505133741E-003   5.2878972254931504E-006  -6.9548002155658267E-005   1.0417104828232661E-007   2.9063910157487859E-010  -1.3438923444187751E-003
 dijxc
  -9.4884485435875014E-003   9.7092618747761136E-002 -0.75870886491280320       -1.7610975982793866E-004   2.3186304836802017E-003  -1.3470792539452929E-003  -7.2667836791454978E-007   9.6300105223748646E-006  -1.4169237457304062E-008  -1.3441385380668759E-003   5.2880986295211135E-006  -6.9550598852645651E-005   1.0417660932221875E-007   2.9065687046243126E-010  -1.3439403842451314E-003
  -9.4884485435875014E-003   9.7092618747761136E-002 -0.75870886491280320       -1.7610975982793866E-004   2.3186304836802017E-003  -1.3470792539452929E-003  -7.2667836791454978E-007   9.6300105223748646E-006  -1.4169237457304062E-008  -1.3441385380668759E-003   5.2880986295211135E-006  -6.9550598852645651E-005   1.0417660932221875E-007   2.9065687046243126E-010  -1.3439403842451314E-003
 dijxc
  -9.4884480829887981E-003   9.7092597672583658E-002 -0.75870874732802029       -1.7610945628054037E-004   2.3186263152907990E-003  -1.3470793682637246E-003  -7.2665985461658389E-007   9.6297708865374663E-006  -1.4168862730900882E-008  -1.3441386948436478E-003   5.4281638213389893E-006  -7.1372672951925610E-005   1.0658127797786170E-007   3.0206223910787045E-010  -1.3439407014829835E-003
  -9.4884480829887981E-003   9.7092597672583658E-002 -0.75870874732802029       -1.7610945628054037E-004   2.3186263152907990E-003  -1.3470793682637246E-003  -7.2665985461658389E-007   9.6297708865374663E-006  -1.4168862730900882E-008  -1.3441386948436478E-003   5.4281638213389893E-006  -7.1372672951925610E-005   1.0658127797786170E-007   3.0206223910787045E-010  -1.3439407014829835E-003
 dijxc
  -9.4887854217691799E-003   9.7096064919719949E-002 -0.75873578476100234       -1.7611894834755140E-004   2.3187499066844651E-003  -1.3471269095744333E-003  -7.2668052985034660E-007   9.6300290804216570E-006  -1.4169587660321107E-008  -1.3441859163430584E-003   5.4245213011617100E-006  -7.1324594662243448E-005   1.0649954926150914E-007   3.0178815755692586E-010  -1.3439879670555789E-003
  -9.4887854217691799E-003   9.7096064919719949E-002 -0.75873578476100234       -1.7611894834755140E-004   2.3187499066844651E-003  -1.3471269095744333E-003  -7.2668052985034660E-007   9.6300290804216570E-006  -1.4169587660321107E-008  -1.3441859163430584E-003   5.4245213011617100E-006  -7.1324594662243448E-005   1.0649954926150914E-007   3.0178815755692586E-010  -1.3439879670555789E-003
 dijxc
  -9.4881054929359075E-003   9.7089098102889460E-002 -0.75868139477262619       -1.7609945156704801E-004   2.3184953790282678E-003  -1.3470305654581065E-003  -7.2662550231140195E-007   9.6293307866850582E-006  -1.4167889206296262E-008  -1.3440902223893416E-003   5.4227449341748593E-006  -7.1301885498453941E-005   1.0646578555276920E-007   3.0163914312680465E-010  -1.3438921668317808E-003
  -9.4881054929359075E-003   9.7089098102889460E-002 -0.75868139477262619       -1.7609945156704801E-004   2.3184953790282678E-003  -1.3470305654581065E-003  -7.2662550231140195E-007   9.6293307866850582E-006  -1.4167889206296262E-008  -1.3440902223893416E-003   5.4227449341748593E-006  -7.1301885498453941E-005   1.0646578555276920E-007   3.0163914312680465E-010  -1.3438921668317808E-003
 dijxc
  -9.4884425112049375E-003   9.7092561835795663E-002 -0.75870840183416810       -1.7610914944815706E-004   2.3186216059281313E-003  -1.3470780746415209E-003  -7.2664924537974920E-007   9.6296287297824404E-006  -1.4168690748842249E-008  -1.3441374037122364E-003   5.4215730912929648E-006  -7.1286759721195684E-005   1.0643474680698468E-007   3.0155958367425871E-010  -1.3439393959748939E-003
  -9.4884425112049375E-003   9.7092561835795663E-002 -0.75870840183416810       -1.7610914944815706E-004   2.3186216059281313E-003  -1.3470780746415209E-003  -7.2664924537974920E-007   9.6296287297824404E-006  -1.4168690748842249E-008  -1.3441374037122364E-003   5.4215730912929648E-006  -7.1286759721195684E-005   1.0643474680698468E-007   3.0155958367425871E-010  -1.3439393959748939E-003
 dijxc
  -9.4884481745022113E-003   9.7092616477626834E-002 -0.75870883479170259       -1.7610976430400418E-004   2.3186304872241021E-003  -1.3470791246845593E-003  -7.2667827452428717E-007   9.6300090762223254E-006  -1.4169239833479829E-008  -1.3441384079106540E-003   5.2880912072161986E-006  -6.9550499826857729E-005   1.0417648761376723E-007   2.9065628676474900E-010  -1.3439402540416060E-003
  -9.4884481745022113E-003   9.7092616477626834E-002 -0.75870883479170259       -1.7610976430400418E-004   2.3186304872241021E-003  -1.3470791246845593E-003  -7.2667827452428717E-007   9.6300090762223254E-006  -1.4169239833479829E-008  -1.3441384079106540E-003   5.2880912072161986E-006  -6.9550499826857729E-005   1.0417648761376723E-007   2.9065628676474900E-010  -1.3439402540416060E-003
