 dijxc
  -3.2252547936035714E-002 -0.15119052047161302        10.471609781889489        1.6517675951992005E-004  -2.2100887023646745E-003  -3.8392116914664240E-004  -6.8126605296239644E-007   9.1778557387116813E-006   1.4045063895969356E-008  -3.8100531324264245E-004  -4.9594214889701309E-006   6.6286434674487914E-005   1.0328558277298007E-007  -2.8801708594828264E-010  -3.8080884203241369E-004
 dijxc
  -3.2252547936035714E-002 -0.15119052047161302        10.471609781889489        1.6517675951992005E-004  -2.2100887023646745E-003  -3.8392116914664240E-004  -6.8126605296239644E-007   9.1778557387116813E-006   1.4045063895969356E-008  -3.8100531324264245E-004  -4.9594214889701309E-006   6.6286434674487914E-005   1.0328558277298007E-007  -2.8801708594828264E-010  -3.8080884203241369E-004
 dijxc
  -3.2252832602463324E-002 -0.15118759990123126        10.471590013710538        1.6518509067374890E-004  -2.2102018844728324E-003  -3.8396926350601416E-004  -6.8128850911732780E-007   9.1781545645402228E-006   1.4045908015277727E-008  -3.8105308462623778E-004  -4.9595779005943247E-006   6.6288557774413394E-005   1.0329090706085334E-007  -2.8803391071010796E-010  -3.8085666532187946E-004
 dijxc
  -3.2252263331128191E-002 -0.15119344100891546        10.471629546858271        1.6516842916488865E-004  -2.2099755309243274E-003  -3.8387313189641920E-004  -6.8124359853822973E-007   9.1775569347911066E-006   1.4044219892030028E-008  -3.8095759892360073E-004  -4.9592650904010391E-006   6.6284311750856715E-005   1.0328025938043325E-007  -2.8800026389103936E-010  -3.8076107581029161E-004
 dijxc
  -3.2252548339094994E-002 -0.15119051901590197        10.471609752941067        1.6517675427871228E-004  -2.2100886926887829E-003  -3.8392140310730010E-004  -6.8126613678728824E-007   9.1778570972744407E-006   1.4045061510137255E-008  -3.8100554809955849E-004  -4.9594284251241458E-006   6.6286528937783596E-005   1.0328570326152621E-007  -2.8801766509976351E-010  -3.8080907693665981E-004
 dijxc
  -3.2252548061459982E-002 -0.15119052002405023        10.471609778558186        1.6517674308856150E-004  -2.2100884863421651E-003  -3.8392120336889764E-004  -6.8126603144875410E-007   9.1778554422481914E-006   1.4045060280195470E-008  -3.8100534838943526E-004  -4.9594242312494934E-006   6.6286490622477183E-005   1.0328563912026688E-007  -2.8801489012650056E-010  -3.8080888802904825E-004
 dijxc
  -3.2252837301162504E-002 -0.15118756999246302        10.471589742782827        1.6518524770629987E-004  -2.2102047215673765E-003  -3.8397039242530403E-004  -6.8129855068454934E-007   9.1782916813355594E-006   1.4046069813998304E-008  -3.8105421715442121E-004  -4.9631257521921166E-006   6.6336054476205796E-005   1.0337662031536044E-007  -2.8834404999227967E-010  -3.8085781711221119E-004
 dijxc
  -3.2252268100776658E-002 -0.15119341130141051        10.471629279015344        1.6516858515804654E-004  -2.2099783508436012E-003  -3.8387431135271681E-004  -6.8125360362472860E-007   9.1776935466198235E-006   1.4044381013130910E-008  -3.8095878198194570E-004  -4.9627594811317924E-006   6.6331094851657587E-005   1.0336483027532851E-007  -2.8830589500859469E-010  -3.8076227842357877E-004
 dijxc
  -3.2252556747432742E-002 -0.15119046541706707        10.471609269413937        1.6517698090897010E-004  -2.2100930516292150E-003  -3.8392346516763183E-004  -6.8128305213674180E-007   9.1780884187055585E-006   1.4045327103270311E-008  -3.8100761774845541E-004  -4.9618228255524728E-006   6.6319012963425783E-005   1.0336309571589418E-007  -2.8823787596243449E-010  -3.8081116835910497E-004
 dijxc
  -3.2252547903924081E-002 -0.15119052047738257        10.471609780565625        1.6517675952024496E-004  -2.2100887021821542E-003  -3.8392115457333488E-004  -6.8126605364739579E-007   9.1778557464682280E-006   1.4045063911742302E-008  -3.8100529866832370E-004  -4.9594214836269098E-006   6.6286434598402142E-005   1.0328558269929307E-007  -2.8801708706268409E-010  -3.8080882745792396E-004
 dijxc
  -3.2252832593489669E-002 -0.15118760076635809        10.471590005903463        1.6518509057919552E-004  -2.2102018808387259E-003  -3.8396937096235671E-004  -6.8128850409373188E-007   9.1781544868590379E-006   1.4045908050443324E-008  -3.8105319205985588E-004  -4.9595775830824540E-006   6.6288553484569930E-005   1.0329090159727616E-007  -2.8803388499410114E-010  -3.8085677275151301E-004
 dijxc
  -3.2252263383772434E-002 -0.15119344155100678        10.471629546331233        1.6516842908923107E-004  -2.2099755272964282E-003  -3.8387321455521329E-004  -6.8124359358806892E-007   9.1775568571064285E-006   1.4044219933167878E-008  -3.8095768155834364E-004  -4.9592647754809029E-006   6.6284307488217184E-005   1.0328025400581369E-007  -2.8800023855563519E-010  -3.8076115844098892E-004
 dijxc
  -3.2252548308965311E-002 -0.15119051902673161        10.471609759262957        1.6517675420700664E-004  -2.2100886873920862E-003  -3.8392135566807167E-004  -6.8126612863524929E-007   9.1778569695410270E-006   1.4045061591193915E-008  -3.8100550061680259E-004  -4.9594278816918634E-006   6.6286521588651741E-005   1.0328569401567214E-007  -2.8801762135907719E-010  -3.8080902944719530E-004
 dijxc
  -3.2252556641359939E-002 -0.15119046520726839        10.471609278225811        1.6517701973483781E-004  -2.2100935541052042E-003  -3.8392332362540890E-004  -6.8128399136153589E-007   9.1781009062021452E-006   1.4045349316713144E-008  -3.8100747486322084E-004  -4.9633238702882055E-006   6.6338960351481485E-005   1.0339305608227890E-007  -2.8836643217435935E-010  -3.8081102751068708E-004
 dijxc
  -3.2252844743022223E-002 -0.15118752025955212        10.471589307234607        1.6518542437834666E-004  -2.2102083074958838E-003  -3.8397207094104970E-004  -6.8131339307631908E-007   9.1784948629898813E-006   1.4046299096157109E-008  -3.8105590300068252E-004  -4.9624386335143743E-006   6.6327555129529940E-005   1.0339206939690776E-007  -2.8830274737320351E-010  -3.8085951012147381E-004
 dijxc
  -3.2252274735820999E-002 -0.15119336615604512        10.471628889219458        1.6516867812274422E-004  -2.2099806929836768E-003  -3.8387578898996515E-004  -6.8126577358686284E-007   9.1778605052743481E-006   1.4044559404285818E-008  -3.8096026783227183E-004  -4.9580807078562017E-006   6.6269559112697694E-005   1.0330069899193862E-007  -2.8792250773476112E-010  -3.8076376565455527E-004
 dijxc
  -3.2252561645285997E-002 -0.15119042938584659        10.471608978736658        1.6517693264351461E-004  -2.2100932606980771E-003  -3.8392440207158285E-004  -6.8129053772016342E-007   9.1781917228256571E-006   1.4045418242281344E-008  -3.8100856385088683E-004  -4.9501145747432519E-006   6.6164085885423961E-005   1.0315844760294444E-007  -2.8725156366609874E-010  -3.8081210608555507E-004
 dijxc
  -3.2252547934604706E-002 -0.15119052091503138        10.471609782456847        1.6517675940205250E-004  -2.2100886964138604E-003  -3.8392120375724801E-004  -6.8126604462174676E-007   9.1778556077169586E-006   1.4045063974891973E-008  -3.8100534781031832E-004  -4.9594209132779677E-006   6.6286426895569440E-005   1.0328557289287765E-007  -2.8801704040694712E-010  -3.8080887659299476E-004
 dijxc
  -3.2252832642043955E-002 -0.15118760195754921        10.471590001170741        1.6518509045648463E-004  -2.2102018735034338E-003  -3.8396952883140939E-004  -6.8128849179480798E-007   9.1781542980820517E-006   1.4045908137929044E-008  -3.8105334987066240E-004  -4.9595767876877311E-006   6.6288542748234335E-005   1.0329088789234408E-007  -2.8803381988919414E-010  -3.8085693055292514E-004
 dijxc
  -3.2252263295865016E-002 -0.15119344114827829        10.471629553518612        1.6516842902881303E-004  -2.2099755214023027E-003  -3.8387309252917580E-004  -6.8124358339853488E-007   9.1775566990092129E-006   1.4044220031460827E-008  -3.8095755947770333E-004  -4.9592640568073352E-006   6.6284297791060817E-005   1.0328024165919844E-007  -2.8800018090822747E-010  -3.8076103635200829E-004
 dijxc
  -3.2252548098283852E-002 -0.15119051859838531        10.471609764667020        1.6517675426791419E-004  -2.2100886824434562E-003  -3.8392116263888344E-004  -6.8126611891516855E-007   9.1778568147938436E-006   1.4045061734438513E-008  -3.8100530752271347E-004  -4.9594270775976700E-006   6.6286510740410314E-005   1.0328568025715626E-007  -2.8801755849996198E-010  -3.8080883634410926E-004
 dijxc
  -3.2252561681412190E-002 -0.15119043082951586        10.471608973402372        1.6517696925500192E-004  -2.2100937323361086E-003  -3.8392456079762926E-004  -6.8129141933026857E-007   9.1782034331136546E-006   1.4045439201655344E-008  -3.8100872128620877E-004  -4.9515389661853791E-006   6.6183010574977024E-005   1.0318680703186028E-007  -2.8737360837394088E-010  -3.8081226555725860E-004
 dijxc
  -3.2252847242739580E-002 -0.15118749920149865        10.471589145845824        1.6518517045365370E-004  -2.2102054083752176E-003  -3.8397252117623618E-004  -6.8131403071760347E-007   9.1785051144766881E-006   1.4046262800846288E-008  -3.8105636383931843E-004  -4.9404523204568805E-006   6.6036082963665129E-005   1.0298206237364708E-007  -2.8643479589898089E-010  -3.8085994823622575E-004
 dijxc
  -3.2252276807476506E-002 -0.15119334698911960        10.471628748894100        1.6516841828046066E-004  -2.2099776445928714E-003  -3.8387608896247075E-004  -6.8126579929500810E-007   9.1778622737965579E-006   1.4044515121541683E-008  -3.8096057759995968E-004  -4.9350062801506432E-006   6.5963689906399430E-005   1.0286953304825205E-007  -2.8596030866030950E-010  -3.8076405075877816E-004
 dijxc
  -3.2252561407353011E-002 -0.15119042435554911        10.471608970994865        1.6517655951197482E-004  -2.2100883442935327E-003  -3.8392413472658493E-004  -6.8128574054708692E-007   9.1781274778700391E-006   1.4045293048727101E-008  -3.8100830483060505E-004  -4.9194608259216724E-006   6.5757659332263930E-005   1.0257681296900545E-007  -2.8463665757062107E-010  -3.8081181119003506E-004
 dijxc
  -3.2252547890952180E-002 -0.15119052098739297        10.471609785949292        1.6517675945150500E-004  -2.2100886905830905E-003  -3.8392117121903630E-004  -6.8126603422325266E-007   9.1778554408869095E-006   1.4045064134154694E-008  -3.8100531520195158E-004  -4.9594200857910104E-006   6.6286415714556321E-005   1.0328555886921930E-007  -2.8801697562486249E-010  -3.8080884397495227E-004
 dijxc
  -3.2252832671823384E-002 -0.15118760230711270        10.471590003720554        1.6518509061218096E-004  -2.2102018696844887E-003  -3.8396957001484301E-004  -6.8128848325046847E-007   9.1781541584127393E-006   1.4045908320779719E-008  -3.8105339098289256E-004  -4.9595759434907874E-006   6.6288531368802203E-005   1.0329087352089614E-007  -2.8803375585052025E-010  -3.8085697165599237E-004
 dijxc
  -3.2252263274444949E-002 -0.15119344195598833        10.471629548588240        1.6516842923293586E-004  -2.2099755191521933E-003  -3.8387317366431141E-004  -6.8124357738036209E-007   9.1775565968318030E-006   1.4044220215508436E-008  -3.8095764054902964E-004  -4.9592633238225479E-006   6.6284287917784250E-005   1.0328022920969355E-007  -2.8800012691845443E-010  -3.8076111741558655E-004
 dijxc
  -3.2252548179513771E-002 -0.15119051903262692        10.471609767713346        1.6517675462499157E-004  -2.2100886830189932E-003  -3.8392124083218683E-004  -6.8126611687437915E-007   9.1778567688058126E-006   1.4045061956099410E-008  -3.8100538565481214E-004  -4.9594264482551497E-006   6.6286502272649764E-005   1.0328566970297259E-007  -2.8801751565532753E-010  -3.8080891446993538E-004
 dijxc
  -3.2252561101911735E-002 -0.15119042483173892        10.471608987319433        1.6517656607765009E-004  -2.2100883949015336E-003  -3.8392392253819047E-004  -6.8128583480687883E-007   9.1781285961020177E-006   1.4045297511187518E-008  -3.8100809202758375E-004  -4.9197868966217364E-006   6.5761966630407170E-005   1.0258308337927702E-007  -2.8466498680353886E-010  -3.8081159897857583E-004
 dijxc
  -3.2252844464005337E-002 -0.15118751257332358        10.471589285625342        1.6518464705935564E-004  -2.2101980504109680E-003  -3.8397191704720129E-004  -6.8130304845112380E-007   9.1783563294868343E-006   1.4046032320856353E-008  -3.8105576659884272E-004  -4.9001899475183056E-006   6.5502166720172414E-005   1.0220988599918470E-007  -2.8299269242119385E-010  -3.8085930087300814E-004
 dijxc
  -3.2252274223325036E-002 -0.15119335911787235        10.471628875755638        1.6516797678907172E-004  -2.2099714024287542E-003  -3.8387551041934231E-004  -6.8125665356940385E-007   9.1777380812303047E-006   1.4044325626302100E-008  -3.8096000360087270E-004  -4.8972828791134329E-006   6.5463604987916284E-005   1.0214877096982810E-007  -2.8273394058495213E-010  -3.8076342981912138E-004
 dijxc
  -3.2252556947112258E-002 -0.15119044695656636        10.471609206807354        1.6517614700677506E-004  -2.2100821933620745E-003  -3.8392295998869517E-004  -6.8127505694818973E-007   9.1779813634013211E-006   1.4045094472535175E-008  -3.8100712937115620E-004  -4.8789578566544878E-006   6.5220942564889423E-005   1.0180266234334428E-007  -2.8116554971286183E-010  -3.8081058385702705E-004
 dijxc
  -3.2252547785482227E-002 -0.15119052088121010        10.471609791756574        1.6517675981191554E-004  -2.2100886911507953E-003  -3.8392106817338150E-004  -6.8126603206093149E-007   9.1778553930877375E-006   1.4045064356399858E-008  -3.8100521209447405E-004  -4.9594194455116473E-006   6.6286407100337119E-005   1.0328554811873602E-007  -2.8801693193644251E-010  -3.8080874086112489E-004
 dijxc
  -3.2252832459845782E-002 -0.15118760118719193        10.471590017071145        1.6518509116650667E-004  -2.2102018741987704E-003  -3.8396927479684051E-004  -6.8128848706826747E-007   9.1781541959002610E-006   1.4045908583720169E-008  -3.8105309571111494E-004  -4.9595755028990579E-006   6.6288525454149335E-005   1.0329086636807655E-007  -2.8803373185902826E-010  -3.8085667638042677E-004
 dijxc
  -3.2252263211472176E-002 -0.15119344160429540        10.471629556505899        1.6516842977034921E-004  -2.2099755238142527E-003  -3.8387306780981046E-004  -6.8124358223490844E-007   9.1775566496119980E-006   1.4044220471512074E-008  -3.8095753464618693E-004  -4.9592629679845387E-006   6.6284283138562893E-005   1.0328022356357395E-007  -2.8800010971454407E-010  -3.8076101150962818E-004
 dijxc
  -3.2252547995581200E-002 -0.15119051795505070        10.471609777729062        1.6517675525451521E-004  -2.2100886896317643E-003  -3.8392098171628384E-004  -6.8126612669643990E-007   9.1778568906068736E-006   1.4045062246105889E-008  -3.8100512649893211E-004  -4.9594263293310395E-006   6.6286500664389025E-005   1.0328566846260023E-007  -2.8801751993959076E-010  -3.8080865531294275E-004
 dijxc
  -3.2252556627251648E-002 -0.15119045000533096        10.471609227257535        1.6517612102461406E-004  -2.2100817765157736E-003  -3.8392297715068011E-004  -6.8127425669949605E-007   9.1779704062400632E-006   1.4045080967889600E-008  -3.8100714651394219E-004  -4.8779677242623718E-006   6.5207748849346588E-005   1.0178264987509175E-007  -2.8108142357536830E-010  -3.8081059973744003E-004
 dijxc
  -3.2252838208197757E-002 -0.15118754737545997        10.471589624253971        1.6518428866329514E-004  -2.2101923153143499E-003  -3.8397036357720477E-004  -6.8129125428810987E-007   9.1781939665521325E-006   1.4045835824308608E-008  -3.8105420618806144E-004  -4.8575418781416156E-006   6.4937306140018289E-005   1.0139578665325829E-007  -2.7933008291455647E-010  -3.8085768427843683E-004
 dijxc
  -3.2252268819418561E-002 -0.15119338942956045        10.471629171216032        1.6516772238903382E-004  -2.2099671660959059E-003  -3.8387419123746551E-004  -6.8124763927467219E-007   9.1776132872097843E-006   1.4044184691026413E-008  -3.8095867562440119E-004  -4.8589257120134571E-006   6.4955787658467520E-005   1.0142038202019953E-007  -2.7943759827309052E-010  -3.8076205163801991E-004
 dijxc
  -3.2252551253982194E-002 -0.15119048164710480        10.471609526783292        1.6517606069102131E-004  -2.2100801124429483E-003  -3.8392170618747597E-004  -6.8126853209923344E-007   9.1778893270191910E-006   1.4045021207002982E-008  -3.8100585987660049E-004  -4.8445000690922191E-006   6.4765223213414326E-005   1.0115419593865557E-007  -2.7819499347449239E-010  -3.8080926873872124E-004
 dijxc
  -3.2252547824709821E-002 -0.15119052155771173        10.471609786352539        1.6517676042936583E-004  -2.2100886987130672E-003  -3.8392117808693817E-004  -6.8126604227144696E-007   9.1778555247292715E-006   1.4045064620175008E-008  -3.8100532197471188E-004  -4.9594193332954502E-006   6.6286405615132080E-005   1.0328554677753655E-007  -2.8801693667871244E-010  -3.8080885074098282E-004
 dijxc
  -3.2252832456511733E-002 -0.15118760071177204        10.471590021707270        1.6518509187790631E-004  -2.2102018839383138E-003  -3.8396921056313546E-004  -6.8128850319510785E-007   9.1781544099857191E-006   1.4045908878253276E-008  -3.8105303145642819E-004  -4.9595756982023312E-006   6.6288528082211070E-005   1.0329087069486926E-007  -2.8803376377306663E-010  -3.8085661212794843E-004
 dijxc
  -3.2252263201565504E-002 -0.15119344166982279        10.471629555031408        1.6516843036306256E-004  -2.2099755324035582E-003  -3.8387307196092785E-004  -6.8124359706347983E-007   9.1775568481201357E-006   1.4044220725621437E-008  -3.8095753878253965E-004  -4.9592631709004021E-006   6.6284285876248486E-005   1.0328022788991224E-007  -2.8800014052420492E-010  -3.8076101564813770E-004
 dijxc
  -3.2252548155617310E-002 -0.15119051947864906        10.471609763847171        1.6517675574821206E-004  -2.2100886977165939E-003  -3.8392128214931993E-004  -6.8126614416421984E-007   9.1778571273742732E-006   1.4045062482503988E-008  -3.8100542693209765E-004  -4.9594267645887603E-006   6.6286506507957262E-005   1.0328567698657856E-007  -2.8801756924502278E-010  -3.8080895574979132E-004
 dijxc
  -3.2252550575148045E-002 -0.15119048523298503        10.471609559095707        1.6517602756967981E-004  -2.2100795701757822E-003  -3.8392151025092014E-004  -6.8126742299879153E-007   9.1778741193629711E-006   1.4045003071420225E-008  -3.8100566374087326E-004  -4.8429207490020469E-006   6.4744226856249093E-005   1.0112273118004727E-007  -2.7806023217689211E-010  -3.8080907038517541E-004
 dijxc
  -3.2252832469505222E-002 -0.15118758225308815        10.471589951650495        1.6518443791830106E-004  -2.2101933582867723E-003  -3.8396896743500119E-004  -6.8128904138329892E-007   9.1781593246691034E-006   1.4045867038291474E-008  -3.8105278624213292E-004  -4.8298191100055896E-006   6.4571394374038257E-005   1.0088430868136671E-007  -2.7692716316920914E-010  -3.8085622710190114E-004
 dijxc
  -3.2252263969082602E-002 -0.15119341768494315        10.471629453322437        1.6516790838614102E-004  -2.2099688497106236E-003  -3.8387288386211701E-004  -6.8124698089481386E-007   9.1776000585498481E-006   1.4044239724336522E-008  -3.8095734531450054E-004  -4.8341987896530293E-006   6.4629557861488077E-005   1.0096750633591908E-007  -2.7729174420826987E-010  -3.8076068867071980E-004
 dijxc
  -3.2252547589185762E-002 -0.15119050566506453        10.471609736056491        1.6517642558350938E-004  -2.2100843504096203E-003  -3.8392091948778447E-004  -6.8127202907082065E-007   9.1779322787971133E-006   1.4045161362679907E-008  -3.8100504660712432E-004  -4.8276003042897187E-006   6.4542994413427585E-005   1.0085750233145218E-007  -2.7671310502368378E-010  -3.8080843356672425E-004
 dijxc
  -3.2252547704573295E-002 -0.15119052016373419        10.471609798255253        1.6517676096914109E-004  -2.2100887074715382E-003  -3.8392092338572254E-004  -6.8126606060031910E-007   9.1778557732178402E-006   1.4045064865088626E-008  -3.8100506727392419E-004  -4.9594197945998534E-006   6.6286411807181463E-005   1.0328555577839471E-007  -2.8801698859368350E-010  -3.8080859604422380E-004
 dijxc
  -3.2252832523621697E-002 -0.15118760149775973        10.471590012657412        1.6518509223366679E-004  -2.2102018914842954E-003  -3.8396935815614597E-004  -6.8128852326841767E-007   9.1781546864963213E-006   1.4045909072467470E-008  -3.8105317907005502E-004  -4.9595763958288920E-006   6.6288537441675717E-005   1.0329088382180199E-007  -2.8803383317949310E-010  -3.8085675974720834E-004
 dijxc
  -3.2252263197052586E-002 -0.15119344163528836        10.471629554762147        1.6516843062848802E-004  -2.2099755376909619E-003  -3.8387306564843229E-004  -6.8124361494570303E-007   9.1775570909992863E-006   1.4044220919012941E-008  -3.8095753248524830E-004  -4.9592638001849523E-006   6.6284294293011433E-005   1.0328023990039716E-007  -2.8800020319934968E-010  -3.8076100935521124E-004
 dijxc
  -3.2252548247822803E-002 -0.15119051948652751        10.471609761638565        1.6517675576269524E-004  -2.2100887004773608E-003  -3.8392134797896342E-004  -6.8126616115613370E-007   9.1778573614485281E-006   1.4045062606755554E-008  -3.8100549279285341E-004  -4.9594274838425481E-006   6.6286516133066538E-005   1.0328569037408999E-007  -2.8801763627711565E-010  -3.8080902161541710E-004
 dijxc
  -3.2252546977097063E-002 -0.15119050973467346        10.471609772824205        1.6517641852627985E-004  -2.2100841422799315E-003  -3.8392078614521365E-004  -6.8127141238352476E-007   9.1779235749101505E-006   1.4045155758394704E-008  -3.8100491204008310E-004  -4.8265509359394994E-006   6.4529096827706651E-005   1.0083709623371623E-007  -2.7662309705527898E-010  -3.8080829736524284E-004
 dijxc
  -3.2252830559834189E-002 -0.15118759592542841        10.471590064288176        1.6518503310021534E-004  -2.2102009499183508E-003  -3.8396854634389563E-004  -6.8129847478568660E-007   9.1782827387158247E-006   1.4046123936462282E-008  -3.8105233492487472E-004  -4.8237838280184235E-006   6.4493460733013882E-005   1.0080388264703026E-007  -2.7636935936100483E-010  -3.8085576896949131E-004
 dijxc
  -3.2252262634619028E-002 -0.15119342681717174        10.471629532722615        1.6516843456656886E-004  -2.2099756279560174E-003  -3.8387254889159759E-004  -6.8125563398439198E-007   9.1777135858153800E-006   1.4044469165311225E-008  -3.8095698393798740E-004  -4.8278802284997933E-006   6.4547604494013321E-005   1.0087941682523232E-007  -2.7671215196405251E-010  -3.8076032058317454E-004
 dijxc
  -3.2252548226796088E-002 -0.15119050292051364        10.471609709034364        1.6517698668105642E-004  -2.2100919173445835E-003  -3.8392104727872386E-004  -6.8128305686684917E-007   9.1780790397833676E-006   1.4045419830772023E-008  -3.8100515154589727E-004  -4.8278473018510819E-006   6.4547814815158681E-005   1.0089708860741946E-007  -2.7669438669594995E-010  -3.8080854141784605E-004
 dijxc
  -3.2252547918414184E-002 -0.15119052195641433        10.471609779811255        1.6517676099645363E-004  -2.2100887100866898E-003  -3.8392130049177855E-004  -6.8126607806997776E-007   9.1778560123041822E-006   1.4045065002396079E-008  -3.8100544440998886E-004  -4.9594205460328269E-006   6.6286421850443475E-005   1.0328556984495903E-007  -2.8801705854869010E-010  -3.8080897318514451E-004
 dijxc
  -3.2252832621240880E-002 -0.15118760188678027        10.471590007824075        1.6518509191987857E-004  -2.2102018897296439E-003  -3.8396947882273250E-004  -6.8128853814816869E-007   9.1781548913985718E-006   1.4045909134888767E-008  -3.8105329977974087E-004  -4.9595771818464485E-006   6.6288547935912205E-005   1.0329089830975679E-007  -2.8803390207078679E-010  -3.8085688046131871E-004
 dijxc
  -3.2252263270891611E-002 -0.15119344185823136        10.471629552975646        1.6516843031683193E-004  -2.2099755352744505E-003  -3.8387313984990343E-004  -6.8124362835804825E-007   9.1775572735402176E-006   1.4044220983316317E-008  -3.8095760672416561E-004  -4.9592644739924595E-006   6.6284303275946475E-005   1.0328025233668684E-007  -2.8800026256852961E-010  -3.8076108359771195E-004
 dijxc
  -3.2252548346373019E-002 -0.15119052072981132        10.471609749378592        1.6517675518098825E-004  -2.2100886942687599E-003  -3.8392157393749276E-004  -6.8126617191988672E-007   9.1778575076223218E-006   1.4045062620549085E-008  -3.8100571879483118E-004  -4.9594280728561052E-006   6.6286523975476582E-005   1.0328570104793729E-007  -2.8801768611326835E-010  -3.8080924762010483E-004
 dijxc
  -3.2252547652210431E-002 -0.15119050639229067        10.471609742316158        1.6517701903561309E-004  -2.2100922512581730E-003  -3.8392087342155605E-004  -6.8128331221805081E-007   9.1780820245815655E-006   1.4045433337837152E-008  -3.8100497536566508E-004  -4.8280174721189590E-006   6.4550168415874966E-005   1.0090128024563616E-007  -2.7670810084552674E-010  -3.8080836526066010E-004
 dijxc
  -3.2252833903842357E-002 -0.15118757902679081        10.471589885371065        1.6518561556254198E-004  -2.2102092282126344E-003  -3.8396955324858579E-004  -6.8131228306348504E-007   9.1784686262162092E-006   1.4046411578586772E-008  -3.8105332450566064E-004  -4.8317718055788006E-006   6.4600499101999650E-005   1.0099304387219454E-007  -2.7701373114562610E-010  -3.8085677299645466E-004
 dijxc
  -3.2252265941483831E-002 -0.15119341043059148        10.471629344486299        1.6516889020570913E-004  -2.2099822112955029E-003  -3.8387367430377706E-004  -6.8126710596465347E-007   9.1778683804977249E-006   1.4044701341026120E-008  -3.8095809637918440E-004  -4.8327590712097110E-006   6.4613088516919935E-005   1.0100507328754248E-007  -2.7709370531973827E-010  -3.8076144331549897E-004
 dijxc
  -3.2252552810944343E-002 -0.15119047309772549        10.471609449645706        1.6517728095551395E-004  -2.2100966293061605E-003  -3.8392200474589452E-004  -6.8129336130119136E-007   9.1782197745780437E-006   1.4045598724114732E-008  -3.8100610598821151E-004  -4.8342081456488590E-006   6.4632152723591478E-005   1.0104678681593562E-007  -2.7720760021499745E-010  -3.8080950867862859E-004
 dijxc
  -3.2252547827867760E-002 -0.15119052144475198        10.471609782711793        1.6517676037320484E-004  -2.2100887036582443E-003  -3.8392117967052115E-004  -6.8126608843753355E-007   9.1778561545587222E-006   1.4045064996889996E-008  -3.8100532363560910E-004  -4.9594211463470723E-006   6.6286429851155710E-005   1.0328558064477382E-007  -2.8801710862491708E-010  -3.8080885241358867E-004
