 dijxc
  -3.2262255008733760E-002 -0.15108272655039601        10.470929439051329        8.7191056473758530E-005  -1.1655794709093336E-003  -3.8310342243133512E-004  -4.8181895102131634E-007   6.4934129752663611E-006   5.1507723378596930E-009  -3.8241913822646993E-004   1.4921807769825818E-004  -1.9945692234067509E-003  -1.4915416070489213E-006   9.3132420549039591E-009  -3.8476735123424671E-004
 dijxc
  -3.2262255008733760E-002 -0.15108272655039601        10.470929439051329        8.7191056473758530E-005  -1.1655794709093336E-003  -3.8310342243133512E-004  -4.8181895102131634E-007   6.4934129752663611E-006   5.1507723378596930E-009  -3.8241913822646993E-004   1.4921807769825818E-004  -1.9945692234067509E-003  -1.4915416070489213E-006   9.3132420549039591E-009  -3.8476735123424671E-004
 dijxc
  -3.2262538038293570E-002 -0.15107982327881353        10.470909795109140        8.7195321886806076E-005  -1.1656373333138398E-003  -3.8315114958235820E-004  -4.8183523433125902E-007   6.4936295594799290E-006   5.1510854325714228E-009  -3.8246674247488337E-004   1.4922543838035375E-004  -1.9946691483236304E-003  -1.4916668521456317E-006   9.3137827920355826E-009  -3.8481522335149609E-004
 dijxc
  -3.2261971994666128E-002 -0.15108562933043571        10.470949083620388        8.7186791452584095E-005  -1.1655216137668421E-003  -3.8305566821984381E-004  -4.8180266835995430E-007   6.4931963991649140E-006   5.1504592784088438E-009  -3.8237150690451072E-004   1.4921071770752648E-004  -1.9944693077895517E-003  -1.4914163804471177E-006   9.3127013785507033E-009  -3.8471945207853005E-004
 dijxc
  -3.2262255277613276E-002 -0.15108272431570474        10.470929423665620        8.7191060930576529E-005  -1.1655795595691492E-003  -3.8310343831999085E-004  -4.8181903344286757E-007   6.4934142409361505E-006   5.1507721924854945E-009  -3.8241915420053781E-004   1.4921807809825595E-004  -1.9945692791958694E-003  -1.4915413347484106E-006   9.3132412424637299E-009  -3.8476736664504782E-004
 dijxc
  -3.2262255183737827E-002 -0.15108272526030159        10.470929434151561        8.7191038677198623E-005  -1.1655792516402903E-003  -3.8310342638555597E-004  -4.8181893053259213E-007   6.4934127170997210E-006   5.1507705609724083E-009  -3.8241914247268366E-004   1.4921801559227284E-004  -1.9945686799182202E-003  -1.4915417043998067E-006   9.3132396872770828E-009  -3.8476736841027174E-004
 dijxc
  -3.2262480667577489E-002 -0.15108036941025213        10.470913637424900        8.7194659980628571E-005  -1.1656269774820609E-003  -3.8314068834705158E-004  -4.8182976480368737E-007   6.4935487533844317E-006   5.1510525845540220E-009  -3.8245627947202613E-004   1.4922378844268937E-004  -1.9946447330158826E-003  -1.4916502429373988E-006   9.3136766492365125E-009  -3.8480473068751818E-004
 dijxc
  -3.2261914805683904E-002 -0.15108617679601127        10.470952911277898        8.7186125463968291E-005  -1.1655112035096132E-003  -3.8304550267592144E-004  -4.8179722112219834E-007   6.4931158900075348E-006   5.1504263672954037E-009  -3.8236133967652769E-004   1.4920910131055465E-004  -1.9944453388116615E-003  -1.4914001134607951E-006   9.3125976958937228E-009  -3.8470925682666151E-004
 dijxc
  -3.2262143239028665E-002 -0.15108379869806740        10.470936950062951        8.7189270797728339E-005  -1.1655526997664679E-003  -3.8308319749190173E-004  -4.8181034876578093E-007   6.4932826996565007E-006   5.1506946745527889E-009  -3.8239892040864269E-004   1.4921744753142163E-004  -1.9945556952410490E-003  -1.4915292402983168E-006   9.3132154027693639E-009  -3.8474715664284362E-004
 dijxc
  -3.2262255046062845E-002 -0.15108272636345660        10.470929442045007        8.7191056455759419E-005  -1.1655794708424030E-003  -3.8310341986847189E-004  -4.8181895012259543E-007   6.4934129638417806E-006   5.1507723253933516E-009  -3.8241913566428227E-004   1.4921807765155522E-004  -1.9945692230796072E-003  -1.4915416056386987E-006   9.3132420292448512E-009  -3.8476734866944601E-004
 dijxc
  -3.2262537985366421E-002 -0.15107982282854915        10.470909802141271        8.7195321530565540E-005  -1.1656373276318216E-003  -3.8315104746255697E-004  -4.8183522611007445E-007   6.4936294435729138E-006   5.1510853740213879E-009  -3.8246664035742088E-004   1.4922543804872754E-004  -1.9946691422831138E-003  -1.4916668562666797E-006   9.3137827073305558E-009  -3.8481512124278908E-004
 dijxc
  -3.2261972208171903E-002 -0.15108563087489901        10.470949073536973        8.7186791105474859E-005  -1.1655216080899979E-003  -3.8305598797950863E-004  -4.8180266025298270E-007   6.4931962841526747E-006   5.1504592232649343E-009  -3.8237182666608211E-004   1.4921071739175076E-004  -1.9944693017610753E-003  -1.4914163854382018E-006   9.3127013005618239E-009  -3.8471977185026800E-004
 dijxc
  -3.2262255273224232E-002 -0.15108272471664047        10.470929425102796        8.7191060350707544E-005  -1.1655795501121003E-003  -3.8310346476841048E-004  -4.8181902084922343E-007   6.4934140618867050E-006   5.1507721076776483E-009  -3.8241918065245030E-004   1.4921807759888942E-004  -1.9945692695474133E-003  -1.4915413426855773E-006   9.3132411288672265E-009  -3.8476739311394119E-004
 dijxc
  -3.2262142157635496E-002 -0.15108380755184136        10.470937012982299        8.7189423193824163E-005  -1.1655546747802474E-003  -3.8308309447102973E-004  -4.8180954424271431E-007   6.4932717990131748E-006   5.1506992398941965E-009  -3.8239881376636944E-004   1.4921661456903114E-004  -1.9945445594921666E-003  -1.4915228250135247E-006   9.3131574043667585E-009  -3.8474702021112635E-004
 dijxc
  -3.2262370565942868E-002 -0.15108143075311548        10.470921049772368        8.7192573133981668E-005  -1.1655962180086882E-003  -3.8312093654787964E-004  -4.8182250793483490E-007   6.4934363057474789E-006   5.1509672763891828E-009  -3.8243654134030179E-004   1.4922494526026402E-004  -1.9946546878894522E-003  -1.4916524195600329E-006   9.3137735880236792E-009  -3.8478506789513213E-004
 dijxc
  -3.2261807208197435E-002 -0.15108722292921917        10.470960187433946        8.7183610317624749E-005  -1.1654748346350884E-003  -3.8302642620370575E-004  -4.8179177565293832E-007   6.4930276903199123E-006   5.1503271945306717E-009  -3.8234228638976003E-004   1.4921245625892246E-004  -1.9944845804540836E-003  -1.4914197821610174E-006   9.3128476388603825E-009  -3.8469035913275156E-004
 dijxc
  -3.2262040686162202E-002 -0.15108480976889921        10.470943933542539        8.7185999609952253E-005  -1.1655065060315343E-003  -3.8306523360921978E-004  -4.8180790700120636E-007   6.4932349566566260E-006   5.1505676661975178E-009  -3.8238099610215614E-004   1.4922470733706481E-004  -1.9946470833141637E-003  -1.4915803966589991E-006   9.3137317479712117E-009  -3.8472953242736250E-004
 dijxc
  -3.2262255007316658E-002 -0.15108272657134819        10.470929441752704        8.7191055857264627E-005  -1.1655794607183668E-003  -3.8310341575966723E-004  -4.8181893669143232E-007   6.4934127712034618E-006   5.1507722422886901E-009  -3.8241913155801670E-004   1.4921807714660869E-004  -1.9945692126375667E-003  -1.4915416164789326E-006   9.3132419208736891E-009  -3.8476734458492781E-004
 dijxc
  -3.2262537882754939E-002 -0.15107982274836976        10.470909808385258        8.7195320705525499E-005  -1.1656373137960312E-003  -3.8315094580496068E-004  -4.8183520818466707E-007   6.4936291867498026E-006   5.1510852616606815E-009  -3.8246653870375601E-004   1.4922543737101634E-004  -1.9946691283406854E-003  -1.4916668703299252E-006   9.3137825643907763E-009  -3.8481501961817681E-004
 dijxc
  -3.2261971867526426E-002 -0.15108562898305677        10.470949092746755        8.7186790379093989E-005  -1.1655215957788719E-003  -3.8305551947111942E-004  -4.8180264476355017E-007   6.4931960611553526E-006   5.1504591300536543E-009  -3.8237135816080825E-004   1.4921071681064566E-004  -1.9944692894727279E-003  -1.4914163988258400E-006   9.3127011863081519E-009  -3.8471930337249547E-004
 dijxc
  -3.2262255268990764E-002 -0.15108272516669963        10.470929425985460        8.7191059567999119E-005  -1.1655795368078763E-003  -3.8310349952459842E-004  -4.8181900500068080E-007   6.4934138326355777E-006   5.1507720159814473E-009  -3.8241921541196523E-004   1.4921807700094347E-004  -1.9945692566198888E-003  -1.4915413575025364E-006   9.3132410237744508E-009  -3.8476742790439090E-004
 dijxc
  -3.2262039425816041E-002 -0.15108481728132261        10.470944004338017        8.7186145631958317E-005  -1.1655083926859387E-003  -3.8306486324266758E-004  -4.8180715023812551E-007   6.4932246813758404E-006   5.1505722934604865E-009  -3.8238062227084247E-004   1.4922391858509124E-004  -1.9946365314233087E-003  -1.4915743875368632E-006   9.3136772080429910E-009  -3.8472913056596786E-004
 dijxc
  -3.2262275200763919E-002 -0.15108238842267277        10.470927621255523        8.7188193015668355E-005  -1.1655356196486090E-003  -3.8310421857329694E-004  -4.8182445518646443E-007   6.4934476896473009E-006   5.1507992171313131E-009  -3.8241988695393310E-004   1.4923790988992416E-004  -1.9948222673238595E-003  -1.4917494827422804E-006   9.3146789395898050E-009  -3.8476892453214806E-004
 dijxc
  -3.2261713080745283E-002 -0.15108817141297809        10.470966689865609        8.7179065906181540E-005  -1.1654122084595868E-003  -3.8300987844074204E-004  -4.8179386529902261E-007   6.4930413933724599E-006   5.1501465629398297E-009  -3.8232580531431251E-004   1.4922599835314439E-004  -1.9946600279632451E-003  -1.4915205054409910E-006   9.3137836498757521E-009  -3.8467441038525616E-004
 dijxc
  -3.2261954288844319E-002 -0.15108570712897040        10.470949985395592        8.7180541308607817E-005  -1.1654323132719072E-003  -3.8305066341468128E-004  -4.8181243319250093E-007   6.4932825521863019E-006   5.1503369552896890E-009  -3.8236651097422255E-004   1.4924243402769812E-004  -1.9948788653664346E-003  -1.4917132287781772E-006   9.3149305192895727E-009  -3.8471573585508801E-004
 dijxc
  -3.2262254972413772E-002 -0.15108272736551087        10.470929439947128        8.7191055031416679E-005  -1.1655794469132737E-003  -3.8310347160397612E-004  -4.8181891994286203E-007   6.4934125303217877E-006   5.1507721408079243E-009  -3.8241918740634072E-004   1.4921807649973814E-004  -1.9945691991819880E-003  -1.4915416306569688E-006   9.3132418003323080E-009  -3.8476740046334288E-004
 dijxc
  -3.2262537843165809E-002 -0.15107982320911428        10.470909808002432        8.7195319901120372E-005  -1.1656373002907350E-003  -3.8315096361721550E-004  -4.8183519286853812E-007   6.4936289650912330E-006   5.1510851737300424E-009  -3.8246655651979556E-004   1.4922543677658469E-004  -1.9946691156135349E-003  -1.4916668848314160E-006   9.3137824694322982E-009  -3.8481503746549343E-004
 dijxc
  -3.2261971969334925E-002 -0.15108563022617719        10.470949086311013        8.7186789698865058E-005  -1.1655215844427887E-003  -3.8305572386244068E-004  -4.8180263225593493E-007   6.4931958799819838E-006   5.1504590585444007E-009  -3.8237156255551557E-004   1.4921071632099849E-004  -1.9944692790316767E-003  -1.4914164108343809E-006   9.3127011115158392E-009  -3.8471950779362730E-004
 dijxc
  -3.2262255221908058E-002 -0.15108272556000474        10.470929425883769        8.7191059040866379E-005  -1.1655795277872765E-003  -3.8310350627223115E-004  -4.8181899610356859E-007   6.4934137012504456E-006   5.1507719759266836E-009  -3.8241922216127034E-004   1.4921807666761213E-004  -1.9945692487466208E-003  -1.4915413696364793E-006   9.3132409957212407E-009  -3.8476743467969431E-004
 dijxc
  -3.2261953399412902E-002 -0.15108571227780290        10.470950034362259        8.7180589365758320E-005  -1.1654328674023228E-003  -3.8305039290644741E-004  -4.8181232680181602E-007   6.4932808129269467E-006   5.1503414639393163E-009  -3.8236623939609190E-004   1.4924225884980694E-004  -1.9948764179613561E-003  -1.4917124942071324E-006   9.3149227050414156E-009  -3.8471545851963577E-004
 dijxc
  -3.2262197949845160E-002 -0.15108322261040119        10.470933137154885        8.7181593619910678E-005  -1.1654469557333860E-003  -3.8309173224247922E-004  -4.8183226017696436E-007   6.4935406182078698E-006   5.1505088169055789E-009  -3.8240750876601583E-004   1.4926093887079856E-004  -1.9951253676660841E-003  -1.4919232420330534E-006   9.3162150946897350E-009  -3.8475743200739470E-004
 dijxc
  -3.2261635309354775E-002 -0.15108900722664859        10.470972235420348        8.7172660629159760E-005  -1.1653263157934822E-003  -3.8299707728243527E-004  -4.8180000896030223E-007   6.4931127922297403E-006   5.1498508247514378E-009  -3.8231310689968811E-004   1.4924759588357537E-004  -1.9949443815752868E-003  -1.4916814838668015E-006   9.3152051434583458E-009  -3.8466254614261325E-004
 dijxc
  -3.2261883129746566E-002 -0.15108649571752342        10.470955140190116        8.7173637769380805E-005  -1.1653407014101495E-003  -3.8303926039739251E-004  -4.8181822758403868E-007   6.4933516433750378E-006   5.1499884829098731E-009  -3.8235521784080921E-004   1.4926554245105056E-004  -1.9951844932378933E-003  -1.4918836565203394E-006   9.3164076083211488E-009  -3.8470533697562638E-004
 dijxc
  -3.2262254901864136E-002 -0.15108272718504018        10.470929444795535        8.7191054487602865E-005  -1.1655794377568823E-003  -3.8310339017604738E-004  -4.8181891089311395E-007   6.4934123974028162E-006   5.1507720977053623E-009  -3.8241910598047759E-004   1.4921807615011565E-004  -1.9945691912390548E-003  -1.4915416421981345E-006   9.3132417680225886E-009  -3.8476731906271792E-004
 dijxc
  -3.2262537966659663E-002 -0.15107982432943645        10.470909803228798        8.7195319629848882E-005  -1.1656372952182918E-003  -3.8315116460169412E-004  -4.8183518969279550E-007   6.4936289132645014E-006   5.1510851794439778E-009  -3.8246675750355146E-004   1.4922543669487607E-004  -1.9946691120352922E-003  -1.4916668959605476E-006   9.3137825071105935E-009  -3.8481523847237774E-004
 dijxc
  -3.2261972042935121E-002 -0.15108563111182577        10.470949080196394        8.7186789521577580E-005  -1.1655215806207059E-003  -3.8305587535747020E-004  -4.8180263021758159E-007   6.4931958432838816E-006   5.1504590761441349E-009  -3.8237171404839664E-004   1.4921071631345326E-004  -1.9944692764430720E-003  -1.4914164228432553E-006   9.3127011627359546E-009  -3.8471965930995987E-004
 dijxc
  -3.2262255276181581E-002 -0.15108272546463949        10.470929428798472        8.7191059137325461E-005  -1.1655795282488029E-003  -3.8310351835307138E-004  -4.8181899852707374E-007   6.4934137276473880E-006   5.1507720262288056E-009  -3.8241923423729433E-004   1.4921807689036821E-004  -1.9945692503337601E-003  -1.4915413804950385E-006   9.3132410838891020E-009  -3.8476744677499097E-004
 dijxc
  -3.2261883075496836E-002 -0.15108649889260767        10.470955143487913        8.7173557738008461E-005  -1.1653395369804055E-003  -3.8303950661693412E-004  -4.8181879162148180E-007   6.4933587542315268E-006   5.1499907296596438E-009  -3.8235546604327300E-004   1.4926609603098278E-004  -1.9951916946178388E-003  -1.4918889145665847E-006   9.3164529002088459E-009  -3.8470560571781613E-004
 dijxc
  -3.2262133839785198E-002 -0.15108396385486256        10.470937881181426        8.7174233410409059E-005  -1.1653503027884203E-003  -3.8308206281215281E-004  -4.8183725007044308E-007   6.4936016202220890E-006   5.1501043038653918E-009  -3.8239795477807402E-004   1.4928519589099446E-004  -1.9954476175974298E-003  -1.4920998596811857E-006   9.3177163688957392E-009  -3.8474881905365733E-004
 dijxc
  -3.2261569042300930E-002 -0.15108976516174102        10.470977098064251        8.7165730132543234E-005  -1.1652354580711246E-003  -3.8298707347441091E-004  -4.8180301979534205E-007   6.4931476728554438E-006   5.1494562960586707E-009  -3.8230320803764567E-004   1.4926948344609015E-004  -1.9952353059802265E-003  -1.4918391885058537E-006   9.3165369254724062E-009  -3.8465350300160412E-004
 dijxc
  -3.2261819402620684E-002 -0.15108723618219566        10.470959857809047        8.7166955798827534E-005  -1.1652540878968696E-003  -3.8302980337386419E-004  -4.8181839461193716E-007   6.4933508928706725E-006   5.1495695846602580E-009  -3.8234585506142962E-004   1.4928529018216818E-004  -1.9954483039009798E-003  -1.4920236024745984E-006   9.3175469498597166E-009  -3.8469675804307527E-004
 dijxc
  -3.2262254824071877E-002 -0.15108272669354633        10.470929450519316        8.7191054609943614E-005  -1.1655794384385794E-003  -3.8310327307269801E-004  -4.8181891406675529E-007   6.4934124331670307E-006   5.1507721570657448E-009  -3.8241898887179406E-004   1.4921807640849434E-004  -1.9945691930891578E-003  -1.4915416537945995E-006   9.3132418719051411E-009  -3.8476720197449252E-004
 dijxc
  -3.2262537685515860E-002 -0.15107982213027887        10.470909822075740        8.7195320095189430E-005  -1.1656373012819171E-003  -3.8315070582850292E-004  -4.8183519830332375E-007   6.4936290261058292E-006   5.1510852769652070E-009  -3.8246629872186716E-004   1.4922543722841483E-004  -1.9946691189630600E-003  -1.4916669056266472E-006   9.3137826511665853E-009  -3.8481477970482483E-004
 dijxc
  -3.2261972022674508E-002 -0.15108563105863371        10.470949083851535        8.7186789958359335E-005  -1.1655215865359523E-003  -3.8305583860698885E-004  -4.8180263736980455E-007   6.4931959378193035E-006   5.1504591543023034E-009  -3.8237167729035970E-004   1.4921071678178791E-004  -1.9944692828965400E-003  -1.4914164306819411E-006   9.3127012701449899E-009  -3.8471962256255853E-004
 dijxc
  -3.2262255176468690E-002 -0.15108272501781161        10.470929431077051        8.7191059791534597E-005  -1.1655795375569342E-003  -3.8310340415845733E-004  -4.8181900760690504E-007   6.4934138504439355E-006   5.1507721127543337E-009  -3.8241912003315318E-004   1.4921807748554690E-004  -1.9945692593379858E-003  -1.4915413868123902E-006   9.3132411835363211E-009  -3.8476733257582641E-004
 dijxc
  -3.2261819433324866E-002 -0.15108723155687809        10.470959850001423        8.7166795420937638E-005  -1.1652518932200339E-003  -3.8302943666547093E-004  -4.8181904681592115E-007   6.4933593016839469E-006   5.1495664145466152E-009  -3.8234549207481023E-004   1.4928615728753612E-004  -1.9954597098737615E-003  -1.4920308612715106E-006   9.3176102180942427E-009  -3.8469642679406246E-004
 dijxc
  -3.2262071007656108E-002 -0.15108469654956203        10.470942531789857        8.7168090636397804E-005  -1.1652718648283490E-003  -3.8307269010025074E-004  -4.8183323168690893E-007   6.4935474974886478E-006   5.1496676956554520E-009  -3.8238865845969714E-004   1.4930123623557720E-004  -1.9956635979192631E-003  -1.4922096900441373E-006   9.3185505255557810E-009  -3.8474017777644347E-004
 dijxc
  -3.2261502811305319E-002 -0.15109052286621250        10.470981952661917        8.7159998956109344E-005  -1.1651623268724232E-003  -3.8297695241210387E-004  -4.8179849408851158E-007   6.4930861500476385E-006   5.1490468976391938E-009  -3.8229315426931327E-004   1.4928392672373979E-004  -1.9954299030376841E-003  -1.4919391674714773E-006   9.3172785700260181E-009  -3.8464404703754320E-004
 dijxc
  -3.2261749359203645E-002 -0.15108802253026793        10.470964927790920        8.7162134341298113E-005  -1.1651935620882580E-003  -3.8301888995330902E-004  -4.8181110176678104E-007   6.4932530550909474E-006   5.1491911027959168E-009  -3.8233498427385710E-004   1.4929555475537307E-004  -1.9955882096560126E-003  -1.4920964397392224E-006   9.3179983367664268E-009  -3.8468633964695463E-004
 dijxc
  -3.2262254881643290E-002 -0.15108272689708058        10.470929449056364        8.7191055316012295E-005  -1.1655794483185664E-003  -3.8310333125534074E-004  -4.8181892411642407E-007   6.4934125682738070E-006   5.1507722558548318E-009  -3.8241904704386181E-004   1.4921807706801994E-004  -1.9945692027498515E-003  -1.4915416614104176E-006   9.3132419915367742E-009  -3.8476726015348149E-004
 dijxc
  -3.2262537830016216E-002 -0.15107982349510476        10.470909806462805        8.7195320982140384E-005  -1.1656373144950821E-003  -3.8315098644557959E-004  -4.8183520921197795E-007   6.4936291774936553E-006   5.1510853664945505E-009  -3.8246657932760524E-004   1.4922543794128662E-004  -1.9946691309247928E-003  -1.4916669091488025E-006   9.3137827300896164E-009  -3.8481506030738544E-004
 dijxc
  -3.2261971962408827E-002 -0.15108563041904888        10.470949087771467        8.7186790750436906E-005  -1.1655215980723728E-003  -3.8305572724621647E-004  -4.8180264578553036E-007   6.4931960535018364E-006   5.1504592268363188E-009  -3.8237156591864772E-004   1.4921071739981915E-004  -1.9944692928810376E-003  -1.4914164357594159E-006   9.3127013243758193E-009  -3.8471951119048789E-004
 dijxc
  -3.2262255147848945E-002 -0.15108272454804611        10.470929433877259        8.7191060620611354E-005  -1.1655795496972560E-003  -3.8310333318542747E-004  -4.8181901430635586E-007   6.4934139434717531E-006   5.1507721635461399E-009  -3.8241904904895451E-004   1.4921807805616302E-004  -1.9945692688814977E-003  -1.4915413907289589E-006   9.3132411876696946E-009  -3.8476726158731414E-004
 dijxc
  -3.2261750085418428E-002 -0.15108801530154087        10.470964891922899        8.7161985765519330E-005  -1.1651916138050477E-003  -3.8301885357611707E-004  -4.8181117242849614E-007   6.4932540385349823E-006   5.1491816018413887E-009  -3.8233495099401793E-004   1.4929610718646694E-004  -1.9955955502562522E-003  -1.4921001034479357E-006   9.3180309233582614E-009  -3.8468632664579892E-004
 dijxc
  -3.2261994786545935E-002 -0.15108553020960191        10.470947970339097        8.7164553919488126E-005  -1.1652288404515681E-003  -3.8306057035176447E-004  -4.8182214922744367E-007   6.4933993624662039E-006   5.1493384344210936E-009  -3.8237654819075909E-004   1.4930567720223217E-004  -1.9957268835446500E-003  -1.4922440428939621E-006   9.3186049793695104E-009  -3.8472831523356146E-004
 dijxc
  -3.2261423198210709E-002 -0.15109138343362680        10.470987609066022        8.7156633840892956E-005  -1.1651211646833556E-003  -3.8296415511812176E-004  -4.8178885819896932E-007   6.4929557502010468E-006   5.1487514559878377E-009  -3.8228036400939059E-004   1.4928862362415413E-004  -1.9954960709198453E-003  -1.4919809792885278E-006   9.3173870944661577E-009  -3.8463151425307185E-004
 dijxc
  -3.2261660204338898E-002 -0.15108895625843261        10.470971163611784        8.7159924699861221E-005  -1.1651674576260063E-003  -3.8300412763602040E-004  -4.8180131100881198E-007   6.4931181949979161E-006   5.1489841465810890E-009  -3.8232020171601001E-004   1.4929694698864824E-004  -1.9956102776772940E-003  -1.4921281231110862E-006   9.3179392324149648E-009  -3.8467170134937382E-004
 dijxc
  -3.2262254961910930E-002 -0.15108272738956419        10.470929441523099        8.7191056169097516E-005  -1.1655794609054596E-003  -3.8310345963312364E-004  -4.8181893119253530E-007   6.4934126670195926E-006   5.1507723083549265E-009  -3.8241917541037519E-004   1.4921807764933329E-004  -1.9945692126542352E-003  -1.4915416648467837E-006   9.3132419959641277E-009  -3.8476738851452811E-004
 dijxc
  -3.2262537821007999E-002 -0.15107982336678744        10.470909806462059        8.7195321794075810E-005  -1.1656373262680956E-003  -3.8315096753846999E-004  -4.8183521276826293E-007   6.4936292273113661E-006   5.1510853850868666E-009  -3.8246656040947277E-004   1.4922543839932637E-004  -1.9946691387274875E-003  -1.4916669125113867E-006   9.3137826675133203E-009  -3.8481504138187812E-004
 dijxc
  -3.2261972120070287E-002 -0.15108563157567168        10.470949074887956        8.7186791428540042E-005  -1.1655216078515487E-003  -3.8305598589863181E-004  -4.8180264775631853E-007   6.4931960810485786E-006   5.1504592323976766E-009  -3.8237182456160211E-004   1.4921071774524864E-004  -1.9944692988161155E-003  -1.4914164388209282E-006   9.3127012486588361E-009  -3.8471976982694769E-004
 dijxc
  -3.2262255290247052E-002 -0.15108272542281742        10.470929427139332        8.7191061128859582E-005  -1.1655795568211963E-003  -3.8310353062681319E-004  -4.8181901297504961E-007   6.4934139245643531E-006   5.1507721383976076E-009  -3.8241924648286379E-004   1.4921807819757684E-004  -1.9945692714192220E-003  -1.4915413929404578E-006   9.3132410630696476E-009  -3.8476745901371880E-004
 dijxc
  -3.2261661044369963E-002 -0.15108895012674800        10.470971108742978        8.7159865284496327E-005  -1.1651667857756078E-003  -3.8300436188759969E-004  -4.8180064475734274E-007   6.4931096884515695E-006   5.1489721225579669E-009  -3.8232043660425276E-004   1.4929681019839274E-004  -1.9956085896071615E-003  -1.4921253482883333E-006   9.3179171929202649E-009  -3.8467193166604125E-004
 dijxc
  -3.2261893109748946E-002 -0.15108655886171757        10.470954965867231        8.7163756064930246E-005  -1.1652209140786537E-003  -3.8304316982581391E-004  -4.8181241692589968E-007   6.4932618890095743E-006   5.1492452284310851E-009  -3.8235909521355566E-004   1.4930318478950972E-004  -1.9956968149862698E-003  -1.4922646499869963E-006   9.3183590617146085E-009  -3.8471087309839937E-004
 dijxc
  -3.2261319086401473E-002 -0.15109243022997237        10.470994749696825        8.7155707094829725E-005  -1.1651110297747987E-003  -3.8294615484696707E-004  -4.8178121603898451E-007   6.4928443899490037E-006   5.1486788183915227E-009  -3.8226231624172841E-004   1.4928792664858212E-004  -1.9954892033694658E-003  -1.4920211342131506E-006   9.3172956598352659E-009  -3.8461354256574614E-004
 dijxc
  -3.2261543292669240E-002 -0.15109010281405355        10.470979100628060        8.7159924998660631E-005  -1.1651684983445376E-003  -3.8298349961519128E-004  -4.8179623860773746E-007   6.4930358671175293E-006   5.1490261429916068E-009  -3.8229950759014213E-004   1.4929586445803399E-004  -1.9955969855437608E-003  -1.4921894994480561E-006   9.3179203368532874E-009  -3.8465107665577403E-004
 dijxc
  -3.2262254959823530E-002 -0.15108272719007199        10.470929444035580        8.7191056669695628E-005  -1.1655794683178948E-003  -3.8310342770749223E-004  -4.8181892934651868E-007   6.4934126433707130E-006   5.1507722696808605E-009  -3.8241914347835219E-004   1.4921807776119335E-004  -1.9945692154659383E-003  -1.4915416644282999E-006   9.3132418454365014E-009  -3.8476735657053357E-004
