 dijxc
  0.32080358773663481       -2.9673211082416553        24.988079713858557       -1.2887104242173467E-007  -4.0304321787794774E-005  -1.1541464150812121E-002  -1.1956862856878967E-007   1.1216622317185153E-006   2.5682869003940887E-008  -1.0888777009471870E-002   1.4736423662652939E-005  -8.8529424904488309E-005   5.3724813030227482E-005  -3.1474270699122474E-008  -1.1629269660260073E-002   8.4128389337542720E-005  -4.8384133413742865E-004 -0.36262280080566123       -1.3781622248886200E-007  -3.1757099428798168E-004   6.4190987126251358        6.1343545185175884E-007  -6.0502526649179886E-006  -1.3781622248886200E-007 -0.36651377625245479        1.7086370371280900E-007   7.9005018459037899E-007   6.4408521083556991       -1.7414394798338984E-004   1.3152260238672485E-003  -3.1757099428798168E-004   1.7086370371280900E-007 -0.36209548431646210        1.7788253185788588E-003  -9.7573774700184426E-007   6.4161523601815933     
 dijxc
  0.32080358773663481       -2.9673211082416553        24.988079713858557       -1.2887104242173467E-007  -4.0304321787794774E-005  -1.1541464150812121E-002  -1.1956862856878967E-007   1.1216622317185153E-006   2.5682869003940887E-008  -1.0888777009471870E-002   1.4736423662652939E-005  -8.8529424904488309E-005   5.3724813030227482E-005  -3.1474270699122474E-008  -1.1629269660260073E-002   8.4128389337542720E-005  -4.8384133413742865E-004 -0.36262280080566123       -1.3781622248886200E-007  -3.1757099428798168E-004   6.4190987126251358        6.1343545185175884E-007  -6.0502526649179886E-006  -1.3781622248886200E-007 -0.36651377625245479        1.7086370371280900E-007   7.9005018459037899E-007   6.4408521083556991       -1.7414394798338984E-004   1.3152260238672485E-003  -3.1757099428798168E-004   1.7086370371280900E-007 -0.36209548431646210        1.7788253185788588E-003  -9.7573774700184426E-007   6.4161523601815933     
 dijxc
  0.32080563508365417       -2.9673409351429965        24.988268423903342       -1.5385807135020870E-007  -4.0151780095971885E-005  -1.1542226430322322E-002  -1.1959267677865996E-007   1.1218958460333398E-006   2.5681297400061713E-008  -1.0889410995899323E-002   1.4744057852924542E-005  -8.8587169131346187E-005   5.3728701245805433E-005  -3.1473690168183409E-008  -1.1630078312131989E-002   8.4417738071834635E-005  -4.8603557684689361E-004 -0.36261791978203095       -1.3780845922940380E-007  -3.1759231999640362E-004   6.4190742843161441        6.1356459204738369E-007  -6.0515452344935449E-006  -1.3780845922940380E-007 -0.36650962718029167        1.7086111183925688E-007   7.9000730623749881E-007   6.4408316336318521       -1.7421232038101805E-004   1.3157796483342764E-003  -3.1759231999640362E-004   1.7086111183925688E-007 -0.36209033182960981        1.7789337289664962E-003  -9.7572336903627990E-007   6.4161264338324511     
 dijxc
  0.32080154082228829       -2.9673012853614402        24.987891041573931       -1.0390284903797888E-007  -4.0456712236411335E-005  -1.1540701897705702E-002  -1.1954459590345356E-007   1.1214287623360100E-006   2.5684439001130251E-008  -1.0888143053837250E-002   1.4728792672804096E-005  -8.8471709458220999E-005   5.3720924901423652E-005  -3.1474848318397481E-008  -1.1628461039905946E-002   8.3839194322664115E-005  -4.8164836852927025E-004 -0.36262768159065850       -1.3782397640170024E-007  -3.1754966853720496E-004   6.4191231405929887        6.1330640308409074E-007  -6.0489609711636840E-006  -1.3782397640170024E-007 -0.36651792504814623        1.7086627901490584E-007   7.9009300997502260E-007   6.4408725824434665       -1.7407559689871594E-004   1.3146725901925533E-003  -3.1754966853720496E-004   1.7086627901490584E-007 -0.36210063653826385        1.7787169037674416E-003  -9.7575203059033971E-007   6.4161782860659669     
 dijxc
  0.32080358571980777       -2.9673210871053497        24.988079489623360       -1.2906802416852420E-007  -4.0302620644424913E-005  -1.1541464571919180E-002  -1.1956861696812903E-007   1.1216620972756030E-006   2.5682864897076536E-008  -1.0888777431120746E-002   1.4736355593109204E-005  -8.8528901098906067E-005   5.3724798498604947E-005  -3.1474266328470688E-008  -1.1629270137324101E-002   8.4129692562655967E-005  -4.8385302172761300E-004 -0.36262279908965755       -1.3781619686464318E-007  -3.1757090805429559E-004   6.4190987042492971        6.1343541253737194E-007  -6.0502521432028577E-006  -1.3781619686464318E-007 -0.36651377455235556        1.7086367857989602E-007   7.9005003280632208E-007   6.4408521001800008       -1.7414336963324353E-004   1.3152212458939821E-003  -3.1757090805429559E-004   1.7086367857989602E-007 -0.36209548227357558        1.7788248453635938E-003  -9.7573760508309411E-007   6.4161523499491651     
 dijxc
  0.32080358766932127       -2.9673211078523578        24.988079716175015       -1.2881596706211752E-007  -4.0304861575436875E-005  -1.1541463346722028E-002  -1.1956862495436379E-007   1.1216621943931265E-006   2.5682872204157226E-008  -1.0888776188011005E-002   1.4736432834504674E-005  -8.8529509535066218E-005   5.3724811958253877E-005  -3.1474256921952611E-008  -1.1629268623337609E-002   8.4128174195787194E-005  -4.8383904620939245E-004 -0.36262280569141742       -1.3781624105080299E-007  -3.1757098419273727E-004   6.4190987387945064        6.1343543749292800E-007  -6.0502524965934143E-006  -1.3781624105080299E-007 -0.36651378120048050        1.7086362410160343E-007   7.9005029203477701E-007   6.4408521348891572       -1.7414399748226235E-004   1.3152265018976693E-003  -3.1757098419273727E-004   1.7086362410160343E-007 -0.36209549027796079        1.7788252694871281E-003  -9.7573728040137287E-007   6.4161523918153787     
 dijxc
  0.32080563221068370       -2.9673409140848346        24.988268319402195       -1.5261428244422808E-007  -4.0161020741300859E-005  -1.1542221452311222E-002  -1.1959206518490581E-007   1.1218904182386752E-006   2.5680879745080165E-008  -1.0889404458182567E-002   1.4517562869253380E-005  -8.6602785259752129E-005   5.3699428003518967E-005  -3.1474162301556435E-008  -1.1630074073234374E-002   8.4406553267356521E-005  -4.8594459748303384E-004 -0.36261794854119955       -1.3780622098325367E-007  -3.1741973311239489E-004   6.4190744257628243        6.1356087748154861E-007  -6.0515108267739997E-006  -1.3780622098325367E-007 -0.36650966533789675        1.7086559074095127E-007   7.8999450661106485E-007   6.4408318277958081       -1.7277427454368216E-004   1.3027549845261632E-003  -3.1741973311239489E-004   1.7086559074095127E-007 -0.36209035597403649        1.7779678899361240E-003  -9.7575511107938557E-007   6.4161265481372673     
 dijxc
  0.32080153793207894       -2.9673012641306014        24.987890935164501       -1.0266104104242059E-007  -4.0465933979244746E-005  -1.1540696930116487E-002  -1.1954398340589342E-007   1.1214233242710458E-006   2.5684022048881051E-008  -1.0888136525454839E-002   1.4502757572619153E-005  -8.6491682588594896E-005   5.3691653566501122E-005  -3.1475325283235956E-008  -1.1628456820617257E-002   8.3828019580891851E-005  -4.8155749055810133E-004 -0.36262771029159507       -1.3782174188486386E-007  -3.1737708482189081E-004   6.4191232816707027        6.1330268719211546E-007  -6.0489265376683258E-006  -1.3782174188486386E-007 -0.36651796315400004        1.7087077888633018E-007   7.9008023152119063E-007   6.4408727762770104       -1.7263989125485593E-004   1.3016711022518349E-003  -3.1737708482189081E-004   1.7087077888633018E-007 -0.36210066058117146        1.7777510710663719E-003  -9.7578387731432916E-007   6.4161783997796302     
 dijxc
  0.32080358021948407       -2.9673210474797531        24.988079305213684       -1.2666405723257783E-007  -4.0320314901365556E-005  -1.1541455117603863E-002  -1.1956727292488852E-007   1.1216500210281258E-006   2.5682105237382047E-008  -1.0888764729883774E-002   1.4296996053983190E-005  -8.4690708874073702E-005   5.3666403639121649E-005  -3.1475678506329422E-008  -1.1629261881529400E-002   8.4107718575052596E-005  -4.8367500665469159E-004 -0.36262285333489497       -1.3781212943929803E-007  -3.1722660777681801E-004   6.4190989688943674        6.1342753415767832E-007  -6.0501783879560789E-006  -1.3781212943929803E-007 -0.36651384833271727        1.7087502612006265E-007   7.9002676995093919E-007   6.4408524744611224       -1.7133169806222005E-004   1.2898279510127381E-003  -3.1722660777681801E-004   1.7087502612006265E-007 -0.36209552898435782        1.7768978940494403E-003  -9.7581416960437334E-007   6.4161525707630611     
 dijxc
  0.32080358774934109       -2.9673211082843256        24.988079714175857       -1.2887091805885302E-007  -4.0304322902012595E-005  -1.1541464142878197E-002  -1.1956864946028281E-007   1.1216624183749049E-006   2.5682866976278002E-008  -1.0888777001418042E-002   1.4736423821653705E-005  -8.8529426327868874E-005   5.3724813053908382E-005  -3.1474265562791788E-008  -1.1629269652148215E-002   8.4128388598699760E-005  -4.8384132727499735E-004 -0.36262280080730197       -1.3781621039803435E-007  -3.1757099441893753E-004   6.4190987126314267        6.1343557747450724E-007  -6.0502538288687256E-006  -1.3781621039803435E-007 -0.36651377625475751        1.7086367450980078E-007   7.9005011716377388E-007   6.4408521083655943       -1.7414394893663619E-004   1.3152260327106951E-003  -3.1757099441893753E-004   1.7086367450980078E-007 -0.36209548431911781        1.7788253193095566E-003  -9.7573758203621128E-007   6.4161523601936361     
 dijxc
  0.32080563510018700       -2.9673409352912565        24.988268425455011       -1.5385609582479664E-007  -4.0151798261410738E-005  -1.1542226424327361E-002  -1.1959271859972562E-007   1.1218962203398767E-006   2.5681293378430529E-008  -1.0889410989746544E-002   1.4744058416364309E-005  -8.8587174175168995E-005   5.3728701262403931E-005  -3.1473680000880992E-008  -1.1630078305683883E-002   8.4417727219714394E-005  -4.8603547314498652E-004 -0.36261791979478902       -1.3780843523719181E-007  -3.1759232006218049E-004   6.4190742843453545        6.1356484245087065E-007  -6.0515475585001826E-006  -1.3780843523719181E-007 -0.36650962719364916        1.7086105398153936E-007   7.9000717252765624E-007   6.4408316336641072       -1.7421232377035762E-004   1.3157796797430151E-003  -3.1759232006218049E-004   1.7086105398153936E-007 -0.36209033184496481        1.7789337293098180E-003  -9.7572304223477697E-007   6.4161264338764248     
 dijxc
  0.32080154083097356       -2.9673012854761400        24.987891042907556       -1.0390088605858165E-007  -4.0456730283654370E-005  -1.1540701898098686E-002  -1.1954463734752580E-007   1.1214291333123615E-006   2.5684434913139819E-008  -1.0888143054076212E-002   1.4728793230480038E-005  -8.8471714452128955E-005   5.3720924917154260E-005  -3.1474838273135505E-008  -1.1628461039848180E-002   8.3839183538393761E-005  -4.8164826548848297E-004 -0.36262768159032671       -1.3782395206697764E-007  -3.1754966859906113E-004   6.4191231405687166        6.1330665112583162E-007  -6.0489632737207481E-006  -1.3782395206697764E-007 -0.36651792504840330        1.7086622178614949E-007   7.9009287427881556E-007   6.4408725824222071       -1.7407560025324434E-004   1.3146726212878137E-003  -3.1754966859906113E-004   1.7086622178614949E-007 -0.36210063654051355        1.7787169040901589E-003  -9.7575170742139665E-007   6.4161782860563674     
 dijxc
  0.32080358574302703       -2.9673210873445655        24.988079492261939       -1.2906442189292155E-007  -4.0302653752744818E-005  -1.1541464565713720E-002  -1.1956867815179680E-007   1.1216626451568393E-006   2.5682858600244432E-008  -1.0888777424783010E-002   1.4736356515230963E-005  -8.8528909378151222E-005   5.3724798506094019E-005  -3.1474251588836412E-008  -1.1629270130389967E-002   8.4129672734177332E-005  -4.8385283229370228E-004 -0.36262279910583822       -1.3781615952281768E-007  -3.1757090804648516E-004   6.4190987042843073        6.1343577844370201E-007  -6.0502555414287841E-006  -1.3781615952281768E-007 -0.36651377456880307        1.7086359443509186E-007   7.9004982442226367E-007   6.4408521002159365       -1.7414337512934887E-004   1.3152212970197166E-003  -3.1757090804648516E-004   1.7086359443509186E-007 -0.36209548229393057        1.7788248452761083E-003  -9.7573713013605789E-007   6.4161523500079163     
 dijxc
  0.32080358217330734       -2.9673210678495865        24.988079519351174       -1.2645923737563944E-007  -4.0322082591801153E-005  -1.1541454796189309E-002  -1.1956734672470430E-007   1.1216507576576887E-006   2.5682081868337712E-008  -1.0888764455021675E-002   1.4293109438417775E-005  -8.4653225289966496E-005   5.3666375309209638E-005  -3.1475531436743465E-008  -1.1629261682483114E-002   8.4106363622095376E-005  -4.8366285190323756E-004 -0.36262285451197107       -1.3781200487568956E-007  -3.1722644069867697E-004   6.4190989745588194        6.1342785649220064E-007  -6.0501817895614685E-006  -1.3781200487568956E-007 -0.36651384923376928        1.7087427264781033E-007   7.9002606502658355E-007   6.4408524784425332       -1.7131384887133795E-004   1.2896438807636643E-003  -3.1722644069867697E-004   1.7087427264781033E-007 -0.36209552952679092        1.7768969981252396E-003  -9.7581004013642910E-007   6.4161525727740809     
 dijxc
  0.32080562679347896       -2.9673408751184462        24.988268138798087       -1.5028797623354442E-007  -4.0177972138523210E-005  -1.1542212527935067E-002  -1.1959069221957799E-007   1.1218779920740843E-006   2.5680164651293118E-008  -1.0889392218175767E-002   1.4089340032075451E-005  -8.2870541745428626E-005   5.3641185407303270E-005  -3.1475877620662671E-008  -1.1630066267205981E-002   8.4384923184860382E-005  -4.8577009875811302E-004 -0.36261799938260975       -1.3780239138089872E-007  -3.1707628228547040E-004   6.4190746715976790        6.1355300315864273E-007  -6.0514366048294498E-006  -1.3780239138089872E-007 -0.36650973612510335        1.7087845726872985E-007   7.8997260504828268E-007   6.4408321856122397       -1.7001656136376566E-004   1.2779048129381075E-003  -3.1707628228547040E-004   1.7087845726872985E-007 -0.36209039990465175        1.7760456211440710E-003  -9.7583991716017234E-007   6.4161267544325806     
 dijxc
  0.32080153289666358       -2.9673012292203422        24.987890799115785       -1.0036223761275469E-007  -4.0482648186825662E-005  -1.1540687862413086E-002  -1.1954250846755609E-007   1.1214098674528203E-006   2.5683374529095950E-008  -1.0888124003533603E-002   1.4086435991869127E-005  -8.2873388376239362E-005   5.3633540864501169E-005  -3.1477436589565363E-008  -1.1628448392402353E-002   8.3806566610978355E-005  -4.8138460252710900E-004 -0.36262776183702655       -1.3781827873424765E-007  -3.1703437225571800E-004   6.4191235310071511        6.1329443511626242E-007  -6.0488481536050510E-006  -1.3781827873424765E-007 -0.36651803541384947        1.7088565973165130E-007   7.9006042530232276E-007   6.4408731419519007       -1.6993862412712467E-004   1.2773950787487549E-003  -3.1703437225571800E-004   1.7088565973165130E-007 -0.36210070780503206        1.7758327920568786E-003  -9.7587968386737311E-007   6.4161786244002732     
 dijxc
  0.32080357535863357       -2.9673210146616249        24.988079198409707       -1.2442937254287385E-007  -4.0336447738038432E-005  -1.1541445497225390E-002  -1.1956565613765018E-007   1.1216350834651550E-006   2.5681576430282786E-008  -1.0888751445578874E-002   1.3907138187563301E-005  -8.1324109516541529E-005   5.3608665564430120E-005  -3.1478501764327059E-008  -1.1629252074457669E-002   8.4086624553442025E-005  -4.8350556235204016E-004 -0.36262290788131324       -1.3780930744756502E-007  -3.1688596927244110E-004   6.4190992332980947        6.1341883724660651E-007  -6.0500947044359799E-006  -1.3780930744756502E-007 -0.36651392474867028        1.7089346394606937E-007   7.9001063232487407E-007   6.4408528618003889       -1.6875889340615269E-004   1.2668443169853367E-003  -3.1688596927244110E-004   1.7089346394606937E-007 -0.36209558372245787        1.7749910757026406E-003  -9.7592922815101473E-007   6.4161528362699141     
 dijxc
  0.32080358776381745       -2.9673211085070581        24.988079716725196       -1.2886725470913742E-007  -4.0304356589223087E-005  -1.1541464143475622E-002  -1.1956871084574068E-007   1.1216629681062066E-006   2.5682860741230360E-008  -1.0888777001859827E-002   1.4736424754871110E-005  -8.8529434696787306E-005   5.3724813061835662E-005  -3.1474250743853437E-008  -1.1629269652021171E-002   8.4128368463281362E-005  -4.8384113483002539E-004 -0.36262280082014942       -1.3781617337317364E-007  -3.1757099441194323E-004   6.4190987126418122        6.1343594451995750E-007  -6.0502572377962085E-006  -1.3781617337317364E-007 -0.36651377626796089        1.7086358995904681E-007   7.9004991061713195E-007   6.4408521083774177       -1.7414395451503513E-004   1.3152260845352729E-003  -3.1757099441194323E-004   1.7086358995904681E-007 -0.36209548433611993        1.7788253192249544E-003  -9.7573710473613236E-007   6.4161523602276507     
 dijxc
  0.32080563513498656       -2.9673409356296871        24.988268429157241       -1.5385082690676025E-007  -4.0151846696012526E-005  -1.1542226414386667E-002  -1.1959279906626846E-007   1.1218969410836212E-006   2.5681284907478136E-008  -1.0889410979670520E-002   1.4744059703466010E-005  -8.8587185735305659E-005   5.3728701260818821E-005  -3.1473660596865649E-008  -1.1630078294746930E-002   8.4417698219992675E-005  -4.8603519605710166E-004 -0.36261791981372521       -1.3780838506021764E-007  -3.1759231997947023E-004   6.4190742843651893        6.1356532342674730E-007  -6.0515520266799608E-006  -1.3780838506021764E-007 -0.36650962721263353        1.7086094308931652E-007   7.9000689245329420E-007   6.4408316336834357       -1.7421233142891931E-004   1.3157797510324311E-003  -3.1759231997947023E-004   1.7086094308931652E-007 -0.36209033186961265        1.7789337287841187E-003  -9.7572241646051512E-007   6.4161264339287492     
 dijxc
  0.32080154086124502       -2.9673012857917804        24.987891046359902       -1.0389581456760126E-007  -4.0456776857183041E-005  -1.1540701890797561E-002  -1.1954471666449052E-007   1.1214298436583304E-006   2.5684426292047795E-008  -1.0888143046689391E-002   1.4728794479592498E-005  -8.8471725694583324E-005   5.3720924914300951E-005  -3.1474819143585956E-008  -1.1628461031549103E-002   8.3839155540410936E-005  -4.8164799818693971E-004 -0.36262768160765635       -1.3782390110301317E-007  -3.1754966851225557E-004   6.4191231405779146        6.1330712537680317E-007  -6.0489676792678650E-006  -1.3782390110301317E-007 -0.36651792506558833        1.7086611231870274E-007   7.9009258965833071E-007   6.4408725824297086       -1.7407560764061360E-004   1.3146726902190208E-003  -3.1754966851225557E-004   1.7086611231870274E-007 -0.36210063656355729        1.7787169035400081E-003  -9.7575108987560630E-007   6.4161782860980745     
 dijxc
  0.32080358576725720       -2.9673210876768823        24.988079496226486       -1.2905813117872227E-007  -4.0302711435587370E-005  -1.1541464566162341E-002  -1.1956877433859637E-007   1.1216635064106782E-006   2.5682847587939254E-008  -1.0888777425259025E-002   1.4736358044240397E-005  -8.8528923186860986E-005   5.3724798490304790E-005  -3.1474228254257534E-008  -1.1629270129570213E-002   8.4129637838536512E-005  -4.8385249957007861E-004 -0.36262279911250089       -1.3781609456794482E-007  -3.1757090787072129E-004   6.4190987042700174        6.1343635394131870E-007  -6.0502608870474546E-006  -1.3781609456794482E-007 -0.36651377457464829        1.7086346062140382E-007   7.9004946144751357E-007   6.4408521001958032       -1.7414338408402893E-004   1.3152213809192220E-003  -3.1757090787072129E-004   1.7086346062140382E-007 -0.36209548230784377        1.7788248442096304E-003  -9.7573637561128394E-007   6.4161523500348805     
 dijxc
  0.32080357732410786       -2.9673210350764725        24.988079413140341       -1.2422467561178845E-007  -4.0338214785835119E-005  -1.1541445168258613E-002  -1.1956572700936666E-007   1.1216357908979837E-006   2.5681554260167647E-008  -1.0888751160979933E-002   1.3903393620987827E-005  -8.1288016557262965E-005   5.3608639417524895E-005  -3.1478360356446606E-008  -1.1629251862901195E-002   8.4085271135009469E-005  -4.8349341948802639E-004 -0.36262290905986938       -1.3780918939295178E-007  -3.1688581483187758E-004   6.4190992389943142        6.1341914805234455E-007  -6.0500979810318477E-006  -1.3780918939295178E-007 -0.36651392566310753        1.7089273948364313E-007   7.9000996450441912E-007   6.4408528658816682       -1.6874165480816256E-004   1.2666667245277671E-003  -3.1688581483187758E-004   1.7089273948364313E-007 -0.36209558429205102        1.7749902485351505E-003  -9.7592525772623555E-007   6.4161528384633080     
 dijxc
  0.32080562222013009       -2.9673408457927057        24.988268079758338       -1.4814839577009421E-007  -4.0193242365284851E-005  -1.1542202152907161E-002  -1.1958886111112736E-007   1.1218608294337981E-006   2.5679810747016168E-008  -1.0889377867957045E-002   1.3738267478316056E-005  -7.9872821919880745E-005   5.3583995840297416E-005  -3.1479746493612387E-008  -1.1630054478752282E-002   8.4364361466559044E-005  -4.8560576062531974E-004 -0.36261805806217257       -1.3780051453216533E-007  -3.1673867795838832E-004   6.4190749568872176        6.1354361137254261E-007  -6.0513447720455418E-006  -1.3780051453216533E-007 -0.36650981838941049        1.7090212083326876E-007   7.8996187502900869E-007   6.4408326036268164       -1.6763208730444083E-004   1.2568157128629001E-003  -3.1673867795838832E-004   1.7090212083326876E-007 -0.36209046547741824        1.7741555669881341E-003  -9.7598326324596271E-007   6.4161270791526270     
 dijxc
  0.32080152858825345       -2.9673012023590211        24.987890763475683       -9.8255952386587387E-008  -4.0497608878980020E-005  -1.1540677530453146E-002  -1.1954066902592118E-007   1.1213926057566687E-006   2.5683042411517490E-008  -1.0888109648822482E-002   1.3743268510943015E-005  -7.9950201590948082E-005   5.3576499265480964E-005  -3.1481459879277969E-008  -1.1628436453281807E-002   8.3786181163473275E-005  -4.8122199194163744E-004 -0.36262782018117345       -1.3781651851718434E-007  -3.1669754739183022E-004   6.4191238146861398        6.1328503686837834E-007  -6.0487561390423582E-006  -1.3781651851718434E-007 -0.36651811760717545        1.7091006739539629E-007   7.9005036530505141E-007   6.4408735598371090       -1.6759395467665726E-004   1.2567004395813959E-003  -3.1669754739183022E-004   1.7091006739539629E-007 -0.36210077414588493        1.7739470968421781E-003  -9.7602698890622458E-007   6.4161789537597134     
 dijxc
  0.32080357118551023       -2.9673209893758754        24.988079185605415       -1.2245708185446201E-007  -4.0350153048796352E-005  -1.1541434608375617E-002  -1.1956372472101501E-007   1.1216167897950256E-006   2.5681381327859682E-008  -1.0888736307479149E-002   1.3606407580418968E-005  -7.8801680111514259E-005   5.3552367412862102E-005  -3.1483403300398366E-008  -1.1629238546830283E-002   8.4066921983986164E-005  -4.8334975286032855E-004 -0.36262296935714383       -1.3780828338465609E-007  -3.1655313775307860E-004   6.4190995332233785        6.1340926927938205E-007  -6.0499999940102147E-006  -1.3780828338465609E-007 -0.36651401131712269        1.7092213744581726E-007   7.9000479224838275E-007   6.4408533030288391       -1.6662595246418068E-004   1.2482545326238134E-003  -3.1655313775307860E-004   1.7092213744581726E-007 -0.36209565896553170        1.7731277240125511E-003  -9.7609929669994848E-007   6.4161532147267977     
 dijxc
  0.32080358779959850       -2.9673211088771123        24.988079720888763       -1.2886090346529118E-007  -4.0304414845403918E-005  -1.1541464135431306E-002  -1.1956880726042234E-007   1.1216638314628103E-006   2.5682849758419888E-008  -1.0888776993819398E-002   1.4736426294332437E-005  -8.8529448588670285E-005   5.3724813046252444E-005  -3.1474227358613802E-008  -1.1629269642708107E-002   8.4128333256581976E-005  -4.8384079907219082E-004 -0.36262280083496540       -1.3781610857510151E-007  -3.1757099423550727E-004   6.4190987126464591        6.1343652129104788E-007  -6.0502625955174942E-006  -1.3781610857510151E-007 -0.36651377628204601        1.7086345588355518E-007   7.9004954854940930E-007   6.4408521083767365       -1.7414396354547496E-004   1.3152261690786385E-003  -3.1757099423550727E-004   1.7086345588355518E-007 -0.36209548435819378        1.7788253181545846E-003  -9.7573634870047567E-007   6.4161523602735961     
 dijxc
  0.32080563515188337       -2.9673409360200256        24.988268433773527       -1.5384347516903682E-007  -4.0151913999068558E-005  -1.1542226423584580E-002  -1.1959291077153817E-007   1.1218979410475377E-006   2.5681271440990416E-008  -1.0889410989014969E-002   1.4744061477592141E-005  -8.8587201807614372E-005   5.3728701229759221E-005  -3.1473633261083923E-008  -1.1630078302408170E-002   8.4417657233851030E-005  -4.8603480581758794E-004 -0.36261791983022340       -1.3780830577024320E-007  -3.1759231970459543E-004   6.4190742843474577        6.1356599227176049E-007  -6.0515582386683608E-006  -1.3780830577024320E-007 -0.36650962722765373        1.7086078600692593E-007   7.9000644914961911E-007   6.4408316336557840       -1.7421234172884534E-004   1.3157798478940653E-003  -3.1759231970459543E-004   1.7086078600692593E-007 -0.36209033189488227        1.7789337271461405E-003  -9.7572153115787985E-007   6.4161264339609243     
 dijxc
  0.32080154089878438       -2.9673012862214314        24.987891051106786       -1.0388878571268955E-007  -4.0456841128068503E-005  -1.1540701883225098E-002  -1.1954482639023296E-007   1.1214308256791913E-006   2.5684412740883449E-008  -1.0888143039327738E-002   1.4728796189858789E-005  -8.8471741214419879E-005   5.3720924879312717E-005  -3.1474792092930045E-008  -1.1628461022445184E-002   8.3839116197184830E-005  -4.8164762402478424E-004 -0.36262768163713377       -1.3782382132174527E-007  -3.1754966821855675E-004   6.4191231406282228        6.1330778277086793E-007  -6.0489737838176700E-006  -1.3782382132174527E-007 -0.36651792509331343        1.7086595675177516E-007   7.9009214356099632E-007   6.4408725824684554       -1.7407561751070494E-004   1.3146727832583774E-003  -3.1754966821855675E-004   1.7086595675177516E-007 -0.36210063660177250        1.7787169017956545E-003  -9.7575021327619306E-007   6.4161782861980985     
 dijxc
  0.32080358581417218       -2.9673210881508325        24.988079501401049       -1.2905054535075870E-007  -4.0302780596364438E-005  -1.1541464552844084E-002  -1.1956889616355219E-007   1.1216645960785607E-006   2.5682831587383644E-008  -1.0888777412340733E-002   1.4736359895862438E-005  -8.8528940057801855E-005   5.3724798431859096E-005  -3.1474197516135842E-008  -1.1629270114470056E-002   8.4129594983415178E-005  -4.8385209314670481E-004 -0.36262279914768114       -1.3781600035910120E-007  -3.1757090743830731E-004   6.4190987043548464        6.1343708508657299E-007  -6.0502676731908690E-006  -1.3781600035910120E-007 -0.36651377460714074        1.7086328350809531E-007   7.9004893460105342E-007   6.4408521002634007       -1.7414339464099225E-004   1.3152214809524969E-003  -3.1757090743830731E-004   1.7086328350809531E-007 -0.36209548235317546        1.7788248416735499E-003  -9.7573537805851138E-007   6.4161523501774571     
 dijxc
  0.32080357321523634       -2.9673210105330674        24.988079409345602       -1.2224938022932512E-007  -4.0351955111247680E-005  -1.1541434197648782E-002  -1.1956376069715600E-007   1.1216171499359560E-006   2.5681376439676368E-008  -1.0888735906680769E-002   1.3604093851666270E-005  -7.8779734932097749E-005   5.3552332139847213E-005  -3.1483351947003959E-008  -1.1629238148324957E-002   8.4065564687777213E-005  -4.8333752408412378E-004 -0.36262297095627960       -1.3780825968067226E-007  -3.1655295531646504E-004   6.4190995408972240        6.1340944242649366E-007  -6.0500017928272956E-006  -1.3780825968067226E-007 -0.36651401284271129        1.7092188735329976E-007   7.9000466271740263E-007   6.4408533101746173       -1.6661459381011394E-004   1.2481407947330745E-003  -3.1655295531646504E-004   1.7092188735329976E-007 -0.36209566050122632        1.7731266881576186E-003  -9.7609795773255810E-007   6.4161532220497177     
 dijxc
  0.32080561828076887       -2.9673408232002423        24.988268102737962       -1.4633491588960938E-007  -4.0205461278799309E-005  -1.1542190572622131E-002  -1.1958681105079731E-007   1.1218412136010769E-006   2.5679789277261152E-008  -1.0889361747958119E-002   1.3489578766504143E-005  -7.7841986965494834E-005   5.3528584837242972E-005  -3.1485747300504463E-008  -1.1630038969338244E-002   8.4345470663927232E-005  -4.8545802458843055E-004 -0.36261812341675365       -1.3780042438967939E-007  -3.1641061603324095E-004   6.4190752767295685        6.1353381137175204E-007  -6.0512465127076400E-006  -1.3780042438967939E-007 -0.36650991043204184        1.7093614932774050E-007   7.8996138781848758E-007   6.4408330738744954       -1.6575857169117493E-004   1.2408059211930361E-003  -3.1641061603324095E-004   1.7093614932774050E-007 -0.36209055179198352        1.7723188848616203E-003  -9.7618194547767503E-007   6.4161275184992705     
 dijxc
  0.32080152473504953       -2.9673011801907863        24.987890783738735       -9.6473132812444564E-008  -4.0509518801179684E-005  -1.1540666280491933E-002  -1.1953873101400937E-007   1.1213740861750722E-006   2.5682984434357411E-008  -1.0888093927993371E-002   1.3496544262491638E-005  -7.7935755131742704E-005   5.3521242831609318E-005  -3.1487288267433132E-008  -1.1628421491592551E-002   8.3767411996359459E-005  -4.8107560935714859E-004 -0.36262788371918342       -1.3781622766751712E-007  -3.1637022435585243E-004   6.4191241256579836        6.1327571605743510E-007  -6.0486628718146135E-006  -1.3781622766751712E-007 -0.36651820745070324        1.7094312912699590E-007   7.9004873714060592E-007   6.4408740190084011       -1.6573461488024674E-004   1.2408126933434811E-003  -3.1637022435585243E-004   1.7094312912699590E-007 -0.36210085756022470        1.7721147325042797E-003  -9.7622016076046654E-007   6.4161793779281995     
 dijxc
  0.32080356723364700       -2.9673209659019752        24.988079189725358       -1.2085257293833832E-007  -4.0360336878779755E-005  -1.1541423219396718E-002  -1.1956193359759664E-007   1.1215995605113016E-006   2.5681391061129861E-008  -1.0888720377627628E-002   1.3406855574811065E-005  -7.7227990892983088E-005   5.3498150980531363E-005  -3.1489757367772506E-008  -1.1629222891411328E-002   8.4048966732436486E-005  -4.8321186445749993E-004 -0.36262303389830253       -1.3780834827723084E-007  -3.1623122467007203E-004   6.4190998501779237        6.1340083024890399E-007  -6.0499148649436218E-006  -1.3780834827723084E-007 -0.36651410253114464        1.7095748442604650E-007   7.9000522169985064E-007   6.4408537702852540       -1.6501136094707551E-004   1.2347587940718906E-003  -3.1623122467007203E-004   1.7095748442604650E-007 -0.36209574671223788        1.7713260417420887E-003  -9.7630391565239387E-007   6.4161536636139065     
 dijxc
  0.32080358784107987       -2.9673211093397667        24.988079725981343       -1.2885328068960984E-007  -4.0304484360393006E-005  -1.1541464126645758E-002  -1.1956892933916908E-007   1.1216649234648421E-006   2.5682833726964093E-008  -1.0888776985421317E-002   1.4736428154992122E-005  -8.8529465536891431E-005   5.3724812989241665E-005  -3.1474196621454710E-008  -1.1629269632141295E-002   8.4128290210892405E-005  -4.8384039076591120E-004 -0.36262280086583026       -1.3781601422401125E-007  -3.1757099380881539E-004   6.4190987127000110        6.1343725387538924E-007  -6.0502693953685622E-006  -1.3781601422401125E-007 -0.36651377631025661        1.7086327876511630E-007   7.9004902086320302E-007   6.4408521084132317       -1.7414397415302388E-004   1.3152262695804433E-003  -3.1757099380881539E-004   1.7086327876511630E-007 -0.36209548439921152        1.7788253156494288E-003  -9.7573535113309031E-007   6.4161523603849062     
 dijxc
  0.32080563521022892       -2.9673409365015639        24.988268439021372       -1.5383563911433538E-007  -4.0151985183354562E-005  -1.1542226402211198E-002  -1.1959304248234508E-007   1.1218991183261488E-006   2.5681252881083110E-008  -1.0889410968255027E-002   1.4744063409110671E-005  -8.8587219486576426E-005   5.3728701144658227E-005  -3.1473599126997809E-008  -1.1630078279016492E-002   8.4417612437866048E-005  -4.8603438245866650E-004 -0.36261791985867514       -1.3780819652245721E-007  -3.1759231911620514E-004   6.4190742844374551        6.1356678439810542E-007  -6.0515655865624901E-006  -1.3780819652245721E-007 -0.36650962725237124        1.7086058890386875E-007   7.9000583805964007E-007   6.4408316337221425       -1.7421235257041029E-004   1.3157799512845067E-003  -3.1759231911620514E-004   1.7086058890386875E-007 -0.36209033193482248        1.7789337237170881E-003  -9.7572042159122868E-007   6.4161264341162738     
 dijxc
  0.32080154093488900       -2.9673012866068444        24.987891055551103       -1.0388129693337344E-007  -4.0456909055678247E-005  -1.1540701878421308E-002  -1.1954495539239746E-007   1.1214319784589245E-006   2.5684394196484612E-008  -1.0888143035175338E-002   1.4728798043312337E-005  -8.8471758194985406E-005   5.3720924785573099E-005  -3.1474758161406143E-008  -1.1628461015640724E-002   8.3839073193075456E-005  -4.8164721823975274E-004 -0.36262768163859671       -1.3782371203009936E-007  -3.1754966758783146E-004   6.4191231405851887        6.1330855909575077E-007  -6.0489809833201651E-006  -1.3782371203009936E-007 -0.36651792509090825        1.7086576078972280E-007   7.9009153233916835E-007   6.4408725824011182       -1.7407562788742818E-004   1.3146728823481783E-003  -3.1754966758783146E-004   1.7086576078972280E-007 -0.36210063661461900        1.7787168981352028E-003  -9.7574911016454281E-007   6.4161782862197949     
 dijxc
  0.32080358585014263       -2.9673210885392551        24.988079505740881       -1.2904321406085784E-007  -4.0302846745677326E-005  -1.1541464547782224E-002  -1.1956903099437267E-007   1.1216657997790822E-006   2.5682810581637386E-008  -1.0888777408114364E-002   1.4736361728906979E-005  -8.8528956915591298E-005   5.3724798298266856E-005  -3.1474160321909888E-008  -1.1629270107213791E-002   8.4129552174282718E-005  -4.8385169133368050E-004 -0.36262279915464224       -1.3781587632587096E-007  -3.1757090658325929E-004   6.4190987043168217        6.1343789880828052E-007  -6.0502752124368892E-006  -1.3781587632587096E-007 -0.36651377460935253        1.7086306841890350E-007   7.9004824108955535E-007   6.4408521001957508       -1.7414340476590523E-004   1.3152215781942491E-003  -3.1757090658325929E-004   1.7086306841890350E-007 -0.36209548237261990        1.7788248367397454E-003  -9.7573416768390964E-007   6.4161523502103908     
 dijxc
  0.32080356931996384       -2.9673209877695568        24.988079422818704       -1.2064468313856754E-007  -4.0362149463118562E-005  -1.1541422711338352E-002  -1.1956192686387177E-007   1.1215994963601060E-006   2.5681407297335799E-008  -1.0888719837144269E-002   1.3406556269714131E-005  -7.7225810541106991E-005   5.3498106739745530E-005  -3.1489823609936275E-008  -1.1629222248311602E-002   8.4047623367824770E-005  -4.8319971264485200E-004 -0.36262303601992574       -1.3780843963212856E-007  -3.1623102184545550E-004   6.4190998604155354        6.1340083172879633E-007  -6.0499148336467556E-006  -1.3780843963212856E-007 -0.36651410481482077        1.7095785170588920E-007   7.9000574874097780E-007   6.4408537813372559       -1.6500858577554874E-004   1.2347367974046288E-003  -3.1623102184545550E-004   1.7095785170588920E-007 -0.36209574955133117        1.7713248226020883E-003  -9.7630599767512668E-007   6.4161536779878148     
 dijxc
  0.32080561420484033       -2.9673407979998858        24.988268084479156       -1.4492515332583934E-007  -4.0213749877281407E-005  -1.1542179112296255E-002  -1.1958523110673935E-007   1.1218258882849962E-006   2.5679860095617662E-008  -1.0889345698128272E-002   1.3341525994069979E-005  -7.6748577681602089E-005   5.3475506638629255E-005  -3.1492604906777049E-008  -1.1630022733916320E-002   8.4328387040526510E-005  -4.8532930984100198E-004 -0.36261818860112155       -1.3780080775821182E-007  -3.1609459155154196E-004   6.4190755979676215        6.1352655906574228E-007  -6.0511725867054176E-006  -1.3780080775821182E-007 -0.36651000253586324        1.7097361023950841E-007   7.8996366623761770E-007   6.4408335468269193       -1.6441300746842049E-004   1.2299317919363978E-003  -3.1609459155154196E-004   1.7097361023950841E-007 -0.36209064330057866        1.7705506626729795E-003  -9.7639691411544054E-007   6.4161279891642344     
 dijxc
  0.32080152068558715       -2.9673011547907069        24.987890753966159       -9.5068733380554248E-008  -4.0517720753919471E-005  -1.1540655317928757E-002  -1.1953732826374273E-007   1.1213605010821829E-006   2.5682987578652978E-008  -1.0888078507520035E-002   1.3345171752404715E-005  -7.6807970787492818E-005   5.3468252442574274E-005  -3.1493763947199521E-008  -1.1628406275750659E-002   8.3750294049041087E-005  -4.8094680230346021E-004 -0.36262794620215655       -1.3781624254915835E-007  -3.1605452920320737E-004   6.4191244334460666        6.1326922050487480E-007  -6.0485968427252713E-006  -1.3781624254915835E-007 -0.36651829611872683        1.7097854815823763E-007   7.9004891572671143E-007   6.4408744743047652       -1.6437852879272073E-004   1.2298070994265109E-003  -3.1605452920320737E-004   1.7097854815823763E-007 -0.36210094357992306        1.7703486364616535E-003  -9.7642371235248781E-007   6.4161798191636539     
 dijxc
  0.32080356286023259       -2.9673209361579165        24.988079100600604       -1.1960520099032033E-007  -4.0366939857967615E-005  -1.1541412703811323E-002  -1.1956099613888408E-007   1.1215903739153052E-006   2.5681354849305342E-008  -1.0888705565873916E-002   1.3297377329383452E-005  -7.6485694036178216E-005   5.3446250019255546E-005  -3.1496118933971586E-008  -1.1629208490852257E-002   8.4032426420734644E-005  -4.8308971131539268E-004 -0.36262309418231881       -1.3780813764907323E-007  -3.1592096168842185E-004   6.4191001478740457        6.1339661925201596E-007  -6.0498714539452413E-006  -1.3780813764907323E-007 -0.36651418806949077        1.7099177418852958E-007   7.9000414561793018E-007   6.4408542102020476       -1.6388447717622347E-004   1.2259421686848589E-003  -3.1592096168842185E-004   1.7099177418852958E-007 -0.36209582884550390        1.7695912444825744E-003  -9.7649981023856624E-007   6.4161540848501097     
 dijxc
  0.32080358788675234       -2.9673211097774792        24.988079730679999       -1.2884594018839001E-007  -4.0304550580232785E-005  -1.1541464113323498E-002  -1.1956906440364129E-007   1.1216661292443379E-006   2.5682812677818838E-008  -1.0888776972963227E-002   1.4736429990109439E-005  -8.8529482429260689E-005   5.3724812855979205E-005  -3.1474159462609177E-008  -1.1629269616614250E-002   8.4128247351737811E-005  -4.8383998848714686E-004 -0.36262280089475968       -1.3781588998855105E-007  -3.1757099295936104E-004   6.4190987127598156        6.1343806896274543E-007  -6.0502769474616370E-006  -1.3781588998855105E-007 -0.36651377633435217        1.7086306383658040E-007   7.9004832614637007E-007   6.4408521084430115       -1.7414398428019102E-004   1.3152263669195914E-003  -3.1757099295936104E-004   1.7086306383658040E-007 -0.36209548444067169        1.7788253107541769E-003  -9.7573414170850886E-007   6.4161523605159250     
 dijxc
  0.32080563523849298       -2.9673409368715919        24.988268443039399       -1.5382881736989245E-007  -4.0152046244293257E-005  -1.1542226400777081E-002  -1.1959318022885122E-007   1.1219003465266908E-006   2.5681229311215489E-008  -1.0889410967882832E-002   1.4744065141120210E-005  -8.8587235511349759E-005   5.3728700963587899E-005  -3.1473558948982646E-008  -1.1630078275203945E-002   8.4417571645826027E-005  -4.8603400246670847E-004 -0.36261791987851000       -1.3780805711952533E-007  -3.1759231800321648E-004   6.4190742844367135        6.1356761867586505E-007  -6.0515733070878005E-006  -1.3780805711952533E-007 -0.36650962726647490        1.7086035620982881E-007   7.9000505871570513E-007   6.4408316336860238       -1.7421236196028784E-004   1.3157800422451808E-003  -3.1759231800321648E-004   1.7086035620982881E-007 -0.36209033196817164        1.7789337173321690E-003  -9.7571911263595521E-007   6.4161264341922939     
 dijxc
  0.32080154097116265       -2.9673012869803830        24.987891059606309       -1.0387474839150144E-007  -4.0456967584559533E-005  -1.1540701869729872E-002  -1.1954509007321198E-007   1.1214331790772038E-006   2.5684370568007264E-008  -1.0888143027506458E-002   1.4728799704343101E-005  -8.8471773550583547E-005   5.3720924594244639E-005  -3.1474718110753004E-008  -1.1628461004606773E-002   8.3839033853470315E-005  -4.8164685240891869E-004 -0.36262768166260406       -1.3782357214226820E-007  -3.1754966641990123E-004   6.4191231406430687        6.1330937524263549E-007  -6.0489885340143574E-006  -1.3782357214226820E-007 -0.36651792510936548        1.7086552889130768E-007   7.9009075040119416E-007   6.4408725824247508       -1.7407563690930881E-004   1.3146729696728538E-003  -3.1754966641990123E-004   1.7086552889130768E-007 -0.36210063665194536        1.7787168914418807E-003  -9.7574780561107574E-007   6.4161782863533112     
 dijxc
  0.32080358587437102       -2.9673210888390975        24.988079509019819       -1.2903737607724941E-007  -4.0302898363229816E-005  -1.1541464546078378E-002  -1.1956916468196670E-007   1.1216669897804877E-006   2.5682784167386627E-008  -1.0888777407531677E-002   1.4736363219040473E-005  -8.8528970745851748E-005   5.3724798047052083E-005  -3.1474117368610298E-008  -1.1629270103043238E-002   8.4129516007495556E-005  -4.8385135844567569E-004 -0.36262279916813661       -1.3781571967335115E-007  -3.1757090509092277E-004   6.4190987043190244        6.1343871232324530E-007  -6.0502827270305093E-006  -1.3781571967335115E-007 -0.36651377461692064        1.7086281952919870E-007   7.9004736555882049E-007   6.4408521001616705       -1.7414341276833251E-004   1.3152216561075080E-003  -3.1757090509092277E-004   1.7086281952919870E-007 -0.36209548240013772        1.7788248282251979E-003  -9.7573276781996960E-007   6.4161523502921494     
 dijxc
  0.32080356495235757       -2.9673209581871669        24.988079336398407       -1.1940557886784347E-007  -4.0368680221272582E-005  -1.1541412146684464E-002  -1.1956096786952594E-007   1.1215900970935679E-006   2.5681381609647629E-008  -1.0888704954944227E-002   1.3298775237306728E-005  -7.6499829981908939E-005   5.3446220293167811E-005  -3.1496257203859329E-008  -1.1629207692309462E-002   8.4031134782344149E-005  -4.8307803591658076E-004 -0.36262309660578329       -1.3780828564988551E-007  -3.1592085477947081E-004   6.4191001596800321        6.1339652837993888E-007  -6.0498704592705008E-006  -1.3780828564988551E-007 -0.36651419077539782        1.7099251278291097E-007   7.9000499634922615E-007   6.4408542235065287       -1.6388960171294549E-004   1.2260014231366028E-003  -3.1592085477947081E-004   1.7099251278291097E-007 -0.36209583258234546        1.7695905235815656E-003  -9.7650393633532062E-007   6.4161541041746464     
 dijxc
  0.32080560937259422       -2.9673407623806067        24.988267915793561       -1.4383257573342159E-007  -4.0218745801532063E-005  -1.1542169292328167E-002  -1.1958489576462978E-007   1.1218224362441497E-006   2.5679740161196070E-008  -1.0889331840663402E-002   1.3272600869258201E-005  -7.6376665912586536E-005   5.3424699754335289E-005  -3.1498605990742628E-008  -1.1630009736626971E-002   8.4312362304582184E-005  -4.8521339472376720E-004 -0.36261824542145604       -1.3780013004457614E-007  -3.1578968418289347E-004   6.4190758793906202        6.1352523149044274E-007  -6.0511579900495727E-006  -1.3780013004457614E-007 -0.36651008313973144        1.7100544804198033E-007   7.8995995943039711E-007   6.4408339621055557       -1.6351349291885081E-004   1.2232644085771213E-003  -3.1578968418289347E-004   1.7100544804198033E-007 -0.36209071846766283        1.7688469244642640E-003  -9.7657773234500817E-007   6.4161283738200057     
 dijxc
  0.32080151598944501       -2.9673011200992510        24.987890588059930       -9.3936172145315692E-008  -4.0523058769847487E-005  -1.1540645891327854E-002  -1.1953713655099158E-007   1.1213584548671212E-006   2.5682814394612357E-008  -1.0888065147188195E-002   1.3270105531030363E-005  -7.6376041834230865E-005   5.3417331235591541E-005  -3.1499413689533297E-008  -1.1628394211219195E-002   8.3734006251943714E-005  -4.8082849302214089E-004 -0.36262800072774426       -1.3781527846799224E-007  -3.1574886495732595E-004   6.4191247031966476        6.1326853265139407E-007  -6.0485888367357376E-006  -1.3781527846799224E-007 -0.36651837384687452        1.7100855375234738E-007   7.9004357413469110E-007   6.4408748745873003       -1.6345239929110359E-004   1.2228560521975562E-003  -3.1574886495732595E-004   1.7100855375234738E-007 -0.36210101342677858        1.7686408582531213E-003  -9.7659437725527406E-007   6.4161801749861773     
 dijxc
  0.32080355774742547       -2.9673208961346900        24.988078860177616       -1.1852062516218772E-007  -4.0371643139172923E-005  -1.1541404098945850E-002  -1.1956150268714604E-007   1.1215949932218334E-006   2.5681066573266854E-008  -1.0888693359828151E-002   1.3253133056382650E-005  -7.6331456493105454E-005   5.3395968874375700E-005  -3.1501118833390783E-008  -1.1629198476681556E-002   8.4016050714288119E-005  -4.8297183578566714E-004 -0.36262314445603705       -1.3780654384230586E-007  -3.1561808370438342E-004   6.4191003968344162        6.1339928914783350E-007  -6.0498970030097922E-006  -1.3780654384230586E-007 -0.36651425965971751        1.7101789167626521E-007   7.8999523934727021E-007   6.4408545789817744       -1.6313873623363768E-004   1.2206638981545437E-003  -3.1561808370438342E-004   1.7101789167626521E-007 -0.36209588782506019        1.7679002001640932E-003  -9.7664758362667438E-007   6.4161543821453275     
 dijxc
  0.32080358790612945       -2.9673211100685211        24.988079733901593       -1.2884013218729321E-007  -4.0304601915798331E-005  -1.1541464115484290E-002  -1.1956919819854532E-007   1.1216673201836226E-006   2.5682786285209725E-008  -1.0888776976255982E-002   1.4736431479432152E-005  -8.8529496258118968E-005   5.3724812606644594E-005  -3.1474116538425815E-008  -1.1629269616305303E-002   8.4128211319048243E-005  -4.8383965691433891E-004 -0.36262280090645332       -1.3781573347114596E-007  -3.1757099147519717E-004   6.4190987127487968        6.1343888320358971E-007  -6.0502844687815779E-006  -1.3781573347114596E-007 -0.36651377634004717        1.7086281508549474E-007   7.9004745137102428E-007   6.4408521083951671       -1.7414399225154498E-004   1.3152264446131346E-003  -3.1757099147519717E-004   1.7086281508549474E-007 -0.36209548446640966        1.7788253022793987E-003  -9.7573274267030525E-007   6.4161523605845980     
 dijxc
  0.32080563526730294       -2.9673409371156469        24.988268445690402       -1.5382400401476077E-007  -4.0152088053307651E-005  -1.1542226392287525E-002  -1.1959330962442090E-007   1.1219014961715171E-006   2.5681199975579568E-008  -1.0889410960577856E-002   1.4744066386150901E-005  -8.8587247119997070E-005   5.3728700646024120E-005  -3.1473513313137448E-008  -1.1630078264157725E-002   8.4417540301028054E-005  -4.8603371854209391E-004 -0.36261791988694203       -1.3780788286856858E-007  -3.1759231614793260E-004   6.4190742844672979        6.1356841034050927E-007  -6.0515806051335683E-006  -1.3780788286856858E-007 -0.36650962726871777        1.7086009159815500E-007   7.9000408493463039E-007   6.4408316336789220       -1.7421236852021679E-004   1.3157801066881504E-003  -3.1759231614793260E-004   1.7086009159815500E-007 -0.36209033199115459        1.7789337067765320E-003  -9.7571762463281219E-007   6.4161264343053457     
 dijxc
  0.32080154099443209       -2.9673012872442226        24.987891062403328       -1.0387005745494657E-007  -4.0457008287427259E-005  -1.1540701864889140E-002  -1.1954521666825907E-007   1.1214343036743913E-006   2.5684340840250698E-008  -1.0888143023766429E-002   1.4728800901320892E-005  -8.8471784693299420E-005   5.3720924268084561E-005  -3.1474672609382194E-008  -1.1628460997246383E-002   8.3839003252022737E-005  -4.8164657554205950E-004 -0.36262768168678311       -1.3782339566328170E-007  -3.1754966452185115E-004   6.4191231407161062        6.1331014994663300E-007  -6.0489956739882146E-006  -1.3782339566328170E-007 -0.36651792512780484        1.7086526510607364E-007   7.9008976397935907E-007   6.4408725824628767       -1.7407564327270571E-004   1.3146730319760140E-003  -3.1754966452185115E-004   1.7086526510607364E-007 -0.36210063669046527        1.7787168806507403E-003  -9.7574632217687905E-007   6.4161782865076002     
 dijxc
  0.32080358589612612       -2.9673210890416764        24.988079511180331       -1.2903366710016270E-007  -4.0302929751694452E-005  -1.1541464539094146E-002  -1.1956928416025104E-007   1.1216680489416248E-006   2.5682750670158537E-008  -1.0888777401549553E-002   1.4736364150214161E-005  -8.8528979428340694E-005   5.3724797650904260E-005  -3.1474069373937233E-008  -1.1629270093497089E-002   8.4129490205901459E-005  -4.8385112979027091E-004 -0.36262279918756940       -1.3781552101748345E-007  -3.1757090281065472E-004   6.4190987044088139        6.1343944780162856E-007  -6.0502894892067097E-006  -1.3781552101748345E-007 -0.36651377463114287        1.7086254114214723E-007   7.9004625468994087E-007   6.4408521002198897       -1.7414341767902529E-004   1.3152217044128953E-003  -3.1757090281065472E-004   1.7086254114214723E-007 -0.36209548243417572        1.7788248152890399E-003  -9.7573120251127029E-007   6.4161523504645901     
 dijxc
  0.32080355979846531       -2.9673209176643009        24.988079090003957       -1.1833690875574550E-007  -4.0373233204774435E-005  -1.1541403576462647E-002  -1.1956148815480384E-007   1.1215948537127374E-006   2.5681087057174722E-008  -1.0888692795642356E-002   1.3255332468899226E-005  -7.6352773329400262E-005   5.3396002040246270E-005  -3.1501241248355552E-008  -1.1629197710084471E-002   8.4014839489018596E-005  -4.8296096836321714E-004 -0.36262314671606755       -1.3780665636654624E-007  -3.1561831392784036E-004   6.4191004079896539        6.1339924594353100E-007  -6.0498965422854482E-006  -1.3780665636654624E-007 -0.36651426213582844        1.7101853105912096E-007   7.8999588881774336E-007   6.4408545912543591       -1.6314863219371768E-004   1.2207675818991567E-003  -3.1561831392784036E-004   1.7101853105912096E-007 -0.36209589146619292        1.7679013947563857E-003  -9.7665112760367928E-007   6.4161544011395764     
 dijxc
  0.32080560374918782       -2.9673407156649834        24.988267582095670       -1.4276287941910370E-007  -4.0223094651141157E-005  -1.1542161736791776E-002  -1.1958623993824542E-007   1.1218350872077208E-006   2.5679284333278989E-008  -1.0889321130559987E-002   1.3253821625935953E-005  -7.6447268244907808E-005   5.3374887862608928E-005  -3.1502637798878900E-008  -1.1630002450800037E-002   8.4295675467352114E-005  -4.8509393788918789E-004 -0.36261829012867353       -1.3779762300614034E-007  -3.1548855168350286E-004   6.4190761009710453        6.1353186881586988E-007  -6.0512234095341782E-006  -1.3779762300614034E-007 -0.36651014664257858        1.7102601643299347E-007   7.8994587009831321E-007   6.4408342891805308       -1.6292591412267530E-004   1.2194174728477471E-003  -3.1548855168350286E-004   1.7102601643299347E-007 -0.36209076277492225        1.7671669484134712E-003  -9.7669340643052177E-007   6.4161285918250694     
 dijxc
  0.32080151062529111       -2.9673010761120326        24.987890282332863       -9.2783695062223064E-008  -4.0528171074843082E-005  -1.1540638417284192E-002  -1.1953851406903962E-007   1.1213714251479167E-006   2.5682350635388514E-008  -1.0888054532844395E-002   1.3245044708158550E-005  -7.6387500707246714E-005   5.3367062301406404E-005  -3.1503330398411390E-008  -1.1628387254075410E-002   8.3716868306899102E-005  -4.8070461939348874E-004 -0.36262804482865935       -1.3781273490380677E-007  -3.1544517671760645E-004   6.4191249212906554        6.1327536052518690E-007  -6.0486560931138726E-006  -1.3781273490380677E-007 -0.36651843666803230        1.7102859131434493E-007   7.9002927056361163E-007   6.4408751977381904       -1.6283312957444496E-004   1.2186936003565838E-003  -3.1544517671760645E-004   1.7102859131434493E-007 -0.36210105555457189        1.7669464945483269E-003  -9.7670724028405706E-007   6.4161803808045210     
 dijxc
  0.32080355212397943       -2.9673208485130740        24.988078502585747       -1.1724196320587071E-007  -4.0377736503144384E-005  -1.1541397182254901E-002  -1.1956361128016548E-007   1.1216149384084147E-006   2.5680482482691857E-008  -1.0888683666759803E-002   1.3246640029439083E-005  -7.6505365179745642E-005   5.3345192087357358E-005  -3.1504249434486939E-008  -1.1629193606949230E-002   8.3997890998248424E-005  -4.8283919259290163E-004 -0.36262318539749483       -1.3780335409024503E-007  -3.1531085441716599E-004   6.4191005990142687        6.1340969815156633E-007  -6.0499998863666157E-006  -1.3780335409024503E-007 -0.36651431727572764        1.7103349304678357E-007   7.8997726361589000E-007   6.4408548746195482       -1.6263777573252824E-004   1.2175581614901594E-003  -3.1531085441716599E-004   1.7103349304678357E-007 -0.36209591811408492        1.7661868554756516E-003  -9.7673482501783504E-007   6.4161545230416008     
 dijxc
  0.32080358792422403       -2.9673211102439914        24.988079735844121       -1.2883647281165968E-007  -4.0304632823388241E-005  -1.1541464111639053E-002  -1.1956931758557732E-007   1.1216683784430474E-006   2.5682752910989910E-008  -1.0888776973436036E-002   1.4736432401831318E-005  -8.8529504868917511E-005   5.3724812209450428E-005  -3.1474068538291757E-008  -1.1629269609895167E-002   8.4128185754208312E-005  -4.8383943063295021E-004 -0.36262280091378724       -1.3781553545450634E-007  -3.1757098919064892E-004   6.4190987127870276        6.1343961826371805E-007  -6.0502912267749272E-006  -1.3781553545450634E-007 -0.36651377634207821        1.7086253666830727E-007   7.9004634418799921E-007   6.4408521084012360       -1.7414399710270751E-004   1.3152264923931972E-003  -3.1757098919064892E-004   1.7086253666830727E-007 -0.36209548448836165        1.7788252893160244E-003  -9.7573117719373692E-007   6.4161523607055617     
 dijxc
  0.32080563526457506       -2.9673409371800590        24.988268446616619       -1.5382145691304056E-007  -4.0152108476117850E-005  -1.1542226400228284E-002  -1.1959341887691382E-007   1.1219024619535077E-006   2.5681162411196064E-008  -1.0889410969367609E-002   1.4744066993790450E-005  -8.8587252801836374E-005   5.3728700172693687E-005  -3.1473463006536479E-008  -1.1630078269526938E-002   8.4417520328458517E-005  -4.8603354793840935E-004 -0.36261791988313957       -1.3780766033535593E-007  -3.1759231345130496E-004   6.4190742844706143        6.1356908808566154E-007  -6.0515868164690812E-006  -1.3780766033535593E-007 -0.36650962726056213        1.7085979968075182E-007   7.9000283998622194E-007   6.4408316336560123       -1.7421237170032555E-004   1.3157801381807610E-003  -3.1759231345130496E-004   1.7085979968075182E-007 -0.36209033200203250        1.7789336915063896E-003  -9.7571598345152181E-007   6.4161264343916269     
 dijxc
  0.32080154101132663       -2.9673012873622504        24.987891063602468       -1.0386747522637362E-007  -4.0457029120108244E-005  -1.1540701857531796E-002  -1.1954532400882755E-007   1.1214352526503436E-006   2.5684302466502099E-008  -1.0888143017143012E-002   1.4728801499127716E-005  -8.8471790260074461E-005   5.3720923795251687E-005  -3.1474622511942234E-008  -1.1628460987349661E-002   8.3838983253323399E-005  -4.8164640418695286E-004 -0.36262768169742476       -1.3782316880376534E-007  -3.1754966182672968E-004   6.4191231407740723        6.1331081557694249E-007  -6.0490017739742340E-006  -1.3782316880376534E-007 -0.36651792513464854        1.7086497436284520E-007   7.9008849421176040E-007   6.4408725824978683       -1.7407564644211516E-004   1.3146730631558982E-003  -3.1754966182672968E-004   1.7086497436284520E-007 -0.36210063671561143        1.7787168653889639E-003  -9.7574468762785029E-007   6.4161782866475328     
 dijxc
  0.32080358590115732       -2.9673210891287649        24.988079512049424       -1.2903201625012125E-007  -4.0302941894524840E-005  -1.1541464536864506E-002  -1.1956938022542335E-007   1.1216688957078800E-006   2.5682706938313087E-008  -1.0888777399768658E-002   1.4736364456944129E-005  -8.8528982281370328E-005   5.3724797112211587E-005  -3.1474017290134357E-008  -1.1629270088730999E-002   8.4129475062498895E-005  -4.8385100615314471E-004 -0.36262279921666535       -1.3781526356483161E-007  -3.1757089975848472E-004   6.4190987045547754        6.1344004832586483E-007  -6.0502949726553539E-006  -1.3781526356483161E-007 -0.36651377465795504        1.7086223860295731E-007   7.9004481211865321E-007   6.4408521003520924       -1.7414341930976581E-004   1.3152217205221230E-003  -3.1757089975848472E-004   1.7086223860295731E-007 -0.36209548247778306        1.7788247980345295E-003  -9.7572950202367363E-007   6.4161523506924460     
 dijxc
  0.32080355410894801       -2.9673208692949058        24.988078722357887       -1.1707355323096916E-007  -4.0379176330217030E-005  -1.1541396785363298E-002  -1.1956363631861991E-007   1.1216151894416336E-006   2.5680485932822464E-008  -1.0888683261853063E-002   1.3248739633849389E-005  -7.6524941898771368E-005   5.3345341359813048E-005  -3.1504283332334326E-008  -1.1629193073068103E-002   8.3996747965763450E-005  -4.8282905397374295E-004 -0.36262318703728263       -1.3780337270801311E-007  -3.1531169259951212E-004   6.4191006071363939        6.1340981447070261E-007  -6.0500011196137262E-006  -1.3780337270801311E-007 -0.36651431894159414        1.7103364665318129E-007   7.8997737898025741E-007   6.4408548827748966       -1.6264875492332044E-004   1.2176658941594118E-003  -3.1531169259951212E-004   1.7103364665318129E-007 -0.36209592060311530        1.7661915504967225E-003  -9.7673563285009156E-007   6.4161545359031305     
 dijxc
  0.32080559781756812       -2.9673406640656466        24.988267168812676       -1.4129311938131216E-007  -4.0230762013716923E-005  -1.1542155449190704E-002  -1.1958914581253904E-007   1.1218626573064988E-006   2.5678551463946197E-008  -1.0889312497010507E-002   1.3259102254508544E-005  -7.6718636518995070E-005   5.3323171282479347E-005  -3.1504777949506657E-008  -1.1630000048653333E-002   8.4276130871238655E-005  -4.8494900854247666E-004 -0.36261832754386236       -1.3779363638961708E-007  -3.1517535609701803E-004   6.4190762853075247        6.1354616262266121E-007  -6.0513650253812536E-006  -1.3779363638961708E-007 -0.36651019832036269        1.7103616585099424E-007   7.8992335758217546E-007   6.4408345532994282       -1.6251101313020702E-004   1.2170394376296312E-003  -3.1517535609701803E-004   1.7103616585099424E-007 -0.36209077904264231        1.7654210283954014E-003  -9.7674949816054714E-007   6.4161286556658510     
 dijxc
  0.32080150499776888       -2.9673010280004468        24.987889911200284       -9.1219603745906671E-008  -4.0536737078685826E-005  -1.1540631824734679E-002  -1.1954133466355179E-007   1.1213981584231369E-006   2.5681651031224737E-008  -1.0888045525913097E-002   1.3245519799194816E-005  -7.6615574597251030E-005   5.3314505314148704E-005  -3.1505632148489322E-008  -1.1628384349650314E-002   8.3696857743051221E-005  -4.8055491548410650E-004 -0.36262808371995514       -1.3780893575891350E-007  -3.1512741995216268E-004   6.4191251127369533        6.1328932095064363E-007  -6.0487941500414654E-006  -1.3780893575891350E-007 -0.36651849022442257        1.7103970804544477E-007   7.9000781746480842E-007   6.4408754712495524       -1.6239012013275205E-004   1.2160529825353953E-003  -3.1512741995216268E-004   1.7103970804544477E-007 -0.36210107413270998        1.7651746012724205E-003  -9.7676892806082147E-007   6.4161804568042200     
 dijxc
  0.32080354632083591       -2.9673207986358214        24.988078114435581       -1.1537955744420192E-007  -4.0388931366441876E-005  -1.1541390341999802E-002  -1.1956699620090297E-007   1.1216470251278067E-006   2.5679713395997081E-008  -1.0888674691897776E-002   1.3255273441451327E-005  -7.6800928613221471E-005   5.3290316082093326E-005  -3.1506043859546001E-008  -1.1629191539883219E-002   8.3976021966934629E-005  -4.8267208187582824E-004 -0.36262322542752445       -1.3779919460616808E-007  -3.1497975113563140E-004   6.4191007961508930        6.1342654447343071E-007  -6.0501663055342027E-006  -1.3779919460616808E-007 -0.36651437044050461        1.7104187230769821E-007   7.8995374823744832E-007   6.4408551451748099       -1.6225453386933041E-004   1.2154202186728440E-003  -3.1497975113563140E-004   1.7104187230769821E-007 -0.36209593121204198        1.7643401806107213E-003  -9.7678078059245895E-007   6.4161545679001328     
 dijxc
  0.32080358792884539       -2.9673211102954036        24.988079736298790       -1.2883487592580270E-007  -4.0304644448173712E-005  -1.1541464109600670E-002  -1.1956941334922863E-007   1.1216692224267311E-006   2.5682709335864971E-008  -1.0888776971863502E-002   1.4736432695468257E-005  -8.8529507602957286E-005   5.3724811667405050E-005  -3.1474016423862433E-008  -1.1629269605326432E-002   8.4128170881868759E-005  -4.8383930973149849E-004 -0.36262280092794585       -1.3781527879147248E-007  -3.1757098612276719E-004   6.4190987128536925        6.1344021711148607E-007  -6.0502966941530203E-006  -1.3781527879147248E-007 -0.36651377635389104        1.7086223398467727E-007   7.9004490619367081E-007   6.4408521084538712       -1.7414399867252529E-004   1.3152265079053433E-003  -3.1757098612276719E-004   1.7086223398467727E-007 -0.36209548451699258        1.7788252719773254E-003  -9.7572947584755781E-007   6.4161523608538840     
 dijxc
  0.32080563527477729       -2.9673409372115085        24.988268446726750       -1.5382076550519920E-007  -4.0152111739098312E-005  -1.1542226390456857E-002  -1.1959350131974527E-007   1.1219031856989405E-006   2.5681112771287684E-008  -1.0889410959683078E-002   1.4744066985735699E-005  -8.8587252707905760E-005   5.3728699566476028E-005  -3.1473409127709462E-008  -1.1630078257262623E-002   8.4417510345380120E-005  -4.8603347453347217E-004 -0.36261791990714437       -1.3780736932408939E-007  -3.1759231003504571E-004   6.4190742846014519        6.1356960899949296E-007  -6.0515915492726425E-006  -1.3780736932408939E-007 -0.36650962728419451        1.7085948645011728E-007   7.9000120763083635E-007   6.4408316337847324       -1.7421237170335262E-004   1.3157801381991764E-003  -3.1759231003504571E-004   1.7085948645011728E-007 -0.36209033204032431        1.7789336722247098E-003  -9.7571422323536998E-007   6.4161264346029583     
 dijxc
  0.32080154099845165       -2.9673012873367419        24.987891063445659       -1.0386663062520375E-007  -4.0457033903088571E-005  -1.1540701866313702E-002  -1.1954540582953705E-007   1.1214359713900863E-006   2.5684251863751899E-008  -1.0888143025932516E-002   1.4728801516023496E-005  -8.8471790400881668E-005   5.3720923199139579E-005  -3.1474568888899367E-008  -1.1628460993646214E-002   8.3838972636729572E-005  -4.8164632394487902E-004 -0.36262768170281590       -1.3782287278705382E-007  -3.1754965846354945E-004   6.4191231408188880        6.1331133163603115E-007  -6.0490064649156364E-006  -1.3782287278705382E-007 -0.36651792514006931        1.7086466248569145E-007   7.9008683297277642E-007   6.4408725825428643       -1.7407564656252389E-004   1.3146730643306909E-003  -3.1754965846354945E-004   1.7086466248569145E-007 -0.36210063673524662        1.7787168464082350E-003  -9.7574293516151990E-007   6.4161782867726131     
 dijxc
  0.32080358589871977       -2.9673210890780126        24.988079511350104       -1.2903183707781282E-007  -4.0302940638713711E-005  -1.1541464534858228E-002  -1.1956944922543516E-007   1.1216694994020978E-006   2.5682649387474179E-008  -1.0888777397364338E-002   1.4736364228345024E-005  -8.8528980160684540E-005   5.3724796472564154E-005  -3.1473962185916217E-008  -1.1629270084266036E-002   8.4129468264749940E-005  -4.8385096213269846E-004 -0.36262279922267449       -1.3781492875780239E-007  -3.1757089615947181E-004   6.4190987045919741        6.1344048797380258E-007  -6.0502989482135780E-006  -1.3781492875780239E-007 -0.36651377466618063        1.7086191762092627E-007   7.9004293071172466E-007   6.4408521004023918       -1.7414341808332203E-004   1.3152217086186242E-003  -3.1757089615947181E-004   1.7086191762092627E-007 -0.36209548249789603        1.7788247777408195E-003  -9.7572769903673119E-007   6.4161523508090479     
 dijxc
  0.32080354830497970       -2.9673208191875569        24.988078329398171       -1.1521551707184834E-007  -4.0390321474980382E-005  -1.1541390069849743E-002  -1.1956706160198810E-007   1.1216476697915663E-006   2.5679702173188783E-008  -1.0888674441161109E-002   1.3256792880986266E-005  -7.6814368461554101E-005   5.3290600438991435E-005  -3.1505978124857253E-008  -1.1629191289931805E-002   8.3974887227641405E-005  -4.8266209416354043E-004 -0.36262322634380451       -1.3779913339558647E-007  -3.1498129585008693E-004   6.4191008006005550        6.1342683840611204E-007  -6.0501693691538901E-006  -1.3779913339558647E-007 -0.36651437121246572        1.7104148672465891E-007   7.8995340964553454E-007   6.4408551486882484       -1.6226391967238794E-004   1.2155061409306134E-003  -3.1498129585008693E-004   1.7104148672465891E-007 -0.36209593211508684        1.7643489570734162E-003  -9.7677856389693353E-007   6.4161545721632560     
