 dijxc
  0.32080358695139810       -2.9673211007543721        24.988079645143152        1.2843375641266891E-007   4.0308273883987803E-005  -1.1541465335705596E-002  -1.1952907792383102E-007   1.1212976470387562E-006  -2.5741136755769500E-008  -1.0888775759828329E-002   1.4736635105787960E-005  -8.8531149310321766E-005  -5.3724460286922918E-005  -3.1417907434319264E-008  -1.1629268330118535E-002  -8.4125873754051776E-005   4.8381868548549216E-004 -0.36262279383804674        1.3813673330219655E-007   3.1756892454851002E-004   6.4190986717533827        6.1321962221474227E-007  -6.0481697781151603E-006   1.3813673330219655E-007 -0.36651378366481352        1.7054622172780727E-007  -7.9187466212194202E-007   6.4408521481368783       -1.7414554432322379E-004   1.3152397148456924E-003   3.1756892454851002E-004   1.7054622172780727E-007 -0.36209549209500580       -1.7788137126904737E-003  -9.7394040463801712E-007   6.4161524020429530     
 dijxc
  0.32080358695139810       -2.9673211007543721        24.988079645143152        1.2843375641266891E-007   4.0308273883987803E-005  -1.1541465335705596E-002  -1.1952907792383102E-007   1.1212976470387562E-006  -2.5741136755769500E-008  -1.0888775759828329E-002   1.4736635105787960E-005  -8.8531149310321766E-005  -5.3724460286922918E-005  -3.1417907434319264E-008  -1.1629268330118535E-002  -8.4125873754051776E-005   4.8381868548549216E-004 -0.36262279383804674        1.3813673330219655E-007   3.1756892454851002E-004   6.4190986717533827        6.1321962221474227E-007  -6.0481697781151603E-006   1.3813673330219655E-007 -0.36651378366481352        1.7054622172780727E-007  -7.9187466212194202E-007   6.4408521481368783       -1.7414554432322379E-004   1.3152397148456924E-003   3.1756892454851002E-004   1.7054622172780727E-007 -0.36209549209500580       -1.7788137126904737E-003  -9.7394040463801712E-007   6.4161524020429530     
 dijxc
  0.32080563428396147       -2.9673409275929470        24.988268354933844        1.5342075966443012E-007   4.0155732505484679E-005  -1.1542227625500799E-002  -1.1955311789062210E-007   1.1215311734399448E-006  -2.5739563533744299E-008  -1.0889409756596913E-002   1.4744269339744840E-005  -8.8588893938180031E-005  -5.3728348496216061E-005  -3.1417328274655940E-008  -1.1630076992250167E-002  -8.4415222489638676E-005   4.8601292770903575E-004 -0.36261791279814837        1.3812896138022528E-007   3.1759025022920018E-004   6.4190742434283052        6.1334873370137862E-007  -6.0494619970714544E-006   1.3812896138022528E-007 -0.36650963457598396        1.7054363787407638E-007  -7.9183173372468179E-007   6.4408316733943245       -1.7421391699427505E-004   1.3157933418581787E-003   3.1759025022920018E-004   1.7054363787407638E-007 -0.36209033959197023       -1.7789221229954372E-003  -9.7392607637188669E-007   6.4161264756777214     
 dijxc
  0.32080154002549705       -2.9673012778274175        24.987890972732149        1.0346560229508541E-007   4.0460663902155638E-005  -1.1540703091580770E-002  -1.1950502949824557E-007   1.1210640488159210E-006  -2.5742710981569349E-008  -1.0888141813124703E-002   1.4729004036241465E-005  -8.8473433145677899E-005  -5.3720572160391183E-005  -3.1418485763876364E-008  -1.1628459718767969E-002  -8.3836678823834791E-005   4.8162572114992153E-004 -0.36262767460753026        1.3814451079466973E-007   3.1754759880207374E-004   6.4191230997079920        6.1309046247670784E-007  -6.0468771267341674E-006   1.3814451079466973E-007 -0.36651793244535780        1.7054880045385890E-007  -7.9191762158087684E-007   6.4408726222138881       -1.7407719273814919E-004   1.3146862765603244E-003   3.1754759880207374E-004   1.7054880045385890E-007 -0.36210064430122696       -1.7787052978336915E-003  -9.7395470363119585E-007   6.4161783279141886     
 dijxc
  0.32080358491282684       -2.9673210795148126        24.988079420419492        1.2863076623454335E-007   4.0306572496330443E-005  -1.1541465772807361E-002  -1.1952901850509488E-007   1.1212970807782996E-006  -2.5741137861069503E-008  -1.0888776197477280E-002   1.4736566965337113E-005  -8.8530624881982849E-005  -5.3724445747808851E-005  -3.1417907211596325E-008  -1.1629268823174388E-002  -8.4127177161366499E-005   4.8383037472652209E-004 -0.36262279209106785        1.3813673746347574E-007   3.1756883827100107E-004   6.4190986633219067        6.1321930463974815E-007  -6.0481666501564282E-006   1.3813673746347574E-007 -0.36651378193371109        1.7054621939967130E-007  -7.9187467812492406E-007   6.4408521399053953       -1.7414496552576117E-004   1.3152349327972717E-003   3.1756883827100107E-004   1.7054621939967130E-007 -0.36209549002115793       -1.7788132392305054E-003  -9.7394039244907155E-007   6.4161523917549674     
 dijxc
  0.32080358688393790       -2.9673211003326712        24.988079647305501        1.2837867930104204E-007   4.0308813678967243E-005  -1.1541464531522397E-002  -1.1952907431666532E-007   1.1212976097580141E-006  -2.5741139974004721E-008  -1.0888774938289020E-002   1.4736644276044040E-005  -8.8531233932480493E-005  -5.3724459213977495E-005  -3.1417893660580593E-008  -1.1629267293100896E-002  -8.4125658609506733E-005   4.8381639754208159E-004 -0.36262279871004982        1.3813675196366786E-007   3.1756891445093620E-004   6.4190986979073195        6.1321960787705496E-007  -6.0481696099581266E-006   1.3813675196366786E-007 -0.36651378859905165        1.7054614213703739E-007  -7.9187477013737408E-007   6.4408521746547791       -1.7414559381837200E-004   1.3152401928489795E-003   3.1756891445093620E-004   1.7054614213703739E-007 -0.36209549804275537       -1.7788136635901721E-003  -9.7393993815489833E-007   6.4161524336613187     
 dijxc
  0.32080563142473545       -2.9673409065829506        24.988268250617878        1.5217697163098322E-007   4.0164973133909694E-005  -1.1542222637356894E-002  -1.1955250711582701E-007   1.1215257529945867E-006  -2.5739144327965535E-008  -1.0889403208768272E-002   1.4517774359784140E-005  -8.6604510109256077E-005  -5.3699075281505708E-005  -3.1417797626964585E-008  -1.1630072743211622E-002  -8.4404037694547042E-005   4.8592194845833791E-004 -0.36261794156910609        1.3812671468677455E-007   3.1741766349223214E-004   6.4190743848874980        6.1334502383393620E-007  -6.0494276328394989E-006   1.3812671468677455E-007 -0.36650967274528906        1.7054810109263350E-007  -7.9181888587375195E-007   6.4408318675702780       -1.7277587118437679E-004   1.3027686783946468E-003   3.1741766349223214E-004   1.7054810109263350E-007 -0.36209036374823389       -1.7779562848158896E-003  -9.7395772681822925E-007   6.4161265899953310     
 dijxc
  0.32080153713604553       -2.9673012566214521        24.987890866499708        1.0222379494967573E-007   4.0469885637624037E-005  -1.1540698123595254E-002  -1.1950441780973500E-007   1.1210586180291868E-006  -2.5742292480406985E-008  -1.0888135284369854E-002   1.4502968939457224E-005  -8.6493406311316013E-005  -5.3691300852669964E-005  -3.1418959949555977E-008  -1.1628455499073660E-002  -8.3825504084582904E-005   4.8153484324142437E-004 -0.36262770331827876        1.3814226784327742E-007   3.1737501523039708E-004   6.4191232408104195        6.1308675124802174E-007  -6.0468427363500756E-006   1.3814226784327742E-007 -0.36651797056089391        1.7055328465725405E-007  -7.9190479497181023E-007   6.4408728160714741       -1.7264148711723082E-004   1.3016847889303356E-003   3.1737501523039708E-004   1.7055328465725405E-007 -0.36210066835400545       -1.7777394659691183E-003  -9.7398645884627392E-007   6.4161784416528960     
 dijxc
  0.32080357942655685       -2.9673210399562073        24.988079236322609        1.2622680733996525E-007   4.0324266695144866E-005  -1.1541456308248994E-002  -1.1952767577689999E-007   1.1212850161716345E-006  -2.5740375286710509E-008  -1.0888763486003011E-002   1.4297207430389794E-005  -8.4692432691310280E-005  -5.3666050941693725E-005  -3.1419314093679156E-008  -1.1629260557118007E-002  -8.4105203203404307E-005   4.8365235997720451E-004 -0.36262284635574543        1.3813265413209206E-007   3.1722453827204354E-004   6.4190989279964574        6.1321143434412289E-007  -6.0480929683007836E-006   1.3813265413209206E-007 -0.36651385573339712        1.7055753705848879E-007  -7.9185132450749685E-007   6.4408525142153401       -1.7133329397504268E-004   1.2898416382669121E-003   3.1722453827204354E-004   1.7055753705848879E-007 -0.36209553675151135       -1.7768862895263496E-003  -9.7401678244591627E-007   6.4161526125991051     
 dijxc
  0.32080358695310507       -2.9673211007613540        24.988079645340271        1.2843366057087906E-007   4.0308274755297040E-005  -1.1541465335790521E-002  -1.1952905112866548E-007   1.1212974029799172E-006  -2.5741139930404620E-008  -1.0888775759792357E-002   1.4736635194908539E-005  -8.8531150116092554E-005  -5.3724460303532286E-005  -3.1417906377434930E-008  -1.1629268330021321E-002  -8.4125873192102851E-005   4.8381868023755455E-004 -0.36262279383196760        1.3813675094463021E-007   3.1756892463629489E-004   6.4190986717557754        6.1321947054162497E-007  -6.0481683439638066E-006   1.3813675094463021E-007 -0.36651378365937565        1.7054621497732457E-007  -7.9187476218165863E-007   6.4408521481427847       -1.7414554483176212E-004   1.3152397196422182E-003   3.1756892463629489E-004   1.7054621497732457E-007 -0.36209549208996794       -1.7788137131811549E-003  -9.7394036736927005E-007   6.4161524020512433     
 dijxc
  0.32080563430154485       -2.9673409277428680        24.988268356530220        1.5341884013723017E-007   4.0155750181735468E-005  -1.1542227619248321E-002  -1.1955306477465653E-007   1.1215306901034576E-006  -2.5739569892976066E-008  -1.0889409750187221E-002   1.4744269764136102E-005  -8.8588897761041627E-005  -5.3728348498691579E-005  -3.1417326176855127E-008  -1.1630076985535982E-002  -8.4415211994070245E-005   4.8601282724494927E-004 -0.36261791280769673        1.3812899671937298E-007   3.1759025021136039E-004   6.4190742434500869        6.1334843223150083E-007  -6.0494591493591269E-006   1.3812899671937298E-007 -0.36650963458612218        1.7054362445040578E-007  -7.9183193422369038E-007   6.4408316734190638       -1.7421391950283151E-004   1.3157933652437185E-003   3.1759025021136039E-004   1.7054362445040578E-007 -0.36209033960416148       -1.7789221228688573E-003  -9.7392600225621348E-007   6.4161264757145302     
 dijxc
  0.32080154003154659       -2.9673012779096939        24.987890973747870        1.0346369319060555E-007   4.0460681477293516E-005  -1.1540703094192785E-002  -1.1950497691640879E-007   1.1210635700678047E-006  -2.5742717218762379E-008  -1.0888141815590724E-002   1.4729004456473169E-005  -8.8473436935387277E-005  -5.3720572161545167E-005  -3.1418483561156749E-008  -1.1628459720918499E-002  -8.3836668384500959E-005   4.8162562125600379E-004 -0.36262767459288597        1.3814454548763987E-007   3.1754759877883283E-004   6.4191230996134614        6.1309016456651957E-007  -6.0468743102219911E-006   1.3814454548763987E-007 -0.36651793243126735        1.7054878647716994E-007  -7.9191781836077954E-007   6.4408726221222210       -1.7407719522228443E-004   1.3146862997437969E-003   3.1754759877883283E-004   1.7054878647716994E-007 -0.36210064428922012       -1.7787052976833335E-003  -9.7395462632987302E-007   6.4161783278346416     
 dijxc
  0.32080358493870925       -2.9673210797833289        24.988079423205058        1.2862724458292645E-007   4.0306604898611035E-005  -1.1541465764818709E-002  -1.1952894118160475E-007   1.1212963762022009E-006  -2.5741146893345859E-008  -1.0888776189365353E-002   1.4736567687885787E-005  -8.8530631415464206E-005  -5.3724445734120040E-005  -3.1417903644655166E-008  -1.1629268814444725E-002  -8.4127157852175940E-005   4.8383019001368717E-004 -0.36262279211776749        1.3813678780000733E-007   3.1756883813885742E-004   6.4190986633716989        6.1321886770629922E-007  -6.0481625139432286E-006   1.3813678780000733E-007 -0.36651378196063816        1.7054619704964365E-007  -7.9187496353028192E-007   6.4408521399559069       -1.7414496975285009E-004   1.3152349723978319E-003   3.1756883813885742E-004   1.7054619704964365E-007 -0.36209549005209518       -1.7788132384483628E-003  -9.7394026853446685E-007   6.4161523918288594     
 dijxc
  0.32080358138148951       -2.9673210603070572        24.988079450405433        1.2602198348243943E-007   4.0326034403324624E-005  -1.1541455986609342E-002  -1.1952774981046738E-007   1.1212857548348253E-006  -2.5740351843996103E-008  -1.0888763210939026E-002   1.4293320815149667E-005  -8.4654949122031436E-005  -5.3666022611576603E-005  -3.1419166870668546E-008  -1.1629260357843209E-002  -8.4103848238391084E-005   4.8364020513139562E-004 -0.36262284751927953        1.3813252917234383E-007   3.1722437119688807E-004   6.4190989336329158        6.1321175804304939E-007  -6.0480963821616753E-006   1.3813252917234383E-007 -0.36651385662085889        1.7055678275632079E-007  -7.9185061730132446E-007   6.4408525181685352       -1.7131544479499184E-004   1.2896575681311639E-003   3.1722437119688807E-004   1.7055678275632079E-007 -0.36209553728040900       -1.7768853936238197E-003  -9.7401264815795920E-007   6.4161526145821588     
 dijxc
  0.32080562599790025       -2.9673408675950705        24.988268070058297        1.4985072676474647E-007   4.0181923981603767E-005  -1.1542213719821358E-002  -1.1955104030305295E-007   1.1215124785772829E-006  -2.5738436823673590E-008  -1.0889390975631602E-002   1.4089551381325546E-005  -8.2872265368724203E-005  -5.3640832720556004E-005  -3.1419515898676891E-008  -1.1630064943988876E-002  -8.4382408004641499E-005   4.8574745335966380E-004 -0.36261799240921855        1.3812292914388369E-007   3.1707421284811444E-004   6.4190746307590860        6.1333660469281464E-007  -6.0493483020472669E-006   1.3812292914388369E-007 -0.36650974353107502        1.7056098316024914E-007  -7.9179723139799029E-007   6.4408322254228016       -1.7001815712122247E-004   1.2779184989221730E-003   3.1707421284811444E-004   1.7056098316024914E-007 -0.36209040767774936       -1.7760340170977879E-003  -9.7404261684036502E-007   6.4161267963285100     
 dijxc
  0.32080153210582918       -2.9673012217444779        24.987890730675637        9.9925056113007676E-008   4.0486599277199213E-005  -1.1540689051827931E-002  -1.1950284966475346E-007   1.1210443182748454E-006  -2.5741652669723754E-008  -1.0888122758390427E-002   1.4086647217277795E-005  -8.2875110864660004E-005  -5.3633188184459030E-005  -3.1421074214646279E-008  -1.1628447066758418E-002  -8.3804051518317755E-005   4.8136195892977719E-004 -0.36262775487627574        1.3813884937654214E-007   3.1703230283833673E-004   6.4191234901881753        6.1307795913428044E-007  -6.0467592843614412E-006   1.3813884937654214E-007 -0.36651804283327133        1.7056818115723863E-007  -7.9188523945069153E-007   6.4408731817874987       -1.6994021909874735E-004   1.2774087574606578E-003   3.1703230283833673E-004   1.7056818115723863E-007 -0.36210071559064438       -1.7758211879788678E-003  -9.7408235010146698E-007   6.4161786663160694     
 dijxc
  0.32080357456579489       -2.9673210071183682        24.988079129358873        1.2399221165499429E-007   4.0340398738325354E-005  -1.1541446688301246E-002  -1.1952592076400454E-007   1.1212688277212471E-006  -2.5739859511007528E-008  -1.0888750202136054E-002   1.3907349353866651E-005  -8.1325831506910213E-005  -5.3608312888517944E-005  -3.1422144064600987E-008  -1.1629250750424695E-002  -8.4084109752218805E-005   4.8348292090052362E-004 -0.36262290089004334        1.3812990715140043E-007   3.1688389987969681E-004   6.4190991923525598        6.1320193809410531E-007  -6.0480017769599848E-006   1.3812990715140043E-007 -0.36651393213725186        1.7057601144945447E-007  -7.9183560853241715E-007   6.4408529015071814       -1.6876048799604074E-004   1.2668579923270570E-003   3.1688389987969681E-004   1.7057601144945447E-007 -0.36209559147777970       -1.7749794718453554E-003  -9.7413204474216254E-007   6.4161528780599770     
 dijxc
  0.32080358696658900       -2.9673211009665161        24.988079647722628        1.2843007729194521E-007   4.0308307743197375E-005  -1.1541465337722594E-002  -1.1952897355674239E-007   1.1212966964056401E-006  -2.5741149055203182E-008  -1.0888775761573925E-002   1.4736635927353292E-005  -8.8531156726137612E-005  -5.3724460290310982E-005  -3.1417902889065050E-008  -1.1629268331214318E-002  -8.4125853568034001E-005   4.8381849244525597E-004 -0.36262279383399648        1.3813680176855961E-007   3.1756892450436679E-004   6.4190986717139609        6.1321903173197391E-007  -6.0481641921078964E-006   1.3813680176855961E-007 -0.36651378366173010        1.7054619304246810E-007  -7.9187505039722109E-007   6.4408521481022465       -1.7414554913281366E-004   1.3152397598602610E-003   3.1756892450436679E-004   1.7054619304246810E-007 -0.36209549209622988       -1.7788137123983280E-003  -9.7394024584078151E-007   6.4161524020335063     
 dijxc
  0.32080563433206499       -2.9673409280815304        24.988268360249478        1.5341367312369141E-007   4.0155797713314510E-005  -1.1542227612234959E-002  -1.1955296342406750E-007   1.1215297662438967E-006  -2.5739581695585385E-008  -1.0889409743057354E-002   1.4744270789627759E-005  -8.8588907041729960E-005  -5.3728348468494401E-005  -3.1417321234057705E-008  -1.1630076977504671E-002  -8.4415183658463502E-005   4.8601255619876843E-004 -0.36261791283157091        1.3812906255319372E-007   3.1759024996361976E-004   6.4190742434869161        6.1334786019523791E-007  -6.0494537308739202E-006   1.3812906255319372E-007 -0.36650963461000285        1.7054359366150420E-007  -7.9183230743514133E-007   6.4408316734551878       -1.7421392549903033E-004   1.3157934214513198E-003   3.1759024996361976E-004   1.7054359366150420E-007 -0.36209033963385368       -1.7789221214226944E-003  -9.7392583135402240E-007   6.4161264757844494     
 dijxc
  0.32080154005699985       -2.9673012782355923        24.987890977363456        1.0345872448280087E-007   4.0460727158274108E-005  -1.1540703090733434E-002  -1.1950487712983971E-007   1.1210626597416340E-006  -2.5742728698788153E-008  -1.0888141812051631E-002   1.4729005451450446E-005  -8.8473445954949744E-005  -5.3720572131185941E-005  -3.1418478352825768E-008  -1.1628459716443128E-002  -8.3836641043728152E-005   4.8162535992963120E-004 -0.36262767461679524        1.3814460961824012E-007   3.1754759852803882E-004   6.4191230996518875        6.1308960286507928E-007  -6.0468689831953541E-006   1.3814460961824012E-007 -0.36651793245498204        1.7054875429184757E-007  -7.9191818178395269E-007   6.4408726221586932       -1.7407720098042590E-004   1.3146863539091850E-003   3.1754759852803882E-004   1.7054875429184757E-007 -0.36210064431894273       -1.7787052962179996E-003  -9.7395444741018073E-007   6.4161783279061364     
 dijxc
  0.32080358497406591       -2.9673210801566494        24.988079427401964        1.2862107815881988E-007   4.0306661504583874E-005  -1.1541465757569216E-002  -1.1952882068945175E-007   1.1212952756523453E-006  -2.5741160576566675E-008  -1.0888776182148660E-002   1.4736568913219847E-005  -8.8530642573042214E-005  -5.3724445684658161E-005  -3.1417896609095930E-008  -1.1629268805905438E-002  -8.4127123751927965E-005   4.8382986450916789E-004 -0.36262279213186238        1.3813686441655285E-007   3.1756883776122926E-004   6.4190986633718294        6.1321819198744828E-007  -6.0481560941382080E-006   1.3813686441655285E-007 -0.36651378197385731        1.7054615404221909E-007  -7.9187539746650594E-007   6.4408521399498824       -1.7414497674762887E-004   1.3152350385706182E-003   3.1756883776122926E-004   1.7054615404221909E-007 -0.36209549007355929       -1.7788132362551075E-003  -9.7394002896014874E-007   6.4161523918709173     
 dijxc
  0.32080357651636432       -2.9673210275038442        24.988079343983088        1.2378751553451094E-007   4.0342165776366228E-005  -1.1541446370682835E-002  -1.1952599141020485E-007   1.1212695332854593E-006  -2.5739837299823715E-008  -1.0888749928887338E-002   1.3903604788349506E-005  -8.1289738558595534E-005  -5.3608286742803769E-005  -3.1422002660653507E-008  -1.1629250550218774E-002  -8.4082756338985459E-005   4.8347077808536779E-004 -0.36262290206419717        1.3812978888448751E-007   3.1688374544507308E-004   6.4190991980338374        6.1320224722505825E-007  -6.0480050392489495E-006   1.3812978888448751E-007 -0.36651393304727969        1.7057528697867784E-007  -7.9183493948284053E-007   6.4408529055734505       -1.6874324940455133E-004   1.2666803999327454E-003   3.1688374544507308E-004   1.7057528697867784E-007 -0.36209559204295777       -1.7749786447110406E-003  -9.7412807424529450E-007   6.4161528802383625     
 dijxc
  0.32080562142800667       -2.9673408382725968        24.988268010944722        1.4771127039076583E-007   4.0197193140081546E-005  -1.1542203342634463E-002  -1.1954902685092273E-007   1.1214936652172542E-006  -2.5738101359081911E-008  -1.0889376623202822E-002   1.3738478554364494E-005  -7.9874543143836860E-005  -5.3583643164462191E-005  -3.1423395385839872E-008  -1.1630053153317971E-002  -8.4361847053388234E-005   4.8558312219591543E-004 -0.36261805108573708        1.3812115810140688E-007   3.1673660856862201E-004   6.4190749160168670        6.1332615986063634E-007  -6.0492465732980640E-006   1.3812115810140688E-007 -0.36650982579253294        1.7058470503941329E-007  -7.9178709669136097E-007   6.4408326434066776       -1.6763368131228655E-004   1.2568293830127733E-003   3.1673660856862201E-004   1.7058470503941329E-007 -0.36209047324781496       -1.7741439632262984E-003  -9.7418629070519215E-007   6.4161271210187731     
 dijxc
  0.32080152779239685       -2.9673011948142491        24.987890694525358        9.7818889700502552E-008   4.0501558938140913E-005  -1.1540678724017553E-002  -1.1950083046652513E-007   1.1210254285261767E-006  -2.5741338876396579E-008  -1.0888108407789157E-002   1.3743479471627102E-005  -7.9951921765914689E-005  -5.3576146595413119E-005  -3.1425107668042785E-008  -1.1628435131726178E-002  -8.3783666815184565E-005   4.8119935510588591E-004 -0.36262781319009835        1.3813719434356199E-007   3.1669547802068378E-004   6.4191237737640492        6.1306752422915951E-007  -6.0466575213351367E-006   1.3813719434356199E-007 -0.36651812499645486        1.7059264481387243E-007  -7.9187577120914205E-007   6.4408735995705975       -1.6759554794911128E-004   1.2567141029396942E-003   3.1669547802068378E-004   1.7059264481387243E-007 -0.36210078190152578       -1.7739354930410341E-003  -9.7422996963070126E-007   6.4161789955744126     
 dijxc
  0.32080357039867219       -2.9673209818846886        24.988079116967164        1.2202006014375524E-007   4.0354102837901213E-005  -1.1541435794899461E-002  -1.1952377124378791E-007   1.1212485575234128E-006  -2.5739687702136213E-008  -1.0888735059447305E-002   1.3606618437955653E-005  -7.8803399420358073E-005  -5.3552014735907988E-005  -3.1427058652870509E-008  -1.1629237218177359E-002  -8.4064408073452105E-005   4.8332711947164897E-004 -0.36262296238618014        1.3812901673560231E-007   3.1655106835074649E-004   6.4190994923599600        6.1319111448567574E-007  -6.0478952482493104E-006   1.3812901673560231E-007 -0.36651401872621980        1.7060475735603114E-007  -7.9183052046803096E-007   6.4408533428189685       -1.6662754505277269E-004   1.2482681899047172E-003   3.1655106835074649E-004   1.7060475735603114E-007 -0.36209566674154164       -1.7731161201131158E-003  -9.7430252116498219E-007   6.4161532566011505     
 dijxc
  0.32080358701075801       -2.9673211013484400        24.988079651916951        1.2842384833271244E-007   4.0308364921840461E-005  -1.1541465323441205E-002  -1.1952885276661223E-007   1.1212955932605911E-006  -2.5741162806815857E-008  -1.0888775747316476E-002   1.4736637160406277E-005  -8.8531167954682697E-005  -5.3724460240138029E-005  -3.1417895909138138E-008  -1.1629268315640699E-002  -8.4125819160279646E-005   4.8381816393909094E-004 -0.36262279384851398        1.3813687874125166E-007   3.1756892412620119E-004   6.4190986717215921        6.1321835400392070E-007  -6.0481577545887995E-006   1.3813687874125166E-007 -0.36651378367546178        1.7054615032385493E-007  -7.9187548638442993E-007   6.4408521481042627       -1.7414555619745377E-004   1.3152398266219462E-003   3.1756892412620119E-004   1.7054615032385493E-007 -0.36209549211812181       -1.7788137102023253E-003  -9.7394000792466486E-007   6.4161524020830925     
 dijxc
  0.32080563436642678       -2.9673409284748042        24.988268364723993        1.5340646645202044E-007   4.0155863768853722E-005  -1.1542227608692140E-002  -1.1955282414874386E-007   1.1215284925950173E-006  -2.5739597349018607E-008  -1.0889409739658754E-002   1.4744272216837647E-005  -8.8588920087597379E-005  -5.3728348398232706E-005  -3.1417312194251180E-008  -1.1630076972402544E-002  -8.4415143598060618E-005   4.8601217434332056E-004 -0.36261791283566858        1.3812915040669209E-007   3.1759024945023572E-004   6.4190742434195442        6.1334708207913789E-007  -6.0494463248951749E-006   1.3812915040669209E-007 -0.36650963461256192        1.7054353889641440E-007  -7.9183280473690339E-007   6.4408316733775273       -1.7421393354030649E-004   1.3157934979256458E-003   3.1759024945023572E-004   1.7054353889641440E-007 -0.36209033964685489       -1.7789221184504676E-003  -9.7392552576571678E-007   6.4161264757677436     
 dijxc
  0.32080154011105561       -2.9673012786769721        24.987890982109249        1.0345183427228840E-007   4.0460790216968794E-005  -1.1540703070933779E-002  -1.1950474069084496E-007   1.1210614112419328E-006  -2.5742743998335122E-008  -1.0888141792480321E-002   1.4729006820229058E-005  -8.8473458513051357E-005  -5.3720572055952352E-005  -3.1418469036419549E-008  -1.1628459695085837E-002  -8.3836602605627143E-005   4.8162499396154550E-004 -0.36262767463978718        1.3814469556903210E-007   3.1754759799630102E-004   6.4191230996939979        6.1308884200705650E-007  -6.0468617352235314E-006   1.3814469556903210E-007 -0.36651793247615483        1.7054869805139702E-007  -7.9191866818408329E-007   6.4408726221888681       -1.7407720863373572E-004   1.3146864269628145E-003   3.1754759799630102E-004   1.7054869805139702E-007 -0.36210064435080758       -1.7787052931446754E-003  -9.7395413336822816E-007   6.4161783279987326     
 dijxc
  0.32080358500841594       -2.9673210805918031        24.988079432271711        1.2861364853701665E-007   4.0306729311642535E-005  -1.1541465754075587E-002  -1.1952867044939408E-007   1.1212938990970473E-006  -2.5741177439992071E-008  -1.0888776179067354E-002   1.4736570390880887E-005  -8.8530656205438398E-005  -5.3724445580500220E-005  -3.1417885003133231E-008  -1.1629268800604782E-002  -8.4127081915177972E-005   4.8382946727648716E-004 -0.36262279215603904        1.3813695939122300E-007   3.1756883705447202E-004   6.4190986633956442        6.1321735752790341E-007  -6.0481481297379632E-006   1.3813695939122300E-007 -0.36651378199526596        1.7054608451822004E-007  -7.9187593460476579E-007   6.4408521399559708       -1.7414498484994443E-004   1.3152351165361292E-003   3.1756883705447202E-004   1.7054608451822004E-007 -0.36209549010802305       -1.7788132321851270E-003  -9.7393964019048449E-007   6.4161523919532577     
 dijxc
  0.32080357241427998       -2.9673210029708939        24.988079340242681        1.2181235771763689E-007   4.0355904889636369E-005  -1.1541435394676752E-002  -1.1952380642271491E-007   1.1212489106344170E-006  -2.5739682855858910E-008  -1.0888734669154604E-002   1.3604304705255013E-005  -7.8781454214553790E-005  -5.3551979462833494E-005  -3.1427007466254129E-008  -1.1629236830172196E-002  -8.4063050779422576E-005   4.8331489071567731E-004 -0.36262296396283805        1.3812899325090903E-007   3.1655088591702591E-004   6.4190994999577411        6.1319128254739752E-007  -6.0478970014299884E-006   1.3812899325090903E-007 -0.36651402022938173        1.7060450811630760E-007  -7.9183039219651112E-007   6.4408533498888918       -1.6661618638363286E-004   1.2481544518621827E-003   3.1655088591702591E-004   1.7060450811630760E-007 -0.36209566825477085       -1.7731150842699051E-003  -9.7430118709548677E-007   6.4161532638480905     
 dijxc
  0.32080561749449288       -2.9673408156800560        24.988268033884466        1.4589794436653986E-007   4.0209410703187206E-005  -1.1542191758266582E-002  -1.1954672343662368E-007   1.1214717519757821E-006  -2.5738108080730029E-008  -1.0889360499077287E-002   1.3489789495103332E-005  -7.7843705193319205E-005  -5.3528232148020926E-005  -3.1429411892029791E-008  -1.1630037639737252E-002  -8.4342957252118799E-005   4.8543539519182901E-004 -0.36261811643474340        1.3812122968081219E-007   3.1640854657311658E-004   6.4190752358420760        6.1331490390267547E-007  -6.0491345977195361E-006   1.3812122968081219E-007 -0.36650991782990261        1.7061882112055379E-007  -7.9178751955323377E-007   6.4408331136389840       -1.6576016342593282E-004   1.2408195708437694E-003   3.1640854657311658E-004   1.7061882112055379E-007 -0.36209055955726499       -1.7723072807022788E-003  -9.7438546721940890E-007   6.4161275603508878     
 dijxc
  0.32080152394415157       -2.9673011726363838        24.987890714697947        9.6036218101433357E-008   4.0513467564672821E-005  -1.1540667470912543E-002  -1.1949864394316296E-007   1.1210046550440914E-006  -2.5741308728434853E-008  -1.0888092683783657E-002   1.3496754893747519E-005  -7.7937472475891103E-005  -5.3520890150041760E-005  -3.1430951088382150E-008  -1.1628420166813973E-002  -8.3764898615150925E-005   4.8105298123242820E-004 -0.36262787671704116        1.3813706332770988E-007   3.1636815492308671E-004   6.4191240847012025        6.1305677611914113E-007  -6.0465508034548501E-006   1.3813706332770988E-007 -0.36651821482915847        1.7062579059120516E-007  -7.9187504225068097E-007   6.4408740587085642       -1.6573620597682464E-004   1.2408263371287147E-003   3.1636815492308671E-004   1.7062579059120516E-007 -0.36210086530523450       -1.7721031283564807E-003  -9.7442361548162627E-007   6.4161794197106925     
 dijxc
  0.32080356644348423       -2.9673209583888638        24.988079120875430        1.2041570899010820E-007   4.0364285291700645E-005  -1.1541424408823032E-002  -1.1952170499862378E-007   1.1212288320634402E-006  -2.5739729490510451E-008  -1.0888719132467729E-002   1.3407066093636232E-005  -7.7229707318054959E-005  -5.3497798284856695E-005  -3.1433429476195605E-008  -1.1629221565582042E-002  -8.4046453864360443E-005   4.8318924040966133E-004 -0.36262302691745552        1.3812926605601505E-007   3.1622915516523809E-004   6.4190998092621818        6.1318109696611217E-007  -6.0477952336581877E-006   1.3812926605601505E-007 -0.36651410993058109        1.7064019856296862E-007  -7.9183198712394535E-007   6.4408538100241968       -1.6501295124116185E-004   1.2347724308035390E-003   3.1622915516523809E-004   1.7064019856296862E-007 -0.36209575447880127       -1.7713144372533203E-003  -9.7450767188620666E-007   6.4161537054384361     
 dijxc
  0.32080358705436934       -2.9673211018260726        24.988079657104201        1.2841638135869085E-007   4.0308433088328459E-005  -1.1541465313188545E-002  -1.1952870213080483E-007   1.1212942130478921E-006  -2.5741179674880151E-008  -1.0888775737465078E-002   1.4736638646455773E-005  -8.8531181657114410E-005  -5.3724460137207365E-005  -3.1417884302716499E-008  -1.1629268303580000E-002  -8.4125777127718512E-005   4.8381776478246321E-004 -0.36262279388436380        1.3813697375042494E-007   3.1756892342358766E-004   6.4190986717908878        6.1321751746468463E-007  -6.0481497698802690E-006   1.3813697375042494E-007 -0.36651378370856114        1.7054608080304054E-007  -7.9187602370986988E-007   6.4408521481559360       -1.7414556434578935E-004   1.3152399050147753E-003   3.1756892342358766E-004   1.7054608080304054E-007 -0.36209549216427017       -1.7788137061554828E-003  -9.7393961916621597E-007   6.4161524022109813     
 dijxc
  0.32080563441020732       -2.9673409289384729        24.988268369876863        1.5339879675579094E-007   4.0155933507463087E-005  -1.1542227599065633E-002  -1.1955266325376414E-007   1.1215270160852695E-006  -2.5739615428780165E-008  -1.0889409730673399E-002   1.4744273747548489E-005  -8.8588934314351377E-005  -5.3728348260601866E-005  -3.1417298045789250E-008  -1.1630076960728000E-002  -8.4415099900550489E-005   4.8601176089378944E-004 -0.36261791286130274        1.3812925253329493E-007   3.1759024854895130E-004   6.4190742434733412        6.1334619280503396E-007  -6.0494378173197476E-006   1.3812925253329493E-007 -0.36650963463433833        1.7054345474478953E-007  -7.9183338189837167E-007   6.4408316734070183       -1.7421394173012603E-004   1.3157935775713250E-003   3.1759024854895130E-004   1.7054345474478953E-007 -0.36209033968413218       -1.7789221132779197E-003  -9.7392505456712217E-007   6.4161264758877641     
 dijxc
  0.32080154014785367       -2.9673012791051749        24.987890986882228        1.0344451024924244E-007   4.0460856719216459E-005  -1.1540703065537172E-002  -1.1950458380193049E-007   1.1210599711669213E-006  -2.5742761834122879E-008  -1.0888141787754581E-002   1.4729008281450132E-005  -8.8473472114858511E-005  -5.3720571910169119E-005  -3.1418454724351557E-008  -1.1628459687660742E-002  -8.3836560684477608E-005   4.8162459793046642E-004 -0.36262767466124346        1.3814479634315335E-007   3.1754759705310872E-004   6.4191230997187922        6.1308797557679747E-007  -6.0468534433465562E-006   1.3814479634315335E-007 -0.36651793249363163        1.7054861301376691E-007  -7.9191923766612365E-007   6.4408726221887109       -1.7407721640389358E-004   1.3146865027288718E-003   3.1754759705310872E-004   1.7054861301376691E-007 -0.36210064438379708       -1.7787052877398142E-003  -9.7395365712196326E-007   6.4161783280891109     
 dijxc
  0.32080358505732004       -2.9673210810177242        24.988079436874987        1.2860648624536252E-007   4.0306793992821106E-005  -1.1541465739197156E-002  -1.1952850899208152E-007   1.1212924152019973E-006  -2.5741196354517370E-008  -1.0888776165057852E-002   1.4736571813037738E-005  -8.8530669546245291E-005  -5.3724445387528205E-005  -3.1417868126515668E-008  -1.1629268783496391E-002  -8.4127040231724720E-005   4.8382907560535723E-004 -0.36262279217232352        1.3813706646942777E-007   3.1756883584613141E-004   6.4190986634101659        6.1321646936671205E-007  -6.0481396138060994E-006   1.3813706646942777E-007 -0.36651378200666423        1.7054598469698479E-007  -7.9187653942004482E-007   6.4408521399401621       -1.7414499221984480E-004   1.3152351892382085E-003   3.1756883584613141E-004   1.7054598469698479E-007 -0.36209549013697606       -1.7788132252849701E-003  -9.7393908069476564E-007   6.4161523920397805     
 dijxc
  0.32080356852367781       -2.9673209802423806        24.988079353938222        1.2020782046075471E-007   4.0366097861709065E-005  -1.1541423905334511E-002  -1.1952169675119282E-007   1.1212287542714062E-006  -2.5739745857367873E-008  -1.0888718596551029E-002   1.3406766781677530E-005  -7.7227526904341201E-005  -5.3497754043217270E-005  -3.1433495952770535E-008  -1.1629220927047282E-002  -8.4045110504348360E-005   4.8317708866502194E-004 -0.36262302903696647        1.3812935809107381E-007   3.1622895233731545E-004   6.4190998195032938        6.1318108959314077E-007  -6.0477951200492236E-006   1.3812935809107381E-007 -0.36651411221217600        1.7064056708684255E-007  -7.9183251808115231E-007   6.4408538210799451       -1.6501017603343609E-004   1.2347504338015890E-003   3.1622895233731545E-004   1.7064056708684255E-007 -0.36209575731580784       -1.7713132180984567E-003  -9.7450976104260861E-007   6.4161537198159779     
 dijxc
  0.32080561340930985       -2.9673407904730893        24.988268015557335        1.4448834638278258E-007   4.0217697887210286E-005  -1.1542180305690306E-002  -1.1954484706834304E-007   1.1214537359983475E-006  -2.5738214934066037E-008  -1.0889344456976847E-002   1.3341736386808386E-005  -7.6750293075990257E-005  -5.3475153923433236E-005  -3.1436287430852745E-008  -1.1630021411988593E-002  -8.4325874719452906E-005   4.8530669019510909E-004 -0.36261818161796144        1.3812182078247814E-007   3.1609252194509860E-004   6.4190755570439215        6.1330595315256949E-007  -6.0490446415843541E-006   1.3812182078247814E-007 -0.36651000993268451        1.7065638355242001E-007  -7.9179096577629207E-007   6.4408335865557742       -1.6441459685109070E-004   1.2299454206680647E-003   3.1609252194509860E-004   1.7065638355242001E-007 -0.36209065106514426       -1.7705390576773516E-003  -9.7460100887573446E-007   6.4161280309821089     
 dijxc
  0.32080151989808964       -2.9673011472633060        24.987890685039353        9.4631981242148701E-008   4.0521668128510186E-005  -1.1540656505894635E-002  -1.1949695162932130E-007   1.1209884417546630E-006  -2.5741347490387859E-008  -1.0888077260845834E-002   1.3345382063230793E-005  -7.6809685436710404E-005  -5.3467899737186490E-005  -3.1437444138579396E-008  -1.1628404948450556E-002  -8.3747781744230543E-005   4.8092418380526336E-004 -0.36262793921023179        1.3813728380881899E-007   3.1605245963169191E-004   6.4191243925086283        6.1304862115721236E-007  -6.0464691130590608E-006   1.3813728380881899E-007 -0.36651830350742115        1.7066130805742132E-007  -7.9187637631670081E-007   6.4408745140243742       -1.6438011761861322E-004   1.2298207230843380E-003   3.1605245963169191E-004   1.7066130805742132E-007 -0.36210095133553616       -1.7703370315261505E-003  -9.7462772246746873E-007   6.4161798609676746     
 dijxc
  0.32080356205955662       -2.9673209286189599        24.988079031721831        1.1916849997984161E-007   4.0370886872729709E-005  -1.1541413901510630E-002  -1.1952046709626514E-007   1.1212169183658337E-006  -2.5739732418448839E-008  -1.0888704329011491E-002   1.3297587538556027E-005  -7.6487407906830195E-005  -5.3445897293402063E-005  -3.1439809141747672E-008  -1.1629207173233291E-002  -8.4029914653237635E-005   4.8306709709481575E-004 -0.36262308719468617        1.3812928201425786E-007   3.1591889200824667E-004   6.4191001069596840        6.1317516417707692E-007  -6.0477355680981127E-006   1.3812928201425786E-007 -0.36651419546202518        1.7067459143171044E-007  -7.9183218371356697E-007   6.4408542499417241       -1.6388606519802650E-004   1.2259557854646930E-003   3.1591889200824667E-004   1.7067459143171044E-007 -0.36209583660563771       -1.7695796390041730E-003  -9.7470414822700438E-007   6.4161541266780215     
 dijxc
  0.32080358709032059       -2.9673211022506973        24.988079661757080        1.2840921483970704E-007   4.0308497808729156E-005  -1.1541465307784063E-002  -1.1952854028838304E-007   1.1212927254274579E-006  -2.5741198542240697E-008  -1.0888775732940670E-002   1.4736640073045340E-005  -8.8531195044988525E-005  -5.3724459946069379E-005  -3.1417867379416164E-008  -1.1629268295942519E-002  -8.4125735416882107E-005   4.8381737281824664E-004 -0.36262279391068142        1.3813708059294571E-007   3.1756892222471614E-004   6.4190986718335612        6.1321662754907341E-007  -6.0481412354877660E-006   1.3813708059294571E-007 -0.36651378372993726        1.7054598074037729E-007  -7.9187662715233804E-007   6.4408521481679113       -1.7414557172354446E-004   1.3152399778490085E-003   3.1756892222471614E-004   1.7054598074037729E-007 -0.36209549220327331       -1.7788136993071360E-003  -9.7393905827870743E-007   6.4161524023257570     
 dijxc
  0.32080563445222809       -2.9673409293448723        24.988268374202935        1.5339215305060927E-007   4.0155993033466218E-005  -1.1542227587246968E-002  -1.1955250144545749E-007   1.1215255265272878E-006  -2.5739635086997110E-008  -1.0889409719940325E-002   1.4744275061908722E-005  -8.8588946779299179E-005  -5.3728348014848952E-005  -3.1417278386182992E-008  -1.1630076946500784E-002  -8.4415060296919310E-005   4.8601139155064630E-004 -0.36261791288930173        1.3812936408686598E-007   3.1759024704670474E-004   6.4190742435410471        6.1334530727165653E-007  -6.0494293057285609E-006   1.3812936408686598E-007 -0.36650963465647923        1.7054333897135404E-007  -7.9183401163335810E-007   6.4408316734385771       -1.7421394827350144E-004   1.3157936432849108E-003   3.1759024704670474E-004   1.7054333897135404E-007 -0.36209033972580690       -1.7789221047187871E-003  -9.7392440515764619E-007   6.4161264760331580     
 dijxc
  0.32080154017178669       -2.9673012794481091        24.987890990691660        1.0343813756393960E-007   4.0460913732485619E-005  -1.1540703067216190E-002  -1.1950442656207708E-007   1.1210585236076612E-006  -2.5742781387909522E-008  -1.0888141790478860E-002   1.4729009530947030E-005  -8.8473483966327779E-005  -5.3720571653889258E-005  -3.1418435047269104E-008  -1.1628459686968934E-002  -8.3836522520463775E-005   4.8162424264372623E-004 -0.36262767467350943        1.3814490724935369E-007   3.1754759549474087E-004   6.4191230997002435        6.1308711525405235E-007  -6.0468451738291111E-006   1.3814490724935369E-007 -0.36651793250023024        1.7054849711418071E-007  -7.9191986382806401E-007   6.4408726221352417       -1.7407722261616223E-004   1.3146865651608426E-003   3.1754759549474087E-004   1.7054849711418071E-007 -0.36210064440953305       -1.7787052788679676E-003  -9.7395300703889301E-007   6.4161783281470566     
 dijxc
  0.32080358507848900       -2.9673210813217006        24.988079440314017        1.2860082696488758E-007   4.0306844084415526E-005  -1.1541465740791179E-002  -1.1952835721607536E-007   1.1212910158574928E-006  -2.5741216662412033E-008  -1.0888776167780480E-002   1.4736572889735643E-005  -8.8530679869792484E-005  -5.3724445065098270E-005  -3.1417845803524945E-008  -1.1629268782595778E-002  -8.4127005257319336E-005   4.8382875337352942E-004 -0.36262279218406984        1.3813718176438475E-007   3.1756883392159872E-004   6.4190986634238660        6.1321564290046590E-007  -6.0481316524422120E-006   1.3813718176438475E-007 -0.36651378201239598        1.7054585352078931E-007  -7.9187719022915803E-007   6.4408521399169949       -1.7414499735092281E-004   1.3152352418294433E-003   3.1756883392159872E-004   1.7054585352078931E-007 -0.36209549016290415       -1.7788132143541516E-003  -9.7393834465445183E-007   6.4161523921339461     
 dijxc
  0.32080356416307815       -2.9673209506559655        24.988079267424631        1.1896888067187397E-007   4.0372627217459474E-005  -1.1541413335518586E-002  -1.1952043665615994E-007   1.1212166217212987E-006  -2.5739759329484613E-008  -1.0888703709209635E-002   1.3298985441562571E-005  -7.6501543801885255E-005  -5.3445867566755626E-005  -3.1439947596205708E-008  -1.1629206365822771E-002  -8.4028623024366299E-005   4.8305542178381916E-004 -0.36262308961603273        1.3812943078676293E-007   3.1591878509538849E-004   6.4191001187461367        6.1317506115942925E-007  -6.0477344580341083E-006   1.3812943078676293E-007 -0.36651419816582337        1.7067533104454879E-007  -7.9183303891039924E-007   6.4408542632267256       -1.6389118970486086E-004   1.2260150396259059E-003   3.1591878509538849E-004   1.7067533104454879E-007 -0.36209584034038023       -1.7695789180800646E-003  -9.7470828014765810E-007   6.4161541459831319     
 dijxc
  0.32080560857014612       -2.9673407547872950        24.988267846419461        1.4339593244933768E-007   4.0222692415158679E-005  -1.1542170491058809E-002  -1.1954420762586326E-007   1.1214475235075219E-006  -2.5738137327748182E-008  -1.0889330604913046E-002   1.3272810977788719E-005  -7.6378379019051082E-005  -5.3424347004547853E-005  -3.1442306725217291E-008  -1.1630008419988722E-002  -8.4309851106497801E-005   4.8519078506404593E-004 -0.36261823841201885        1.3812138891003724E-007   3.1578761436993106E-004   6.4190758383896167        6.1330288281761845E-007  -6.0490135867205150E-006   1.3812138891003724E-007 -0.36651009050993000        1.7068832579110316E-007  -7.9178863887969989E-007   6.4408340017551602       -1.6351508010335161E-004   1.2232780182491331E-003   3.1578761436993106E-004   1.7068832579110316E-007 -0.36209072620622201       -1.7688353183078420E-003  -9.7478241611029250E-007   6.4161284155620955     
 dijxc
  0.32080151518306477       -2.9673011125336810        24.987890518968662        9.3499582996923477E-008   4.0527004744258589E-005  -1.1540647094420278E-002  -1.1949646359791096E-007   1.1209837061378702E-006  -2.5741216485500404E-008  -1.0888063915707714E-002   1.3270315557853925E-005  -7.6377754201780405E-005  -5.3416978495918824E-005  -3.1443111801331395E-008  -1.1628392898999057E-002  -8.3731495066501901E-005   4.8080588448859744E-004 -0.36262799372559201        1.3813656486420323E-007   3.1574679518005006E-004   6.4191246622106641        6.1304623437777267E-007  -6.0464450663351481E-006   1.3813656486420323E-007 -0.36651838122500890        1.7069141637057064E-007  -7.9187241053264488E-007   6.4408749142564714       -1.6345398592485189E-004   1.2228696568616275E-003   3.1574679518005006E-004   1.7069141637057064E-007 -0.36210102117242643       -1.7686292521634163E-003  -9.7479896665914900E-007   6.4161802167431290     
 dijxc
  0.32080355694543167       -2.9673208885697240        24.988078791097838        1.1808409858732280E-007   4.0375588676612819E-005  -1.1541405298407179E-002  -1.1952068354449040E-007   1.1212189054041794E-006  -2.5739489712962835E-008  -1.0888692124798045E-002   1.3253342992755881E-005  -7.6333168200899785E-005  -5.3395616110309268E-005  -3.1444827059126959E-008  -1.1629197160796523E-002  -8.4013540128156092E-005   4.8294923207064605E-004 -0.36262313745314029        1.3812795375844896E-007   3.1561601378143217E-004   6.4191003558617314        6.1317616930754704E-007  -6.0477454011946308E-006   1.3812795375844896E-007 -0.36651426703653167        1.7070081264031174E-007  -7.9182476712949835E-007   6.4408546186604925       -1.6314032205474115E-004   1.2206774960523048E-003   3.1561601378143217E-004   1.7070081264031174E-007 -0.36209589557010308       -1.7678885933274237E-003  -9.7485250646122729E-007   6.4161544239158941     
 dijxc
  0.32080358711355078       -2.9673211025341839        24.988079665083369        1.2840358336266169E-007   4.0308547628612753E-005  -1.1541465307817994E-002  -1.1952838833617694E-007   1.1212913243074861E-006  -2.5741218798452648E-008  -1.0888775734135832E-002   1.4736641147405799E-005  -8.8531205360867346E-005  -5.3724459624194244E-005  -3.1417845004396542E-008  -1.1629268293476241E-002  -8.4125700573406496E-005   4.8381705188810210E-004 -0.36262279391175928        1.3813719562547815E-007   3.1756892030478871E-004   6.4190986718317413        6.1321580037840460E-007  -6.0481332659820293E-006   1.3813719562547815E-007 -0.36651378372486582        1.7054584929324922E-007  -7.9187727643120980E-007   6.4408521481284478       -1.7414557682091098E-004   1.3152400302114987E-003   3.1756892030478871E-004   1.7054584929324922E-007 -0.36209549221855891       -1.7788136884037960E-003  -9.7393832067436379E-007   6.4161524024045526     
 dijxc
  0.32080563447090543       -2.9673409295830608        24.988268376814052        1.5338751566505619E-007   4.0156033333619840E-005  -1.1542227587274925E-002  -1.1955235993489352E-007   1.1215242192318224E-006  -2.5739655913214987E-008  -1.0889409721176066E-002   1.4744275896300600E-005  -8.8588954937341536E-005  -5.3728347617631868E-005  -3.1417253310231376E-008  -1.1630076943943551E-002  -8.4415030148464451E-005   4.8601111828842198E-004 -0.36261791289718015        1.3812948243687292E-007   3.1759024471268363E-004   6.4190742435434878        6.1334454162691208E-007  -6.0494219088572197E-006   1.3812948243687292E-007 -0.36650963465805325        1.7054319192744570E-007  -7.9183467955761989E-007   6.4408316734026272       -1.7421395194095054E-004   1.3157936823730417E-003   3.1759024471268363E-004   1.7054319192744570E-007 -0.36209033974838889       -1.7789220914892104E-003  -9.7392357981446409E-007   6.4161264761189400     
 dijxc
  0.32080154019896256       -2.9673012797386007        24.987890993715329        1.0343362359932010E-007   4.0460952934220820E-005  -1.1540703060068200E-002  -1.1950428914897644E-007   1.1210572538328430E-006  -2.5742802151258089E-008  -1.0888141784429511E-002   1.4729010323669365E-005  -8.8473491702487149E-005  -5.3720571248958768E-005  -3.1418410013433680E-008  -1.1628459677276964E-002  -8.3836493104606763E-005   4.8162397633333984E-004 -0.36262767470408608        1.3814502516436694E-007   3.1754759311720753E-004   6.4191230998033779        6.1308637257430805E-007  -6.0468379968480676E-006   1.3814502516436694E-007 -0.36651793252500137        1.7054835025429957E-007  -7.9192052942521226E-007   6.4408726222029529       -1.7407722611640148E-004   1.3146866023659312E-003   3.1754759311720753E-004   1.7054835025429957E-007 -0.36210064445459389       -1.7787052653925317E-003  -9.7395218280714435E-007   6.4161783283322764     
 dijxc
  0.32080358510831397       -2.9673210815249167        24.988079442356494        1.2859729016341387E-007   4.0306874000956992E-005  -1.1541465728957145E-002  -1.1952823402555685E-007   1.1212898740948127E-006  -2.5741237870711900E-008  -1.0888776156968469E-002   1.4736573420878904E-005  -8.8530685216595589E-005  -5.3724444580321927E-005  -3.1417818111778569E-008  -1.1629268768176895E-002  -8.4126980637693865E-005   4.8382853521136004E-004 -0.36262279219183224        1.3813730222311051E-007   3.1756883110959971E-004   6.4190986634496996        6.1321498364807681E-007  -6.0481252552180318E-006   1.3813730222311051E-007 -0.36651378201485202        1.7054569125124963E-007  -7.9187787020913855E-007   6.4408521399106355       -1.7414499939386185E-004   1.3152352651445629E-003   3.1756883110959971E-004   1.7054569125124963E-007 -0.36209549018539278       -1.7788131984452825E-003  -9.7393743380970765E-007   6.4161523922431316     
 dijxc
  0.32080355900228724       -2.9673209101273179        24.988079020940013        1.1790037919857921E-007   4.0377178763282575E-005  -1.1541404771712713E-002  -1.1952066656471799E-007   1.1212187434339482E-006  -2.5739510250393296E-008  -1.0888691556412221E-002   1.3255542404064572E-005  -7.6354485029655485E-005  -5.3395649275174531E-005  -3.1444949556905642E-008  -1.1629196389981666E-002  -8.4012328887029964E-005   4.8293836451575875E-004 -0.36262313972147781        1.3812806653081173E-007   3.1561624400226529E-004   6.4191003670007181        6.1317611252555734E-007  -6.0477448103116449E-006   1.3812806653081173E-007 -0.36651426952091820        1.7070145252261320E-007  -7.9182541805624539E-007   6.4408546309167169       -1.6315021801093941E-004   1.2207811797623218E-003   3.1561624400226529E-004   1.7070145252261320E-007 -0.36209589921957547       -1.7678897879083184E-003  -9.7485605326030711E-007   6.4161544428940669     
 dijxc
  0.32080560295349969       -2.9673407081294507        24.988267513164793        1.4232641009020158E-007   4.0227039773201327E-005  -1.1542162931172883E-002  -1.1954527617623034E-007   1.1214576744496809E-006  -2.5737730252128888E-008  -1.0889319890567468E-002   1.3254031475460866E-005  -7.6448979357660138E-005  -5.3374535070085747E-005  -3.1446356176879812E-008  -1.1630001129793913E-002  -8.4293165467238016E-005   4.8507133888886121E-004 -0.36261828313732886        1.3811916675885723E-007   3.1548648159662881E-004   6.4190760600349606        6.1330793624836002E-007  -6.0490640576804239E-006   1.3811916675885723E-007 -0.36651015403028875        1.7070899624566659E-007  -7.9177614690652564E-007   6.4408343288917296       -1.6292749913521216E-004   1.2194310641166866E-003   3.1548648159662881E-004   1.7070899624566659E-007 -0.36209077053167765       -1.7671553407355716E-003  -9.7489866543101346E-007   6.4161286336326562     
 dijxc
  0.32080150982796896       -2.9673010685817220        24.987890213505828        9.2347285969213481E-008   4.0532115507592014E-005  -1.1540639614031650E-002  -1.1949757247404007E-007   1.1209942397026578E-006  -2.5740801822669009E-008  -1.0888053295104456E-002   1.3245254462539926E-005  -7.6389210949458263E-005  -5.3366709519323980E-005  -3.1447046053075453E-008  -1.1628385935491224E-002  -8.3714358345840718E-005   4.8068202176338489E-004 -0.36262803783436498        1.3813430805145539E-007   3.1544310666478599E-004   6.4191248803451524        6.1305151869992387E-007  -6.0464977562116595E-006   1.3813430805145539E-007 -0.36651844405353096        1.7071155528960207E-007  -7.9185971505358402E-007   6.4408752374449660       -1.6283471396603413E-004   1.2187071859427426E-003   3.1544310666478599E-004   1.7071155528960207E-007 -0.36210106330818820       -1.7669348869260985E-003  -9.7491240100289745E-007   6.4161804226025820     
 dijxc
  0.32080355132233052       -2.9673208409507534        24.988078433451239        1.1680562546811939E-007   4.0381680421498582E-005  -1.1541398382754496E-002  -1.1952254476172357E-007   1.1212366071382513E-006  -2.5738958837028634E-008  -1.0888682432852542E-002   1.3246849677500295E-005  -7.6507074635961383E-005  -5.3344839276005155E-005  -3.1447974891425795E-008  -1.1629192292084645E-002  -8.3995381685110301E-005   4.8281660024193998E-004 -0.36262317838848690        1.3812507501587677E-007   3.1530878418089105E-004   6.4191005579895410        6.1318515604315480E-007  -6.0478348652666168E-006   1.3812507501587677E-007 -0.36651432464593542        1.7071651387985445E-007  -7.9180853557875106E-007   6.4408549142433946       -1.6263935918336953E-004   1.2175717392791819E-003   3.1530878418089105E-004   1.7071651387985445E-007 -0.36209592585311512       -1.7661752469073416E-003  -9.7494031063825805E-007   6.4161545647606850     
 dijxc
  0.32080358714084839       -2.9673211027375701        24.988079667097569        1.2840009681526481E-007   4.0308577070082496E-005  -1.1541465297506444E-002  -1.1952826531716187E-007   1.1212901841915325E-006  -2.5741239991998741E-008  -1.0888775724852563E-002   1.4736641672066182E-005  -8.8531210649209322E-005  -5.3724459139474673E-005  -3.1417817291984587E-008  -1.1629268280577067E-002  -8.4125676182781681E-005   4.8381683604182483E-004 -0.36262279392390562        1.3813731601065895E-007   3.1756891749105108E-004   6.4190986718662062        6.1321514196606785E-007  -6.0481268770533857E-006   1.3813731601065895E-007 -0.36651378373164922        1.7054568691855336E-007  -7.9187795598376054E-007   6.4408521481303342       -1.7414557881068629E-004   1.3152400530681561E-003   3.1756891749105108E-004   1.7054568691855336E-007 -0.36209549224545290       -1.7788136724817586E-003  -9.7393740922682417E-007   6.4161524025224965     
 dijxc
  0.32080563448860538       -2.9673409297346685        24.988268378239987        1.5338513556233930E-007   4.0156052344551910E-005  -1.1542227580734157E-002  -1.1955225550497366E-007   1.1215232469871000E-006  -2.5739677410343381E-008  -1.0889409715486562E-002   1.4744276117224062E-005  -8.8588957416189826E-005  -5.3728347047501412E-005  -3.1417222945128839E-008  -1.1630076934811662E-002  -8.4415011322872989E-005   4.8601095785549348E-004 -0.36261791291528195        1.3812960451632945E-007   3.1759024143281338E-004   6.4190742436060031        6.1334399132416495E-007  -6.0494165347691441E-006   1.3812960451632945E-007 -0.36650963467175490        1.7054301414305417E-007  -7.9183536877763803E-007   6.4408316734386180       -1.7421395228800384E-004   1.3157936893520978E-003   3.1759024143281338E-004   1.7054301414305417E-007 -0.36209033978128163       -1.7789220729600430E-003  -9.7392258180160950E-007   6.4161264762650507     
 dijxc
  0.32080154021657242       -2.9673012798282690        24.987890994686232        1.0343120514418465E-007   4.0460972374133146E-005  -1.1540703053710077E-002  -1.1950418734313175E-007   1.1210563048511214E-006  -2.5742823503363696E-008  -1.0888141778822885E-002   1.4729010535056283E-005  -8.8473494072971871E-005  -5.3720570677411374E-005  -3.1418379634015009E-008  -1.1628459668358800E-002  -8.3836474240739684E-005   4.8162381503461709E-004 -0.36262767469260876        1.3814514639016418E-007   3.1754758983129790E-004   6.4191230997737065        6.1308583845287727E-007  -6.0468327725722997E-006   1.3814514639016418E-007 -0.36651793250964154        1.7054817235907030E-007  -7.9192121388620353E-007   6.4408726221498220       -1.7407722646426360E-004   1.3146866091247691E-003   3.1754758983129790E-004   1.7054817235907030E-007 -0.36210064445772977       -1.7787052468308208E-003  -9.7395118419272950E-007   6.4161783283851914     
 dijxc
  0.32080358511041118       -2.9673210815921736        24.988079442941054        1.2859579857783161E-007   4.0306884796840521E-005  -1.1541465730320548E-002  -1.1952815212871836E-007   1.1212891035041728E-006  -2.5741259221874750E-008  -1.0888776158792100E-002   1.4736573354193276E-005  -8.8530685005192076E-005  -5.3724443933172303E-005  -3.1417784967609379E-008  -1.1629268766991163E-002  -8.4126966607176801E-005   4.8382842139416214E-004 -0.36262279220659321        1.3813742347269088E-007   3.1756882740822750E-004   6.4190986634983638        6.1321456817771537E-007  -6.0481211354906598E-006   1.3813742347269088E-007 -0.36651378202725965        1.7054549734430335E-007  -7.9187855485323335E-007   6.4408521399450853       -1.7414499824524983E-004   1.3152352573402356E-003   3.1756882740822750E-004   1.7054549734430335E-007 -0.36209549021473053       -1.7788131775589801E-003  -9.7393634518724354E-007   6.4161523923740713     
 dijxc
  0.32080355331742311       -2.9673208617744757        24.988078653590417        1.1663721153186666E-007   4.0383120270666889E-005  -1.1541397977782128E-002  -1.1952256765137892E-007   1.1212368385769975E-006  -2.5738962159856396E-008  -1.0888682019881767E-002   1.3248949286282034E-005  -7.6526651404946821E-005  -5.3344988547942082E-005  -3.1448008804997820E-008  -1.1629191750119790E-002  -8.3994238638280532E-005   4.8280646149741516E-004 -0.36262318004341576        1.3812509293746646E-007   3.1530962236440697E-004   6.4191005661992069        6.1318526010069857E-007  -6.0478359816599588E-006   1.3812509293746646E-007 -0.36651432632690978        1.7071666762393936E-007  -7.9180864694957773E-007   6.4408549224861158       -1.6265033840218667E-004   1.2176794722171299E-003   3.1530962236440697E-004   1.7071666762393936E-007 -0.36209592835729509       -1.7661799419359527E-003  -9.7494111921902128E-007   6.4161545777097970     
 dijxc
  0.32080559702476419       -2.9673406565474014        24.988267099980597        1.4085685302387942E-007   4.0234705405164912E-005  -1.1542156642616340E-002  -1.1954796372028069E-007   1.1214832650427844E-006  -2.5737054816118572E-008  -1.0889311256119465E-002   1.3259311798153654E-005  -7.6720345224749812E-005  -5.3322818440286655E-005  -3.1448512978122091E-008  -1.1629998726682259E-002  -8.4273622211226387E-005   4.8492642152653817E-004 -0.36261832055186621        1.3811551596589560E-007   3.1517328566622426E-004   6.4190762443527341        6.1332097364228748E-007  -6.0491938235614928E-006   1.3811551596589560E-007 -0.36651020570699505        1.7071924245511185E-007  -7.9175551788772958E-007   6.4408345929894333       -1.6251259563392271E-004   1.2170530076470764E-003   3.1517328566622426E-004   1.7071924245511185E-007 -0.36209078679880463       -1.7654094188227195E-003  -9.7495530240444155E-007   6.4161286974550773     
 dijxc
  0.32080150422033482       -2.9673010205161985        24.987889842684798        9.0783397418657744E-008   4.0540679767401590E-005  -1.1540633007159434E-002  -1.1950017930013278E-007   1.1210190336390748E-006  -2.5740160426217035E-008  -1.0888044273903948E-002   1.3245729228571351E-005  -7.6617282259051000E-005  -5.3314152482416787E-005  -3.1449364334399313E-008  -1.1628383016725224E-002  -8.3694349130296073E-005   4.8053232991629463E-004 -0.36262807673030562        1.3813084877593569E-007   3.1512534956060776E-004   6.4191250718328376        6.1306425139980095E-007  -6.0466242273973031E-006   1.3813084877593569E-007 -0.36651849761423111        1.7072276806687930E-007  -7.9184016883697189E-007   6.4408755109957632       -1.6239170193272528E-004   1.2160665460589405E-003   3.1512534956060776E-004   1.7072276806687930E-007 -0.36210108189106416       -1.7651629917855244E-003  -9.7497462980853335E-007   6.4161804986442084     
 dijxc
  0.32080354552966628       -2.9673207911442057        24.988078045844954        1.1494343092579997E-007   4.0392873459541934E-005  -1.1541391535455942E-002  -1.1952574713115515E-007   1.1212670356507296E-006  -2.5738253391426045E-008  -1.0888673450971345E-002   1.3255482727068999E-005  -7.6802635153399142E-005  -5.3289963220057823E-005  -3.1449785075299106E-008  -1.1629190217952910E-002  -8.3973514055357516E-005   4.8264950208168681E-004 -0.36262321843974410        1.3812128644882685E-007   3.1497768054737196E-004   6.4191007552097172        6.1320095794168463E-007  -6.0479914172408827E-006   1.3812128644882685E-007 -0.36651437783179375        1.7072498505732241E-007  -7.9178710251767625E-007   6.4408551848813342       -1.6225611451739386E-004   1.2154337725166517E-003   3.1497768054737196E-004   1.7072498505732241E-007 -0.36209593897240377       -1.7643285701122386E-003  -9.7498678361937527E-007   6.4161546097033755     
 dijxc
  0.32080358713996088       -2.9673211027669359        24.988079667451931        1.2839865765653948E-007   4.0308587357415520E-005  -1.1541465301575710E-002  -1.1952818392964946E-007   1.1212894185063056E-006  -2.5741261378628640E-008  -1.0888775729399384E-002   1.4736641592639588E-005  -8.8531210323995101E-005  -5.3724458488894971E-005  -3.1417784172656524E-008  -1.1629268282101000E-002  -8.4125662414727615E-005   4.8381672488079393E-004 -0.36262279392039037        1.3813743743706046E-007   3.1756891377427506E-004   6.4190986718611853        6.1321472878657234E-007  -6.0481227811511066E-006   1.3813743743706046E-007 -0.36651378372573068        1.7054549313659707E-007  -7.9187864165207954E-007   6.4408521481108671       -1.7414557760403590E-004   1.3152400446905562E-003   3.1756891377427506E-004   1.7054549313659707E-007 -0.36209549225648646       -1.7788136515115266E-003  -9.7393632132760063E-007   6.4161524025995815     
 dijxc
  0.32080563448046689       -2.9673409296892284        24.988268377919926        1.5338459500699332E-007   4.0156054336981596E-005  -1.1542227586794775E-002  -1.1955219685472894E-007   1.1215226848409300E-006  -2.5739698611346517E-008  -1.0889409721636788E-002   1.4744275751749275E-005  -8.8588954415159439E-005  -5.3728346322230433E-005  -3.1417187041046594E-008  -1.1630076938372175E-002  -8.4415002403914941E-005   4.8601089378481942E-004 -0.36261791290450512        1.3812972490043031E-007   3.1759023730450745E-004   6.4190742436071488        6.1334371410897797E-007  -6.0494137039426023E-006   1.3812972490043031E-007 -0.36650963466057168        1.7054280422315797E-007  -7.9183604865486307E-007   6.4408316734372786       -1.7421394957537568E-004   1.3157936661410494E-003   3.1759023730450745E-004   1.7054280422315797E-007 -0.36209033978482780       -1.7789220496860691E-003  -9.7392140320563158E-007   6.4161264763469266     
 dijxc
  0.32080154020904639       -2.9673012798398104        24.987890994803021        1.0343050975711295E-007   4.0460975900146368E-005  -1.1540703059391269E-002  -1.1950412937321217E-007   1.1210557473839796E-006  -2.5742844441113743E-008  -1.0888141784513285E-002   1.4729010194995148E-005  -8.8473491308788729E-005  -5.3720569961474041E-005  -3.1418343609693492E-008  -1.1628459671546895E-002  -8.3836464676276490E-005   4.8162374402659465E-004 -0.36262767470670998        1.3814526533669626E-007   3.1754758575199790E-004   6.4191230998478055        6.1308556821266208E-007  -6.0468299973910985E-006   1.3814526533669626E-007 -0.36651793252374631        1.7054796179623611E-007  -7.9192188558580616E-007   6.4408726222237975       -1.7407722387663437E-004   1.3146865871268535E-003   3.1754758575199790E-004   1.7054796179623611E-007 -0.36210064448611334       -1.7787052238358531E-003  -9.7395000189776526E-007   6.4161783285398011     
 dijxc
  0.32080358510605245       -2.9673210815350006        24.988079442408171        1.2859575997948211E-007   4.0306882370455798E-005  -1.1541465731021529E-002  -1.1952811594283487E-007   1.1212887386513882E-006  -2.5741279584118233E-008  -1.0888776159085262E-002   1.4736572784070143E-005  -8.8530680124699148E-005  -5.3724443162501212E-005  -3.1417745950238855E-008  -1.1629268765231571E-002  -8.4126960803519388E-005   4.8382838607372025E-004 -0.36262279220383675        1.3813753929611889E-007   3.1756882302568174E-004   6.4190986635495939        6.1321443298020427E-007  -6.0481196006911252E-006   1.3813753929611889E-007 -0.36651378202671764        1.7054526956910073E-007  -7.9187920883158027E-007   6.4408521400092731       -1.7414499437401145E-004   1.3152352229434917E-003   3.1756882302568174E-004   1.7054526956910073E-007 -0.36209549022608833       -1.7788131528731878E-003  -9.7393506597927675E-007   6.4161523925047916     
 dijxc
  0.32080354751785478       -2.9673208117122831        24.988078260793053        1.1477938804489055E-007   4.0394263581221051E-005  -1.1541391260315934E-002  -1.1952581121059961E-007   1.1212676686291411E-006  -2.5738241885728403E-008  -1.0888673197258010E-002   1.3257002172413796E-005  -7.6816075062828408E-005  -5.3290247576165304E-005  -3.1449719372369580E-008  -1.1629189965010049E-002  -8.3972379304702625E-005   4.8263951426907973E-004 -0.36262321936076697        1.3812122375164254E-007   3.1497922525931994E-004   6.4191007596458611        6.1320124357935939E-007  -6.0479944041910728E-006   1.3812122375164254E-007 -0.36651437860845892        1.7072459967369781E-007  -7.9178675535274635E-007   6.4408551883810325       -1.6226550035111512E-004   1.2155196950723354E-003   3.1497922525931994E-004   1.7072459967369781E-007 -0.36209593988019523       -1.7643373465613963E-003  -9.7498456805575013E-007   6.4161546139530028     
