 dijxc
  0.32075155008367379       -2.9668289963732493        24.983602623401936        5.8408790956669820E-006  -3.9641776186436327E-005  -1.1534106825124631E-002  -1.3131360071354824E-007   1.2280711418568225E-006  -2.0316653852726939E-008  -1.0855415442377142E-002  -1.8709189797922839E-007   1.7422243148646668E-006   3.7259681424846054E-009  -1.9495209084791751E-008  -1.1584378404864197E-002  -5.9892410998657845E-005   4.6826497363363327E-004 -0.36266291681604956        1.0892548168772924E-007  -2.5899929007117122E-008   6.4192061404455183        6.8073737752637958E-007  -6.6865443454481682E-006   1.0892548168772924E-007 -0.36670946007622163        1.0487480387903855E-007  -6.2370008891063851E-007   6.4418383893963398        9.8254658750793053E-007  -9.6021281320352949E-006  -2.5899929007117122E-008   1.0487480387903855E-007 -0.36236543983528013        1.4159107860468605E-007  -5.9997646134843466E-007   6.4175401265042868     
 dijxc
  0.32075155008367379       -2.9668289963732493        24.983602623401936        5.8408790956669820E-006  -3.9641776186436327E-005  -1.1534106825124631E-002  -1.3131360071354824E-007   1.2280711418568225E-006  -2.0316653852726939E-008  -1.0855415442377142E-002  -1.8709189797922839E-007   1.7422243148646668E-006   3.7259681424846054E-009  -1.9495209084791751E-008  -1.1584378404864197E-002  -5.9892410998657845E-005   4.6826497363363327E-004 -0.36266291681604956        1.0892548168772924E-007  -2.5899929007117122E-008   6.4192061404455183        6.8073737752637958E-007  -6.6865443454481682E-006   1.0892548168772924E-007 -0.36670946007622163        1.0487480387903855E-007  -6.2370008891063851E-007   6.4418383893963398        9.8254658750793053E-007  -9.6021281320352949E-006  -2.5899929007117122E-008   1.0487480387903855E-007 -0.36236543983528013        1.4159107860468605E-007  -5.9997646134843466E-007   6.4175401265042868     
 dijxc
  0.32075368019543071       -2.9668495919771622        24.983798130166956        5.8413794915606553E-006  -3.9649130393768143E-005  -1.1534957197372651E-002  -1.3134242501454892E-007   1.2283496288826166E-006  -2.0316262090604248E-008  -1.0856118515986529E-002  -1.8713495557369768E-007   1.7426373919707077E-006   3.7256008807629494E-009  -1.9494815942590560E-008  -1.1585239372435337E-002  -5.9890440711397793E-005   4.6826353204689071E-004 -0.36265750388404883        1.0892384280988194E-007  -2.5897551158169702E-008   6.4191789264308650        6.8089404788634313E-007  -6.6881017557800895E-006   1.0892384280988194E-007 -0.36670489177001259        1.0487307337217986E-007  -6.2369160953065630E-007   6.4418157466090475        9.8278498477648896E-007  -9.6044813420731908E-006  -2.5897551158169702E-008   1.0487307337217986E-007 -0.36235996592061548        1.4157498244240421E-007  -5.9996730561483290E-007   6.4175125816622369     
 dijxc
  0.32074942042909443       -2.9668084052048957        24.983407158480794        5.8403778180101913E-006  -3.9634416606407413E-005  -1.1533256513902294E-002  -1.3128478479420015E-007   1.2277927381890690E-006  -2.0317043847560830E-008  -1.0854712429247168E-002  -1.8704883937391806E-007   1.7418112473173890E-006   3.7263308793268963E-009  -1.9495600755063734E-008  -1.1583517499098604E-002  -5.9894371326077653E-005   4.6826634001735526E-004 -0.36266832940917643        1.0892711045057585E-007  -2.5902280332379010E-008   6.4192333537210189        6.8058075316936980E-007  -6.6849874012061940E-006   1.0892711045057585E-007 -0.36671402803221331        1.0487652600156497E-007  -6.2370851074516052E-007   6.4418610312794744        9.8230816659304999E-007  -9.5997748002119319E-006  -2.5902280332379010E-008   1.0487652600156497E-007 -0.36237091340737454        1.4160702528675998E-007  -5.9998556929646665E-007   6.4175676705938542     
 dijxc
  0.32075154840601361       -2.9668289785003639        24.983602428731338        5.8407704131399859E-006  -3.9640910802939599E-005  -1.1534107519483076E-002  -1.3131357183870795E-007   1.2280708583865548E-006  -2.0316653003898037E-008  -1.0855416038436795E-002  -1.8709182425229291E-007   1.7422236248744736E-006   3.7259581957919681E-009  -1.9495206700078379E-008  -1.1584379090094653E-002  -5.9891547425896903E-005   4.6825768493126955E-004 -0.36266291347153334        1.0892547635865343E-007  -2.5899871444755589E-008   6.4192061237791069        6.8073722649797918E-007  -6.6865428201094207E-006   1.0892547635865343E-007 -0.36670945732570459        1.0487478991879116E-007  -6.2370006067006972E-007   6.4418383761600051        9.8254616609120669E-007  -9.6021240776957248E-006  -2.5899871444755589E-008   1.0487478991879116E-007 -0.36236543654862274        1.4159075230591099E-007  -5.9997638165588064E-007   6.4175401101502727     
 dijxc
  0.32075155002144218       -2.9668289960286076        24.983602626143210        5.8408241986925722E-006  -3.9641240793978109E-005  -1.1534106023897379E-002  -1.3131359496365069E-007   1.2280710849273618E-006  -2.0316658417532119E-008  -1.0855414624030883E-002  -1.8709191394197938E-007   1.7422244387418630E-006   3.7259673820718587E-009  -1.9495198825140941E-008  -1.1584377380232200E-002  -5.9892189935834410E-005   4.6826265035298500E-004 -0.36266292167652503        1.0892550759991153E-007  -2.5899919163200641E-008   6.4192061664538409        6.8073735049049112E-007  -6.6865440562704746E-006   1.0892550759991153E-007 -0.36670946499671164        1.0487474506532344E-007  -6.2370023827416230E-007   6.4418384157580721        9.8254667322396390E-007  -9.6021287924397263E-006  -2.5899919163200641E-008   1.0487474506532344E-007 -0.36236544571402529        1.4159102507780357E-007  -5.9997611723085073E-007   6.4175401576601816     
 dijxc
  0.32075368016328504       -2.9668495919796478        24.983798136528023        5.8413263743346124E-006  -3.9648610713167853E-005  -1.1534956389908035E-002  -1.3134206822714530E-007   1.2283464114386041E-006  -2.0316026553520744E-008  -1.0856117691492820E-002  -4.1443438178300392E-007   3.7368808776452851E-006   3.0970472793726077E-008  -1.9495369058031407E-008  -1.1585238345960473E-002  -5.9890230714156490E-005   4.6826131187586724E-004 -0.36265750880034725        1.0892256666453296E-007  -1.8720365299873162E-007   6.4191789528060728        6.8089197114076979E-007  -6.6880821592134622E-006   1.0892256666453296E-007 -0.36670489674483536        1.0487828191659363E-007  -6.2368434380475151E-007   6.4418157733264767        2.4197855903189805E-006  -2.2634456613433313E-005  -1.8720365299873162E-007   1.0487828191659363E-007 -0.36235997182056151        1.0448463784180104E-006  -6.0000367473619378E-007   6.4175126129659077     
 dijxc
  0.32074942037773230       -2.9668084050035284        24.983407162929851        5.8403256697337301E-006  -3.9633905273818444E-005  -1.1533255721628638E-002  -1.3128442749217793E-007   1.2277895150595954E-006  -2.0316809010948190E-008  -1.0854711620135994E-002  -4.1387097167873604E-007   3.7315267962086776E-006   3.0980279427711665E-008  -1.9496159232455122E-008  -1.1583516499214234E-002  -5.9894167864293476E-005   4.6826417935056242E-004 -0.36266833423307876        1.0892583809611714E-007  -1.8726431252550916E-007   6.4192333796195982        6.8057867529567552E-007  -6.6849677879173787E-006   1.0892583809611714E-007 -0.36671403291398297        1.0488175736804219E-007  -6.2370126638559343E-007   6.4418610575175208        2.4168927529322890E-006  -2.2605792093822578E-005  -1.8726431252550916E-007   1.0488175736804219E-007 -0.36237091916027397        1.0452040210285906E-006  -6.0002205190122127E-007   6.4175677011329935     
 dijxc
  0.32075154837674125       -2.9668289784130426        24.983602433748491        5.8407211218421546E-006  -3.9640423975403193E-005  -1.1534106718545455E-002  -1.3131279812141843E-007   1.2280638200649435E-006  -2.0316242345407541E-008  -1.0855415221796311E-002  -6.2736528773917907E-007   5.5931467225138209E-006   5.8310500563470773E-008  -1.9496849844849595E-008  -1.1584378106536689E-002  -5.9891363222763586E-005   4.6825569843516603E-004 -0.36266291831020703        1.0892325581167816E-007  -3.4899904366975804E-007   6.4192061498209325        6.8073284174370638E-007  -6.6865011610710446E-006   1.0892325581167816E-007 -0.36670946221545070        1.0488791210036486E-007  -6.2368740984071717E-007   6.4418384025010411        3.7895240127772884E-006  -3.4978156394121160E-005  -3.4899904366975804E-007   1.0488791210036486E-007 -0.36236544217482258        1.9510258924689428E-006  -6.0006397972742519E-007   6.4175401400180574     
 dijxc
  0.32075155008444722       -2.9668289963860426        24.983602623484504        5.8408788803568913E-006  -3.9641774302791591E-005  -1.1534106825200251E-002  -1.3131360379060499E-007   1.2280711709870623E-006  -2.0316650773173160E-008  -1.0855415442478589E-002  -1.8709187406183662E-007   1.7422241153478353E-006   3.7259593892044932E-009  -1.9495206621447721E-008  -1.1584378404905657E-002  -5.9892409628083964E-005   4.6826496116581559E-004 -0.36266291681762725        1.0892546405176355E-007  -2.5899877865324085E-008   6.4192061404382326        6.8073739262505601E-007  -6.6865444932512874E-006   1.0892546405176355E-007 -0.36670946007765332        1.0487478984257657E-007  -6.2369998942658116E-007   6.4418383893881277        9.8254641560287680E-007  -9.6021266282711102E-006  -2.5899877865324085E-008   1.0487478984257657E-007 -0.36236543983705943        1.4159079136964216E-007  -5.9997638208503296E-007   6.4175401264981380     
 dijxc
  0.32075368020894962       -2.9668495920954006        24.983798131478828        5.8413796461725886E-006  -3.9649131872959167E-005  -1.1534957194978088E-002  -1.3134243152027949E-007   1.2283496909018711E-006  -2.0316255976459132E-008  -1.0856118513804615E-002  -1.8713490879680715E-007   1.7426370031595553E-006   3.7255833381239431E-009  -1.9494811063096304E-008  -1.1585239369895570E-002  -5.9890441461817539E-005   4.6826353947011009E-004 -0.36265750387860440        1.0892380776659239E-007  -2.5897448674014848E-008   6.4191789263858325        6.8089407918286460E-007  -6.6881020651548983E-006   1.0892380776659239E-007 -0.36670489176299415        1.0487304555521365E-007  -6.2369141184385491E-007   6.4418157465545747        9.8278464610538311E-007  -9.6044783866062412E-006  -2.5897448674014848E-008   1.0487304555521365E-007 -0.36235996591598296        1.4157440686993705E-007  -5.9996714853281043E-007   6.4175125816218745     
 dijxc
  0.32074942044962396       -2.9668084053441337        24.983407159857581        5.8403779757351258E-006  -3.9634418112231131E-005  -1.1533256506671655E-002  -1.3128479137451981E-007   1.2277928009707040E-006  -2.0317037798773216E-008  -1.0854712422213419E-002  -1.8704879327881597E-007   1.7418108648803650E-006   3.7263133693203132E-009  -1.9495595950030239E-008  -1.1583517491723899E-002  -5.9894372091576673E-005   4.6826634758411650E-004 -0.36266832940603616        1.0892707573342205E-007  -2.5902177984670239E-008   6.4192333536639525        6.8058078480739536E-007  -6.6849877145098220E-006   1.0892707573342205E-007 -0.36671402802753100        1.0487649860231420E-007  -6.2370831495963829E-007   6.4418610312130919        9.8230783158373512E-007  -9.5997718806089604E-006  -2.5902177984670239E-008   1.0487649860231420E-007 -0.36237091340504374        1.4160645053359115E-007  -5.9998541458340485E-007   6.4175676705414482     
 dijxc
  0.32075154842759551       -2.9668289787468538        24.983602431367313        5.8407709028618973E-006  -3.9640915361566743E-005  -1.1534107517245915E-002  -1.3131358199559220E-007   1.2280709553896027E-006  -2.0316644108242090E-008  -1.0855416036619513E-002  -1.8709175694703885E-007   1.7422230682307742E-006   3.7259319650934964E-009  -1.9495199695975829E-008  -1.1584379087616142E-002  -5.9891550024407489E-005   4.6825770998282560E-004 -0.36266291347849355        1.0892542516123620E-007  -2.5899718061397603E-008   6.4192061237423887        6.8073727522068068E-007  -6.6865433042594934E-006   1.0892542516123620E-007 -0.36670945732959515        1.0487474995083200E-007  -6.2369977209721638E-007   6.4418383761048474        9.8254567350331279E-007  -9.6021197948252917E-006  -2.5899718061397603E-008   1.0487474995083200E-007 -0.36236543655694931        1.4158989104940980E-007  -5.9997615599986552E-007   6.4175401101214113     
 dijxc
  0.32075155005467232       -2.9668289963552255        24.983602629106940        5.8408294999673603E-006  -3.9641286654257869E-005  -1.1534106026845688E-002  -1.3131285209915537E-007   1.2280643524192282E-006  -2.0316219292259691E-008  -1.0855414628456420E-002  -6.3152718171512962E-007   5.6332484405184224E-006   5.8285507766121298E-008  -1.9496679756946625E-008  -1.1584377423571726E-002  -5.9892224935919556E-005   4.6826297005473001E-004 -0.36266292166961556        1.0892312884115440E-007  -3.4887707807656058E-007   6.4192061665332041        6.8073309592931160E-007  -6.6865037655572073E-006   1.0892312884115440E-007 -0.36670946498041973        1.0488705182725952E-007  -6.2368668771634788E-007   6.4418384157804809        3.8087064031958036E-006  -3.5175164830904854E-005  -3.4887707807656058E-007   1.0488705182725952E-007 -0.36236544547711058        1.9502920089963678E-006  -6.0005924455151750E-007   6.4175401564205803     
 dijxc
  0.32075368017167571       -2.9668495919837383        24.983798135381548        5.8413340242311003E-006  -3.9648675925490408E-005  -1.1534956406980691E-002  -1.3134126961577718E-007   1.2283391142249300E-006  -2.0315648745726571E-008  -1.0856117712349192E-002  -8.4305543221592895E-007   7.4767128892218087E-006   8.5610761182172770E-008  -1.9497362248797157E-008  -1.1585238443409598E-002  -5.9890283218687974E-005   4.6826178441956661E-004 -0.36265750870518082        1.0892052453330994E-007  -5.1059170698298281E-007   6.4191789523978917        6.8088750873222686E-007  -6.6880396070510282E-006   1.0892052453330994E-007 -0.36670489662779171        1.0489313699013554E-007  -6.2367270488563927E-007   6.4418157727914158        5.1707965059117709E-006  -4.7446158644911775E-005  -5.1059170698298281E-007   1.0489313699013554E-007 -0.36235997128450576        2.8559784097475593E-006  -6.0010070733673943E-007   6.4175126100609843     
 dijxc
  0.32074942037860349       -2.9668084049472707        24.983407161231398        5.8403329650993212E-006  -3.9633967096471249E-005  -1.1533255739312721E-002  -1.3128357520198553E-007   1.2277816793915324E-006  -2.0316487829490731E-008  -1.0854711641726696E-002  -8.3003021317007819E-007   7.3517458696341927E-006   8.5691759234264746E-008  -1.9498609138133014E-008  -1.1583516595504079E-002  -5.9894218662094161E-005   4.6826463395909624E-004 -0.36266833414586902        1.0892410765846559E-007  -5.1101990405815818E-007   6.4192333792799552        6.8057400384369746E-007  -6.6849230056164965E-006   1.0892410765846559E-007 -0.36671403280440673        1.0489890828480991E-007  -6.2369139756627528E-007   6.4418610570484454        5.1094080186497283E-006  -4.6821233796006261E-005  -5.1101990405815818E-007   1.0489890828480991E-007 -0.36237091864299437        2.8585428384551637E-006  -6.0013167719064923E-007   6.4175676983566365     
 dijxc
  0.32075154835232728       -2.9668289780292785        24.983602428207490        5.8407297809861029E-006  -3.9640495897626917E-005  -1.1534106744188526E-002  -1.3131187057077869E-007   1.2280552140174299E-006  -2.0316021960620189E-008  -1.0855415253897403E-002  -1.0159703625660962E-006   8.9507321310953025E-006   1.1308946442111925E-007  -1.9500114954259052E-008  -1.1584378244903694E-002  -5.9891426477007409E-005   4.6825625515266826E-004 -0.36266291817027418        1.0892207884394969E-007  -6.7308472411018800E-007   6.4192061492693213        6.8072790416126936E-007  -6.6864534302421939E-006   1.0892207884394969E-007 -0.36670946203942301        1.0490909100337608E-007  -6.2368068618421419E-007   6.4418384017430927        6.3494595474491204E-006  -5.7857395114991417E-005  -6.7308472411018800E-007   1.0490909100337608E-007 -0.36236544142472649        3.7663932436422291E-006  -6.0019549174062162E-007   6.4175401360239004     
 dijxc
  0.32075155010693318       -2.9668289966456545        24.983602626260705        5.8408793829220329E-006  -3.9641778966596923E-005  -1.1534106822661719E-002  -1.3131361389865654E-007   1.2280712675633673E-006  -2.0316641835287063E-008  -1.0855415440348792E-002  -1.8709180645015754E-007   1.7422235559139803E-006   3.7259331456541353E-009  -1.9495199563153687E-008  -1.1584378402121155E-002  -5.9892412323142482E-005   4.6826498702770585E-004 -0.36266291682749446        1.0892541264904526E-007  -2.5899724424811254E-008   6.4192061404149978        6.8073744104630409E-007  -6.6865449743852333E-006   1.0892541264904526E-007 -0.36670946008447647        1.0487474957130390E-007  -6.2369969964972957E-007   6.4418383893466409        9.8254592130772426E-007  -9.6021223289633573E-006  -2.5899724424811254E-008   1.0487474957130390E-007 -0.36236543984831121        1.4158992977142863E-007  -5.9997615470913861E-007   6.4175401264828729     
 dijxc
  0.32075368024704248       -2.9668495924859628        24.983798135565216        5.8413804792063301E-006  -3.9649139573405147E-005  -1.1534957186508189E-002  -1.3134244518856609E-007   1.2283498216091926E-006  -2.0316244252249568E-008  -1.0856118505946775E-002  -1.8713482081053411E-007   1.7426362772069406E-006   3.7255484182265697E-009  -1.9494801863810324E-008  -1.1585239361082869E-002  -5.9890445981636723E-005   4.6826358273056266E-004 -0.36265750389967449        1.0892374019038613E-007  -2.5897244404450651E-008   6.4191789263818517        6.8089414454018261E-007  -6.6881027162526340E-006   1.0892374019038613E-007 -0.36670489177956145        1.0487299303738133E-007  -6.2369103106320467E-007   6.4418157465235781        9.8278399887288515E-007  -9.6044727687225585E-006  -2.5897244404450651E-008   1.0487299303738133E-007 -0.36235996593899394        1.4157325999172675E-007  -5.9996685204618755E-007   6.4175125816290608     
 dijxc
  0.32074942046627047       -2.9668084056383366        24.983407163405182        5.8403787694240708E-006  -3.9634425487098585E-005  -1.1533256513097195E-002  -1.3128480510338049E-007   1.2277929321199586E-006  -2.0317026237598635E-008  -1.0854712429312602E-002  -1.8704870672899323E-007   1.7418101519469505E-006   3.7262785149084739E-009  -1.9495586919339132E-008  -1.1583517497815825E-002  -5.9894376331811857E-005   4.6826638846553346E-004 -0.36266832940488197        1.0892700896450015E-007  -2.5901974018565540E-008   6.4192333536239676        6.8058085058327026E-007  -6.6849883700012319E-006   1.0892700896450015E-007 -0.36671402802173497        1.0487644701542304E-007  -6.2370793887981604E-007   6.4418610311453737        9.8230719240562813E-007  -9.5997663398922102E-006  -2.5901974018565540E-008   1.0487644701542304E-007 -0.36237091340579203        1.4160530544342865E-007  -5.9998512338147823E-007   6.4175676705123781     
 dijxc
  0.32075154846918652       -2.9668289791615479        24.983602435930422        5.8407719433934871E-006  -3.9640925059437783E-005  -1.1534107509083055E-002  -1.3131359916018646E-007   1.2280711193390708E-006  -2.0316629994152062E-008  -1.0855416029390622E-002  -1.8709165235261778E-007   1.7422222098926406E-006   3.7258886047658439E-009  -1.9495188730271600E-008  -1.1584379079040329E-002  -5.9891555516280023E-005   4.6825776328516622E-004 -0.36266291348849067        1.0892534339363548E-007  -2.5899464099321278E-008   6.4192061237226063        6.8073735764715201E-007  -6.6865441267400794E-006   1.0892534339363548E-007 -0.36670945733333854        1.0487468725278120E-007  -6.2369931184847311E-007   6.4418383760477367        9.8254489477862458E-007  -9.6021130629752306E-006  -2.5899464099321278E-008   1.0487468725278120E-007 -0.36236543656933995        1.4158846554677729E-007  -5.9997580214811427E-007   6.4175401101153131     
 dijxc
  0.32075155001906708       -2.9668289959112135        24.983602623009084        5.8408383932844590E-006  -3.9641360765706983E-005  -1.1534106061919853E-002  -1.3131192262267852E-007   1.2280557275569264E-006  -2.0315999716116337E-008  -1.0855414669904126E-002  -1.0199763129516506E-006   8.9893039683014604E-006   1.1306657520906031E-007  -1.9499951849244392E-008  -1.1584377572467650E-002  -5.9892289415879908E-005   4.6826353890594777E-004 -0.36266292150337143        1.0892195634493680E-007  -6.7297378655128604E-007   6.4192061658352078        6.8072814986700169E-007  -6.6864559470189446E-006   1.0892195634493680E-007 -0.36670946477856425        1.0490826588416585E-007  -6.2367998931717445E-007   6.4418384148789389        6.3679783221641217E-006  -5.8047352133902571E-005  -6.7297378655128604E-007   1.0490826588416585E-007 -0.36236544469542553        3.7657234714154984E-006  -6.0019095059205695E-007   6.4175401522512896     
 dijxc
  0.32075368010488681       -2.9668495911491162        24.983798124988862        5.8413440054826205E-006  -3.9648757466666102E-005  -1.1534956450895244E-002  -1.3134023150558513E-007   1.2283293770385778E-006  -2.0315577540754941E-008  -1.0856117765154383E-002  -1.1912949735610361E-006   1.0449556903322988E-005   1.4048228685869631E-007  -1.9501822345161543E-008  -1.1585238632406382E-002  -5.9890358903855533E-005   4.6826244180876931E-004 -0.36265750848018957        1.0892016713832405E-007  -8.3512965781530570E-007   6.4191789514992355        6.8088217953699428E-007  -6.6879875423508208E-006   1.0892016713832405E-007 -0.36670489635377829        1.0492022130089829E-007  -6.2367063850316167E-007   6.4418157716144488        7.5364532081771386E-006  -6.8367506692473479E-005  -8.3512965781530570E-007   1.0492022130089829E-007 -0.36235997028089456        4.6741422167440004E-006  -6.0026430915953084E-007   6.4175126047823738     
 dijxc
  0.32074942031085057       -2.9668084041214766        24.983407150897342        5.8403421301884885E-006  -3.9634040996007269E-005  -1.1533255780212671E-002  -1.3128253657139427E-007   1.2277719273207445E-006  -2.0316439373433568E-008  -1.0854711691687176E-002  -1.1702213527085968E-006   1.0248582498669756E-005   1.4049408185694815E-007  -1.9503233158392909E-008  -1.1583516776509928E-002  -5.9894290114623452E-005   4.6826524910203933E-004 -0.36266833394738041        1.0892387489302122E-007  -8.3518956972923727E-007   6.4192333785055533        6.8056868952060892E-007  -6.6848710410701187E-006   1.0892387489302122E-007 -0.36671403255608204        1.0492677347130231E-007  -6.2369004207318358E-007   6.4418610559910716        7.4347949954938059E-006  -6.7343032103233140E-005  -8.3518956972923727E-007   1.0492677347130231E-007 -0.36237091769127683        4.6746569477226607E-006  -6.0029942540295679E-007   6.4175676933436199     
 dijxc
  0.32075154824777924       -2.9668289768933453        24.983602414480558        5.8407389644890287E-006  -3.9640567273376181E-005  -1.1534106798481811E-002  -1.3131079607340653E-007   1.2280450531743234E-006  -2.0316101122473295E-008  -1.0855415319768226E-002  -1.3125246248706441E-006   1.1434765430160246E-005   1.6773058228424583E-007  -1.9505707908584666E-008  -1.1584378461967595E-002  -5.9891503485903034E-005   4.6825690317144530E-004 -0.36266291794787214        1.0892254564583617E-007  -9.9637238347214187E-007   6.4192061484131315        6.8072253707355720E-007  -6.6864005770120108E-006   1.0892254564583617E-007 -0.36670946175375702        1.0494160950641442E-007  -6.2368331366175114E-007   6.4418384005289422        8.4586316021249347E-006  -7.6226847415780463E-005  -9.9637238347214187E-007   1.0494160950641442E-007 -0.36236544032846701        5.5776354470800718E-006  -6.0038810280567533E-007   6.4175401302600648     
 dijxc
  0.32075155014243745       -2.9668289970460844        24.983602630742947        5.8408804364772252E-006  -3.9641788772726370E-005  -1.1534106819494475E-002  -1.3131363106490019E-007   1.2280714315654861E-006  -2.0316627689216038E-008  -1.0855415438101930E-002  -1.8709170159620446E-007   1.7422226952033568E-006   3.7258897567446307E-009  -1.9495188568035254E-008  -1.1584378398537001E-002  -5.9892417910265213E-005   4.6826504113505217E-004 -0.36266291683232915        1.0892533072180353E-007  -2.5899470326320260E-008   6.4192061403651905        6.8073752339132727E-007  -6.6865457962285210E-006   1.0892533072180353E-007 -0.36670946008310357        1.0487468671045547E-007  -6.2369923847058466E-007   6.4418383892597486        9.8254514111559424E-007  -9.6021155830056406E-006  -2.5899470326320260E-008   1.0487468671045547E-007 -0.36236543985555453        1.4158850346648260E-007  -5.9997579993191471E-007   6.4175401264468483     
 dijxc
  0.32075368028336104       -2.9668495929523062        24.983798140774702        5.8413817324082350E-006  -3.9649151294588002E-005  -1.1534957186243880E-002  -1.3134246569913978E-007   1.2283500174689901E-006  -2.0316227702525213E-008  -1.0856118506895968E-002  -1.8713469953605939E-007   1.7426352856955547E-006   3.7254965954326153E-009  -1.9494789072474004E-008  -1.1585239360328313E-002  -5.9890452514193547E-005   4.6826364654389369E-004 -0.36265750391089896        1.0892364401479111E-007  -2.5896940667160483E-008   6.4191789263351051        6.8089424313471095E-007  -6.6881037015257154E-006   1.0892364401479111E-007 -0.36670489178292759        1.0487291982958538E-007  -6.2369049007927167E-007   6.4418157464299508        9.8278308851098046E-007  -9.6044649204115377E-006  -2.5896940667160483E-008   1.0487291982958538E-007 -0.36235996595309400        1.4157155536032654E-007  -5.9996643896639195E-007   6.4175125815987064     
 dijxc
  0.32074942051613597       -2.9668084061162352        24.983407168427082        5.8403799468582383E-006  -3.9634436546232140E-005  -1.1533256500718278E-002  -1.3128482539978311E-007   1.2277931258422030E-006  -2.0317009872554767E-008  -1.0854712418179389E-002  -1.8704858733303928E-007   1.7418091773903087E-006   3.7262268352835504E-009  -1.9495574258400127E-008  -1.1583517484956993E-002  -5.9894382373638902E-005   4.6826644791363587E-004 -0.36266832942519811        1.0892691373017348E-007  -2.5901670996792300E-008   6.4192333536031274        6.8058094838690688E-007  -6.6849893472300651E-006   1.0892691373017348E-007 -0.36671402803410968        1.0487637452022167E-007  -6.2370740335476336E-007   6.4418610310772095        9.8230629307831430E-007  -9.5997585958846486E-006  -2.5901670996792300E-008   1.0487637452022167E-007 -0.36237091342894889        1.4160360494762247E-007  -5.9998471436420172E-007   6.4175676705076929     
 dijxc
  0.32075154851368309       -2.9668289796000513        24.983602440838638        5.8407732027965142E-006  -3.9640936973758950E-005  -1.1534107501986184E-002  -1.3131362215171740E-007   1.2280713386604116E-006  -2.0316611406752495E-008  -1.0855416023861073E-002  -1.8709151886050314E-007   1.7422211250750271E-006   3.7258286707086583E-009  -1.9495174328452966E-008  -1.1584379071391808E-002  -5.9891561808965797E-005   4.6825782601392666E-004 -0.36266291348568930        1.0892523486766959E-007  -2.5899112405882057E-008   6.4192061236394098        6.8073746872966496E-007  -6.6865452375478092E-006   1.0892523486766959E-007 -0.36670945732089583        1.0487460469422967E-007  -6.2369870203562992E-007   6.4418383759072793        9.8254387969321319E-007  -9.6021043498846619E-006  -2.5899112405882057E-008   1.0487460469422967E-007 -0.36236543656985060        1.4158649225225702E-007  -5.9997533647511505E-007   6.4175401100508731     
 dijxc
  0.32075154992347643       -2.9668289947921842        24.983602609327612        5.8408477436415497E-006  -3.9641433652641176E-005  -1.1534106108445026E-002  -1.3131082811405205E-007   1.2280453695991882E-006  -2.0316091573018914E-008  -1.0855414727973842E-002  -1.3149447877001890E-006   1.1457632530195394E-005   1.6776155647747411E-007  -1.9505654338607706E-008  -1.1584377782738547E-002  -5.9892367389814760E-005   4.6826419600272363E-004 -0.36266292128893135        1.0892249327109349E-007  -9.9654467656249507E-007   6.4192061650170995        6.8072269861233099E-007  -6.6864022177107123E-006   1.0892249327109349E-007 -0.36670946450106834        1.0494135177340605E-007  -6.2368301382820103E-007   6.4418384137041143        8.4706844502954859E-006  -7.6346639844518166E-005  -9.9654467656249507E-007   1.0494135177340605E-007 -0.36236544360295148        5.5786021289294462E-006  -6.0038672765579327E-007   6.4175401465026063     
 dijxc
  0.32075367998044008       -2.9668495897240672        24.983798107919093        5.8413527351629504E-006  -3.9648821753240877E-005  -1.1534956502223054E-002  -1.3133911015862014E-007   1.2283186857406582E-006  -2.0315817371737875E-008  -1.0856117830492854E-002  -1.4343310365400334E-006   1.2427164579695902E-005   1.9494649552804076E-007  -1.9508630664421065E-008  -1.1585238864104945E-002  -5.9890439321407490E-005   4.6826309977400624E-004 -0.36265750825070014        1.0892151519574017E-007  -1.1574532665535136E-006   6.4191789506378125        6.8087673832815911E-007  -6.6879334963743398E-006   1.0892151519574017E-007 -0.36670489604822054        1.0495859216774813E-007  -6.2367828266559113E-007   6.4418157703238297        9.3806999701306908E-006  -8.4098661296057742E-005  -1.1574532665535136E-006   1.0495859216774813E-007 -0.36235996908487816        6.4800771917259631E-006  -6.0048824245699050E-007   6.4175125985040946     
 dijxc
  0.32074942020349217       -2.9668084028072776        24.983407134927120        5.8403500882962898E-006  -3.9634098067157273E-005  -1.1533255818731200E-002  -1.3128147929978602E-007   1.2277618583211833E-006  -2.0316657278147679E-008  -1.0854711744132710E-002  -1.4116805901059880E-006   1.2213667266763829E-005   1.9472067021070700E-007  -1.9509814978401654E-008  -1.1583516989254854E-002  -5.9894366511220576E-005   4.6826586722049609E-004 -0.36266833375557694        1.0892510126094803E-007  -1.1562770963384995E-006   6.4192333778414277        6.8056353488675155E-007  -6.6848199232788232E-006   1.0892510126094803E-007 -0.36671403228858962        1.0496390851052931E-007  -6.2369700158015730E-007   6.4418610548997162        9.2663972205065575E-006  -8.2968486989834183E-005  -1.1562770963384995E-006   1.0496390851052931E-007 -0.36237091656240017        6.4734927332872040E-006  -6.0051628823429081E-007   6.4175676874267040     
 dijxc
  0.32075154811456791       -2.9668289753555208        24.983602396463333        5.8407458541145802E-006  -3.9640611449278064E-005  -1.1534106844258582E-002  -1.3130983880823251E-007   1.2280358890150886E-006  -2.0316403727364960E-008  -1.0855415381387810E-002  -1.5063494680645729E-006   1.2954459050919359E-005   2.2136113121267239E-007  -1.9512801647668619E-008  -1.1584378691004871E-002  -5.9891580217820810E-005   4.6825750046377288E-004 -0.36266291774427184        1.0892423381268566E-007  -1.3143352442857527E-006   6.4192061477893150        6.8071795051369520E-007  -6.6863548702194671E-006   1.0892423381268566E-007 -0.36670946146428907        1.0498089118384499E-007  -6.2369291772206201E-007   6.4418383994212052        1.0043812195135432E-005  -8.9443200573597448E-005  -1.3143352442857527E-006   1.0498089118384499E-007 -0.36236543913567743        7.3586321853155963E-006  -6.0061546743573218E-007   6.4175401241025591     
 dijxc
  0.32075155018513490       -2.9668289975024136        24.983602635853128        5.8408817080974990E-006  -3.9641800798960741E-005  -1.1534106814231483E-002  -1.3131365414881559E-007   1.2280716517815676E-006  -2.0316609095083697E-008  -1.0855415434399961E-002  -1.8709156803090602E-007   1.7422216098339933E-006   3.7258298189823087E-009  -1.9495174180870465E-008  -1.1584378392723069E-002  -5.9892424271810869E-005   4.6826510451378130E-004 -0.36266291683567375        1.0892522215463525E-007  -2.5899118593689254E-008   6.4192061403035359        6.8073763488220158E-007  -6.6865469112952781E-006   1.0892522215463525E-007 -0.36670946007683680        1.0487460423833864E-007  -6.2369862842575333E-007   6.4418383891409725        9.8254412537440486E-007  -9.6021068645230584E-006  -2.5899118593689254E-008   1.0487460423833864E-007 -0.36236543986220648        1.4158652997135041E-007  -5.9997533474233731E-007   6.4175401264039253     
 dijxc
  0.32075368032885881       -2.9668495934105117        24.983798145876371        5.8413830028885414E-006  -3.9649163437172622E-005  -1.1534957177955316E-002  -1.3134249111727319E-007   1.2283502598046877E-006  -2.0316207055581612E-008  -1.0856118500507453E-002  -1.8713455403724077E-007   1.7426341094651090E-006   3.7254285710443586E-009  -1.9494773062336669E-008  -1.1585239351422888E-002  -5.9890458617387418E-005   4.6826370856736566E-004 -0.36265750391873325        1.0892352302592672E-007  -2.5896541108689150E-008   6.4191789263023615        6.8089436624121234E-007  -6.6881049339062104E-006   1.0892352302592672E-007 -0.36670489177945664        1.0487282794188065E-007  -6.2368981079175446E-007   6.4418157463302226        9.8278196980250724E-007  -9.6044553531865550E-006  -2.5896541108689150E-008   1.0487282794188065E-007 -0.36235996596468906        1.4156931397540790E-007  -5.9996592081295894E-007   6.4175125815871645     
 dijxc
  0.32074942054626260       -2.9668084065143301        24.983407173128487        5.8403811182829729E-006  -3.9634447785303337E-005  -1.1533256503069730E-002  -1.3128485022251350E-007   1.2277933624328971E-006  -2.0316989365571561E-008  -1.0854712422451902E-002  -1.8704844371820372E-007   1.7418080177585101E-006   3.7261589883459144E-009  -1.9495558253575015E-008  -1.1583517486686255E-002  -5.9894387920008730E-005   4.6826650467673091E-004 -0.36266832942174476        1.0892679349033916E-007  -2.5901272378879487E-008   6.4192333535400534        6.8058106867779876E-007  -6.6849905514237025E-006   1.0892679349033916E-007 -0.36671402801935066        1.0487628264233911E-007  -6.2370672836195180E-007   6.4418610309472513        9.8230518608372695E-007  -9.5997491369366534E-006  -2.5901272378879487E-008   1.0487628264233911E-007 -0.36237091342928718        1.4160136892650717E-007  -5.9998419628870602E-007   6.4175676704659743     
 dijxc
  0.32075154855216792       -2.9668289800577576        24.983602445860878        5.8407742523283017E-006  -3.9640947185714071E-005  -1.1534107495992867E-002  -1.3131364823284224E-007   1.2280715871823218E-006  -2.0316588916562332E-008  -1.0855416020086474E-002  -1.8709136547222374E-007   1.7422198933271791E-006   3.7257529987764679E-009  -1.9495156582346937E-008  -1.1584379064686727E-002  -5.9891566502665375E-005   4.6825787543801285E-004 -0.36266291351695568        1.0892510263693310E-007  -2.5898667357304460E-008   6.4192061237038391        6.8073759519537556E-007  -6.6865465052489090E-006   1.0892510263693310E-007 -0.36670945733942911        1.0487450273435312E-007  -6.2369796021405970E-007   6.4418383758965456        9.8254268364233711E-007  -9.6020941691236883E-006  -2.5898667357304460E-008   1.0487450273435312E-007 -0.36236543660547094        1.4158399632310111E-007  -5.9997476167007951E-007   6.4175401101397593     
 dijxc
  0.32075154979673165       -2.9668289932945640        24.983602591423722        5.8408546123020896E-006  -3.9641477615053710E-005  -1.1534106147718604E-002  -1.3130984779869776E-007   1.2280359780084324E-006  -2.0316410227714246E-008  -1.0855414783171764E-002  -1.5065676602654971E-006   1.2955673415003631E-005   2.2145672227945271E-007  -1.9512888974673313E-008  -1.1584378005550934E-002  -5.9892444048900780E-005   4.6826479235110630E-004 -0.36266292110969428        1.0892426996645549E-007  -1.3148421849363638E-006   6.4192061644604710        6.8071801532536571E-007  -6.6863555038642829E-006   1.0892426996645549E-007 -0.36670946423558476        1.0498136305793700E-007  -6.2369311936960969E-007   6.4418384126615553        1.0046580102033995E-005  -8.9463704584762070E-005  -1.3148421849363638E-006   1.0498136305793700E-007 -0.36236544243391805        7.3615422374218075E-006  -6.0061815559249798E-007   6.4175401404092227     
 dijxc
  0.32075367983376962       -2.9668495880804793        24.983798088653650        5.8413579225843114E-006  -3.9648846976002101E-005  -1.1534956545518574E-002  -1.3133829064659229E-007   1.2283107855173402E-006  -2.0316204005646838E-008  -1.0856117891352948E-002  -1.5763336273388820E-006   1.3463327430864223E-005   2.4787232094661369E-007  -1.9516194214754695E-008  -1.1585239092859342E-002  -5.9890513359912981E-005   4.6826364498631415E-004 -0.36265750808017300        1.0892366106820126E-007  -1.4717404333075893E-006   6.4191789501556098        6.8087290376021533E-007  -6.6878950346515305E-006   1.0892366106820126E-007 -0.36670489578274129        1.0499974279104425E-007  -6.2369051187849667E-007   6.4418157693073894        1.0695744061888100E-005  -9.4682369659670860E-005  -1.4717404333075893E-006   1.0499974279104425E-007 -0.36235996790869723        8.2400448887877102E-006  -6.0072439023100895E-007   6.4175125924097394     
 dijxc
  0.32074942006281293       -2.9668084012598404        24.983407116767918        5.8403550745113592E-006  -3.9634121218336150E-005  -1.1533255861002373E-002  -1.3128075300350155E-007   1.2277548696700937E-006  -2.0316994697752589E-008  -1.0854711803491873E-002  -1.5576670364799276E-006   1.3290869620032180E-005   2.4737046393368279E-007  -1.9516914050359352E-008  -1.1583517212432323E-002  -5.9894439873148105E-005   4.6826640425853860E-004 -0.36266833360430334        1.0892697577778564E-007  -1.4691721055348149E-006   6.4192333774698147        6.8056010885838469E-007  -6.6847856613052075E-006   1.0892697577778564E-007 -0.36671403204482761        1.0500260913119237E-007  -6.2370769624971381E-007   6.4418610540076422        1.0594491007493199E-005  -9.3710680163089244E-005  -1.4691721055348149E-006   1.0500260913119237E-007 -0.36237091542605143        8.2253655988376622E-006  -6.0073868128590978E-007   6.4175676815563776     
 dijxc
  0.32075154797700900       -2.9668289738135418        24.983602378252677        5.8407496998452726E-006  -3.9640620413460664E-005  -1.1534106880799748E-002  -1.3130937844541706E-007   1.2280314201577188E-006  -2.0316745426269417E-008  -1.0855415435658593E-002  -1.6110727048633786E-006   1.3652547114887155E-005   2.7304957633448582E-007  -1.9519643147937809E-008  -1.1584378906949654E-002  -5.9891654778552050E-005   4.6825802019589280E-004 -0.36266291761052810        1.0892612756436669E-007  -1.6223323192150224E-006   6.4192061474856228        6.8071583781851288E-007  -6.6863336248156587E-006   1.0892612756436669E-007 -0.36670946123472414        1.0501767589963518E-007  -6.2370375284937119E-007   6.4418383985791552        1.1145116694419624E-005  -9.8023203760915997E-005  -1.6223323192150224E-006   1.0501767589963518E-007 -0.36236543801704429        9.0821876149180306E-006  -6.0082556188094974E-007   6.4175401183141023     
 dijxc
  0.32075155022623125       -2.9668289979636375        24.983602640832586        5.8408827652191032E-006  -3.9641811090820662E-005  -1.1534106806292542E-002  -1.3131368036392695E-007   1.2280719015788388E-006  -2.0316586623374026E-008  -1.0855415428688786E-002  -1.8709141458207136E-007   1.7422203776158276E-006   3.7257541001624748E-009  -1.9495156483187606E-008  -1.1584378384077866E-002  -5.9892428984067773E-005   4.6826515421646039E-004 -0.36266291686683638        1.0892509000643132E-007  -2.5898673300804102E-008   6.4192061403552039        6.8073776206770374E-007  -6.6865481861320985E-006   1.0892509000643132E-007 -0.36670946009520999        1.0487450255220578E-007  -6.2369788709620274E-007   6.4418383891172031        9.8254292891160311E-007  -9.6020966800664613E-006  -2.5898673300804102E-008   1.0487450255220578E-007 -0.36236543989770054        1.4158403263869809E-007  -5.9997476148530234E-007   6.4175401264799117     
 dijxc
  0.32075368036034391       -2.9668495937749744        24.983798149999895        5.8413838375344823E-006  -3.9649171778734228E-005  -1.1534957174493342E-002  -1.3134251790341883E-007   1.2283505149932306E-006  -2.0316182732931948E-008  -1.0856118499569974E-002  -1.8713439285273523E-007   1.7426328229407079E-006   3.7253451558316931E-009  -1.9494753659307743E-008  -1.1585239347159063E-002  -5.9890461919728830E-005   4.6826374562686679E-004 -0.36265750392962048        1.0892337959750723E-007  -2.5896050085011196E-008   6.4191789262978745        6.8089449624436515E-007  -6.6881062391229323E-006   1.0892337959750723E-007 -0.36670489177620674        1.0487271637234755E-007  -6.2368900671844719E-007   6.4418157462425878        9.8278069725972900E-007  -9.6044445656992643E-006  -2.5896050085011196E-008   1.0487271637234755E-007 -0.36235996598050446        1.4156656072970200E-007  -5.9996529196161624E-007   6.4175125816102758     
 dijxc
  0.32074942059048561       -2.9668084069269836        24.983407177454140        5.8403818607915259E-006  -3.9634455244340618E-005  -1.1533256488491503E-002  -1.3128487614378035E-007   1.2277936095101941E-006  -2.0316965092075322E-008  -1.0854712410351165E-002  -1.8704828406528942E-007   1.7418067444078945E-006   3.7260757333263102E-009  -1.9495538749437377E-008  -1.1583517471283014E-002  -5.9894390782725142E-005   4.6826653723130139E-004 -0.36266832945622951        1.0892665038026722E-007  -2.5900782217527542E-008   6.4192333536220545        6.8058119424093816E-007  -6.6849918130491095E-006   1.0892665038026722E-007 -0.36671402803991821        1.0487617052253245E-007  -6.2370592605015881E-007   6.4418610309474520        9.8230392383463984E-007  -9.5997384422605686E-006  -2.5900782217527542E-008   1.0487617052253245E-007 -0.36237091346881023        1.4159862056320909E-007  -5.9998356430197017E-007   6.4175676705762186     
 dijxc
  0.32075154858358629       -2.9668289803793382        24.983602449501760        5.8407746935570729E-006  -3.9640951898960060E-005  -1.1534107487566385E-002  -1.3131367360818476E-007   1.2280718293376525E-006  -2.0316562754796309E-008  -1.0855416014344504E-002  -1.8709119932138235E-007   1.7422185756824860E-006   3.7256620989916159E-009  -1.9495135223796213E-008  -1.1584379055298660E-002  -5.9891567664239616E-005   4.6825789193472782E-004 -0.36266291354002494        1.0892494814720993E-007  -2.5898131793237213E-008   6.4192061237934439        6.8073771751824379E-007  -6.6865477385682088E-006   1.0892494814720993E-007 -0.36670945734763938        1.0487437996378147E-007  -6.2369709447027460E-007   6.4418383758993087        9.8254135485109150E-007  -9.6020829533530241E-006  -2.5898131793237213E-008   1.0487437996378147E-007 -0.36236543663435988        1.4158099385801952E-007  -5.9997406965787062E-007   6.4175401102619647     
 dijxc
  0.32075154965458247       -2.9668289916936694        24.983602572766120        5.8408582459367925E-006  -3.9641484667318630E-005  -1.1534106186582738E-002  -1.3130937807886829E-007   1.2280314161836259E-006  -2.0316761122656097E-008  -1.0855414839897187E-002  -1.6095043388666395E-006   1.3636537840429443E-005   2.7316323076372330E-007  -1.9519812294163894E-008  -1.1584378223173340E-002  -5.9892517360331457E-005   4.6826530028334739E-004 -0.36266292095800606        1.0892621416104154E-007  -1.6229189041237080E-006   6.4192061641030094        6.8071586356586941E-007  -6.6863338513249565E-006   1.0892621416104154E-007 -0.36670946398733195        1.0501856739677002E-007  -6.2370424087144855E-007   6.4418384117615455        1.1139668980053851E-005  -9.7959058838767925E-005  -1.6229189041237080E-006   1.0501856739677002E-007 -0.36236544130098142        9.0855885765276176E-006  -6.0083056471771256E-007   6.4175401345879486     
 dijxc
  0.32075367969990759       -2.9668495865734430        24.983798071082393        5.8413602512461389E-006  -3.9648838075016534E-005  -1.1534956577505945E-002  -1.3133817090125702E-007   1.2283095622152867E-006  -2.0316518172582901E-008  -1.0856117941269325E-002  -1.6416083165555839E-006   1.3802148377234488E-005   2.9845557446881799E-007  -1.9522476118619930E-008  -1.1585239296538714E-002  -5.9890587470006592E-005   4.6826412991029197E-004 -0.36265750796445906        1.0892539871822062E-007  -1.7741398181228095E-006   6.4191789499870193        6.8087244089190123E-007  -6.6878902380506122E-006   1.0892539871822062E-007 -0.36670489557020874        1.0503301303738944E-007  -6.2370049608338293E-007   6.4418157685956885        1.1573910089394406E-005  -1.0115932736874962E-004  -1.7741398181228095E-006   1.0503301303738944E-007 -0.36235996683955585        9.9311524947214270E-006  -6.0091318708499850E-007   6.4175125869468559     
 dijxc
  0.32074941993749562       -2.9668083998068613        24.983407099652695        5.8403579890856088E-006  -3.9634117285498540E-005  -1.1533255892352073E-002  -1.3128070109022155E-007   1.2277543116347329E-006  -2.0317263929949602E-008  -1.0854711851979164E-002  -1.6295793684540653E-006   1.3694721450485447E-005   2.9787766673762029E-007  -1.9522791449041327E-008  -1.1583517414515028E-002  -5.9894518031513078E-005   4.6826692525638036E-004 -0.36266833347678845        1.0892846718749620E-007  -1.7713013523339113E-006   6.4192333772359618        6.8055994497973639E-007  -6.6847839351150506E-006   1.0892846718749620E-007 -0.36671403182467766        1.0503378129269646E-007  -6.2371628365144536E-007   6.4418610532541880        1.1501089430701313E-005  -1.0049067259361495E-004  -1.7713013523339113E-006   1.0503378129269646E-007 -0.36237091434819796        9.9147104836778603E-006  -6.0091582867585295E-007   6.4175676760416156     
 dijxc
  0.32075154785667703       -2.9668289724472250        24.983602361956635        5.8407526388881864E-006  -3.9640612124961633E-005  -1.1534106915339161E-002  -1.3130970307085612E-007   1.2280344614608951E-006  -2.0316949680882818E-008  -1.0855415486269088E-002  -1.6535178175388960E-006   1.3792408881405123E-005   3.2271373589930203E-007  -1.9524661844237698E-008  -1.1584379106790305E-002  -5.9891742280873797E-005   4.6825859638987270E-004 -0.36266291747807866        1.0892725992140471E-007  -1.9204675839730155E-006   6.4192061471820736        6.8071748922387877E-007  -6.6863500284999981E-006   1.0892725992140471E-007 -0.36670946101538265        1.0504384424349401E-007  -6.2371033097127537E-007   6.4418383977893052        1.1876338110036574E-005  -1.0318487848330087E-004  -1.9204675839730155E-006   1.0504384424349401E-007 -0.36236543695459367        1.0747900962229451E-005  -6.0097335317077915E-007   6.4175401128532368     
 dijxc
  0.32075155026209839       -2.9668289982716249        24.983602644321834        5.8408832044202553E-006  -3.9641815798946424E-005  -1.1534106794244429E-002  -1.3131370582392390E-007   1.2280721444877528E-006  -2.0316560490656766E-008  -1.0855415419333811E-002  -1.8709124861260548E-007   1.7422190617690157E-006   3.7256632300393666E-009  -1.9495135164314535E-008  -1.1584378371075760E-002  -5.9892430104861247E-005   4.6826517044993172E-004 -0.36266291688260188        1.0892493565248174E-007  -2.5898137869740053E-008   6.4192061404262004        6.8073788492221844E-007  -6.6865494245205534E-006   1.0892493565248174E-007 -0.36670946009607697        1.0487437999297142E-007  -6.2369702215903261E-007   6.4418383891010240        9.8254160087116411E-007  -9.6020854725714582E-006  -2.5898137869740053E-008   1.0487437999297142E-007 -0.36236543991925385        1.4158103096409984E-007  -5.9997407068754409E-007   6.4175401265833241     
 dijxc
  0.32075368039602392       -2.9668495940894632        24.983798153241715        5.8413838876224220E-006  -3.9649172903207444E-005  -1.1534957157682747E-002  -1.3134254191994516E-007   1.2283507445827436E-006  -2.0316154764496135E-008  -1.0856118485609606E-002  -1.8713422218427969E-007   1.7426314783021719E-006   3.7252467910117210E-009  -1.9494730447966596E-008  -1.1585239329238405E-002  -5.9890460913602801E-005   4.6826374147360058E-004 -0.36265750397986501        1.0892321418964899E-007  -2.5895470038953595E-008   6.4191789264919210        6.8089461122645643E-007  -6.6881074039737612E-006   1.0892321418964899E-007 -0.36670489181086219        1.0487258297782048E-007  -6.2368808017860623E-007   6.4418157463459638        9.8277931463344582E-007  -9.6044329451557917E-006  -2.5895470038953595E-008   1.0487258297782048E-007 -0.36235996603741111        1.4156330947729848E-007  -5.9996454006658556E-007   6.4175125818416339     
 dijxc
  0.32074942060603084       -2.9668084071507024        24.983407180097178        5.8403818607243867E-006  -3.9634455854152847E-005  -1.1533256486919927E-002  -1.3128489935730426E-007   1.2277938317198011E-006  -2.0316937095407199E-008  -1.0854712411544280E-002  -1.8704811426389980E-007   1.7418054067382446E-006   3.7259773848593051E-009  -1.9495515442007198E-008  -1.1583517468569185E-002  -5.9894389604449904E-005   4.6826653095533970E-004 -0.36266832947772060        1.0892648489574403E-007  -2.5900202261903949E-008   6.4192333537093722        6.8058130481207626E-007  -6.6849929354794578E-006   1.0892648489574403E-007 -0.36671402804619113        1.0487603666118607E-007  -6.2370499897379405E-007   6.4418610309463702        9.8230254807582875E-007  -9.5997268805589010E-006  -2.5900202261903949E-008   1.0487603666118607E-007 -0.36237091349711187        1.4159536976960459E-007  -5.9998280967275229E-007   6.4175676707017226     
 dijxc
  0.32075154860093785       -2.9668289805921089        24.983602451770043        5.8407743066035201E-006  -3.9640948889257411E-005  -1.1534107479143595E-002  -1.3131369465512467E-007   1.2280720317741543E-006  -2.0316532830061543E-008  -1.0855416008699187E-002  -1.8709102532698053E-007   1.7422172127143069E-006   3.7255561268808401E-009  -1.9495110033342362E-008  -1.1584379045546614E-002  -5.9891564479172904E-005   4.6825786589843246E-004 -0.36266291359023123        1.0892477118482592E-007  -2.5897506499367579E-008   6.4192061240015841        6.8073781587014271E-007  -6.6865487470447997E-006   1.0892477118482592E-007 -0.36670945738258048        1.0487423545248534E-007  -6.2369610327966456E-007   6.4418383760192661        9.8253992963401794E-007  -9.6020710196718165E-006  -2.5897506499367579E-008   1.0487423545248534E-007 -0.36236543669239080        1.4157748937612350E-007  -5.9997325482697705E-007   6.4175401105140342     
 dijxc
  0.32075154952450274       -2.9668289903049350        24.983602556619381        5.8408608978433604E-006  -3.9641473829218722E-005  -1.1534106228194993E-002  -1.3130971296271784E-007   1.2280345572823434E-006  -2.0316962983350218E-008  -1.0855414897705758E-002  -1.6512187858977561E-006   1.3769916534527499E-005   3.2275970967114763E-007  -1.9524803627536755E-008  -1.1584378428794471E-002  -5.9892603109204466E-005   4.6826586018985873E-004 -0.36266292082126189        1.0892733275980252E-007  -1.9206737045147127E-006   6.4192061638362627        6.8071755876264205E-007  -6.6863507080702389E-006   1.0892733275980252E-007 -0.36670946376307328        1.0504458136895351E-007  -6.2371074256994312E-007   6.4418384110049658        1.1866418646138301E-005  -1.0307951531414650E-004  -1.9206737045147127E-006   1.0504458136895351E-007 -0.36236544024054823        1.0749155622521175E-005  -6.0097744854252945E-007   6.4175401292001020     
 dijxc
  0.32075367959836126       -2.9668495853540131        24.983798056509741        5.8413634071644350E-006  -3.9648826945216341E-005  -1.1534956610872150E-002  -1.3133894461080622E-007   1.2283169124825829E-006  -2.0316614984293507E-008  -1.0856117988976483E-002  -1.6604428397293787E-006   1.3735892562679164E-005   3.4725386313341237E-007  -1.9526264069445866E-008  -1.1585239486303876E-002  -5.9890685885251587E-005   4.6826477483779953E-004 -0.36265750780847444        1.0892593878495448E-007  -2.0682700168159373E-006   6.4191789495969251        6.8087622844475336E-007  -6.6879280627562601E-006   1.0892593878495448E-007 -0.36670489533668776        1.0505225281112724E-007  -6.2370374194081376E-007   6.4418157677729129        1.2153862827179129E-005  -1.0496413190359129E-004  -2.0682700168159373E-006   1.0505225281112724E-007 -0.36235996579097401        1.1572963855356299E-005  -6.0102092083746171E-007   6.4175125816175758     
 dijxc
  0.32074941982731014       -2.9668083985612994        24.983407084745455        5.8403622903924018E-006  -3.9634116177817218E-005  -1.1533255937286858E-002  -1.3128148335858613E-007   1.2277617480513108E-006  -2.0317343449333868E-008  -1.0854711910457455E-002  -1.6546981798967947E-006   1.3687686865436559E-005   3.4701680317364947E-007  -1.9526479363214073E-008  -1.1583517618632196E-002  -5.9894623752633840E-005   4.6826763727331547E-004 -0.36266833329193582        1.0892891480644648E-007  -2.0674226660246357E-006   6.4192333766965533        6.8056377485650170E-007  -6.6848221858659712E-006   1.0892891480644648E-007 -0.36671403156653692        1.0505256288771695E-007  -6.2371899774227577E-007   6.4418610523059510        1.2112623565960064E-005  -1.0460969429816879E-004  -2.0674226660246357E-006   1.0505256288771695E-007 -0.36237091325648241        1.1567663469807619E-005  -6.0102121027731034E-007   6.4175676704769273     
 dijxc
  0.32075154776259651       -2.9668289713370064        24.983602348360112        5.8407589214554153E-006  -3.9640623843334541E-005  -1.1534106966075923E-002  -1.3131087184298544E-007   1.2280455977843837E-006  -2.0316937927821162E-008  -1.0855415547980918E-002  -1.6613170859568725E-006   1.3635627259899825E-005   3.7192904795013084E-007  -1.9527401282332429E-008  -1.1584379313950642E-002  -5.9891869724217639E-005   4.6825947820309469E-004 -0.36266291724652999        1.0892720879711054E-007  -2.2178218280877845E-006   6.4192061464114740        6.8072318985836619E-007  -6.6864069552383449E-006   1.0892720879711054E-007 -0.36670946072441701        1.0505730960945481E-007  -6.2371022605952936E-007   6.4418383966888264        1.2373993034338163E-005  -1.0629505245912932E-004  -2.2178218280877845E-006   1.0505730960945481E-007 -0.36236543582528746        1.2406603198309182E-005  -6.0104807620794315E-007   6.4175401071097404     
 dijxc
  0.32075155027627178       -2.9668289984606386        24.983602646432967        5.8408828026103833E-006  -3.9641812660092271E-005  -1.1534106788031677E-002  -1.3131372684224890E-007   1.2280723465803656E-006  -2.0316530594398838E-008  -1.0855415415923331E-002  -1.8709107480576473E-007   1.7422177004757274E-006   3.7255572859470005E-009  -1.9495109971901190E-008  -1.1584378363536291E-002  -5.9892426827492474E-005   4.6826514358947770E-004 -0.36266291692505687        1.0892475883459080E-007  -2.5897512742212502E-008   6.4192061406124061        6.8073798320933586E-007  -6.6865504320547652E-006   1.0892475883459080E-007 -0.36670946012319455        1.0487423544795808E-007  -6.2369603180560717E-007   6.4418383891986331        9.8254017667839796E-007  -9.6020735486741672E-006  -2.5897512742212502E-008   1.0487423544795808E-007 -0.36236543996952092        1.4157752741662766E-007  -5.9997325569110725E-007   6.4175401268133747     
 dijxc
  0.32075368039072100       -2.9668495941500050        24.983798154169911        5.8413830553961985E-006  -3.9649165702944068E-005  -1.1534957160895122E-002  -1.3134255993300073E-007   1.2283509191810210E-006  -2.0316122924077298E-008  -1.0856118491561727E-002  -1.8713404525248304E-007   1.7426301003056416E-006   3.7251331969782113E-009  -1.9494703353067114E-008  -1.1585239330911663E-002  -5.9890455472864798E-005   4.6826369297302934E-004 -0.36265750400984259        1.0892302586666081E-007  -2.5894799442863189E-008   6.4191789266498507        6.8089469267998463E-007  -6.6881082533194413E-006   1.0892302586666081E-007 -0.36670489182582305        1.0487242774165313E-007  -6.2368702548879466E-007   6.4418157464177721        9.8277784925959839E-007  -9.6044207203386892E-006  -2.5894799442863189E-008   1.0487242774165313E-007 -0.36235996607632975        1.4155955148188601E-007  -5.9996366455516581E-007   6.4175125820498273     
 dijxc
  0.32074942062360517       -2.9668084072904928        24.983407181581264        5.8403810445237707E-006  -3.9634448769091333E-005  -1.1533256472201145E-002  -1.3128491689134470E-007   1.2277940020969619E-006  -2.0316905193282975E-008  -1.0854712399459392E-002  -1.8704793758952398E-007   1.7418040302619170E-006   3.7258636285645071E-009  -1.9495488405330564E-008  -1.1583517452290276E-002  -5.9894384314342346E-005   4.6826648357954539E-004 -0.36266832953281808        1.0892629628433000E-007  -2.5899530743770462E-008   6.4192333539864990        6.8058138325979073E-007  -6.6849937573232579E-006   1.0892629628433000E-007 -0.36671402808676706        1.0487588186047391E-007  -6.2370394256045318E-007   6.4418610311402631        9.8230108587797857E-007  -9.5997146801488682E-006  -2.5899530743770462E-008   1.0487588186047391E-007 -0.36237091356124634        1.4159160650026683E-007  -5.9998193648891566E-007   6.4175676710296869     
 dijxc
  0.32075154859889282       -2.9668289806167953        24.983602452118447        5.8407731458492407E-006  -3.9640938538699123E-005  -1.1534107474910342E-002  -1.3131370899769910E-007   1.2280721732613136E-006  -2.0316498910625079E-008  -1.0855416006944008E-002  -1.8709084538239409E-007   1.7422158172885891E-006   3.7254343192099882E-009  -1.9495081390841863E-008  -1.1584379039540238E-002  -5.9891557487461183E-005   4.6825780129099691E-004 -0.36266291363296083        1.0892457066641570E-007  -2.5896787283616924E-008   6.4192061242160516        6.8073787579690306E-007  -6.6865493970927507E-006   1.0892457066641570E-007 -0.36670945741161926        1.0487407174978341E-007  -6.2369498021940393E-007   6.4418383761559639        9.8253842721920669E-007  -9.6020585209868427E-006  -2.5896787283616924E-008   1.0487407174978341E-007 -0.36236543674528515        1.4157345900095695E-007  -5.9997233110252834E-007   6.4175401107857510     
 dijxc
  0.32075154943908257       -2.9668289892187860        24.983602543138229        5.8408669825246515E-006  -3.9641483773665362E-005  -1.1534106272283129E-002  -1.3131090312124125E-007   1.2280459028889143E-006  -2.0316940749108964E-008  -1.0855414952760732E-002  -1.6592998173863305E-006   1.3616692472765159E-005   3.7182915173210609E-007  -1.9527429340413136E-008  -1.1584378628019948E-002  -5.9892729367127765E-005   4.6826673085299743E-004 -0.36266292059479299        1.0892722331862798E-007  -2.2172363797477620E-006   6.4192061630719763        6.8072335133089914E-007  -6.6864085837786447E-006   1.0892722331862798E-007 -0.36670946347716810        1.0505743625554479E-007  -6.2371030943760515E-007   6.4418384099106722        1.2363702702514014E-005  -1.0619326894461639E-004  -2.2172363797477620E-006   1.0505743625554479E-007 -0.36236543912226571        1.2403341107183481E-005  -6.0104871540259280E-007   6.4175401234970284     
 dijxc
  0.32075367951902806       -2.9668495843804177        24.983798044156956        5.8413724427143108E-006  -3.9648858260916469E-005  -1.1534956674639454E-002  -1.3134053193647971E-007   1.2283320659276399E-006  -2.0316482504143888E-008  -1.0856118060379290E-002  -1.6579183453491163E-006   1.3496397557199991E-005   3.9681643144474338E-007  -1.9527837283660288E-008  -1.1585239703777603E-002  -5.9890839924352221E-005   4.6826587167347634E-004 -0.36265750749856757        1.0892522830024000E-007  -2.3684459818381364E-006   6.4191789484108082        6.8088393981751903E-007  -6.6880051090608491E-006   1.0892522830024000E-007 -0.36670489498524089        1.0505932358828502E-007  -6.2369990161539656E-007   6.4418157663582765        1.2570600827541206E-005  -1.0740187613049042E-004  -2.3684459818381364E-006   1.0505932358828502E-007 -0.36235996459231384        1.3246258466081203E-005  -6.0105912935417595E-007   6.4175125755066977     
 dijxc
  0.32074941975236199       -2.9668083975947206        24.983407072241270        5.8403725013558183E-006  -3.9634157999955743E-005  -1.1533256000664432E-002  -1.3128302713200457E-007   1.2277764793349442E-006  -2.0317222459083685E-008  -1.0854711981028477E-002  -1.6565004093475582E-006   1.3486719988499377E-005   3.9738901619470976E-007  -1.9528288593959752E-008  -1.1583517840434335E-002  -5.9894784850552394E-005   4.6826880077794480E-004 -0.36266833297343959        1.0892827057151230E-007  -2.3720852400004561E-006   6.4192333754732971        6.8057129599445199E-007  -6.6848972827692984E-006   1.0892827057151230E-007 -0.36671403120878732        1.0506097822331668E-007  -6.2371551936064792E-007   6.4418610508667813        1.2555553239462771E-005  -1.0728936186026980E-004  -2.3720852400004561E-006   1.0506097822331668E-007 -0.36237091202643634        1.3266424269553964E-005  -6.0106720891373828E-007   6.4175676641942747     
 dijxc
  0.32075154769927250       -2.9668289704493525        24.983602336425449        5.8407730215813783E-006  -3.9640695756055579E-005  -1.1534107047428077E-002  -1.3131272891327653E-007   1.2280633234401638E-006  -2.0316740309299334E-008  -1.0855415633188516E-002  -1.6553801702530173E-006   1.3371577425922442E-005   4.2408965012221672E-007  -1.9528669410411676E-008  -1.1584379556837172E-002  -5.9892063584995337E-005   4.6826091804085370E-004 -0.36266291681741031        1.0892615070334174E-007  -2.5331412152479973E-006   6.4192061446350142        6.8073225296071800E-007  -6.6864973860951556E-006   1.0892615070334174E-007 -0.36670946027380052        1.0506277327880369E-007  -6.2370438274494130E-007   6.4418383947966547        1.2758351178551014E-005  -1.0848480410112553E-004  -2.5331412152479973E-006   1.0506277327880369E-007 -0.36236543446749586        1.4164619273136582E-005  -6.0107716915325296E-007   6.4175401001693597     
 dijxc
  0.32075155027664115       -2.9668289984825282        24.983602646772766        5.8408816193913959E-006  -3.9641802093949258E-005  -1.1534106781969734E-002  -1.3131374106243339E-007   1.2280724868956826E-006  -2.0316496683526764E-008  -1.0855415412340585E-002  -1.8709089511147613E-007   1.7422163073525228E-006   3.7254355615135312E-009  -1.9495081272146272E-008  -1.1584378355697568E-002  -5.9892419727810053E-005   4.6826507788596356E-004 -0.36266291696512576        1.0892455837487475E-007  -2.5896793975994839E-008   6.4192061408301901        6.8073804259642865E-007  -6.6865510764369983E-006   1.0892455837487475E-007 -0.36670946014953815        1.0487407141116272E-007  -6.2369490907175493E-007   6.4418383893384750        9.8253867569801181E-007  -9.6020610637289945E-006  -2.5896793975994839E-008   1.0487407141116272E-007 -0.36236544001977211        1.4157349960846760E-007  -5.9997233009293918E-007   6.4175401270885137     
 dijxc
  0.32075368039138336       -2.9668495941386386        24.983798154070506        5.8413815485168486E-006  -3.9649152038334477E-005  -1.1534957148549151E-002  -1.3134257039316079E-007   1.2283510255770449E-006  -2.0316086942352082E-008  -1.0856118481422802E-002  -1.8713386280776473E-007   1.7426286920308550E-006   3.7250032543016507E-009  -1.9494673165534231E-008  -1.1585239316563377E-002  -5.9890446829613041E-005   4.6826361130792823E-004 -0.36265750407214636        1.0892281324922773E-007  -2.5894032035057400E-008   6.4191789269945865        6.8089473008327727E-007  -6.6881086940360327E-006   1.0892281324922773E-007 -0.36670489187575428        1.0487225555676329E-007  -6.2368583463005436E-007   6.4418157466929760        9.8277631296385042E-007  -9.6044079770552421E-006  -2.5894032035057400E-008   1.0487225555676329E-007 -0.36235996614999944        1.4155525122527605E-007  -5.9996269258055750E-007   6.4175125824586754     
 dijxc
  0.32074942061747869       -2.9668084072496574        24.983407181262098        5.8403796144203494E-006  -3.9634435825367041E-005  -1.1533256466549811E-002  -1.3128492724265522E-007   1.2277941077650341E-006  -2.0316869164504456E-008  -1.0854712395940949E-002  -1.8704775495396332E-007   1.7418026196442334E-006   3.7257333109512351E-009  -1.9495458496774405E-008  -1.1583517444642429E-002  -5.9894376063972029E-005   4.6826640575436837E-004 -0.36266832957625106        1.0892608339394832E-007  -2.5898761236325891E-008   6.4192333542326416        6.8058141951680565E-007  -6.6849941892541289E-006   1.0892608339394832E-007 -0.36671402811823256        1.0487571132453202E-007  -6.2370275013130247E-007   6.4418610313192142        9.8229954976941514E-007  -9.5997019341158506E-006  -2.5898761236325891E-008   1.0487571132453202E-007 -0.36237091361601570        1.4158729427824378E-007  -5.9998097374098420E-007   6.4175676713397731     
 dijxc
  0.32075154860260713       -2.9668289805458290        24.983602451320746        5.8407715248785998E-006  -3.9640923781941126E-005  -1.1534107457235196E-002  -1.3131371570560389E-007   1.2280722464354445E-006  -2.0316460790988439E-008  -1.0855415991070851E-002  -1.8709065970113388E-007   1.7422143883390888E-006   3.7252952120414602E-009  -1.9495050535572659E-008  -1.1584379019684322E-002  -5.9891548290578670E-005   4.6825771373888703E-004 -0.36266291368472603        1.0892434542872232E-007  -2.5895965964746235E-008   6.4192061245245995        6.8073789008700512E-007  -6.6865496283213951E-006   1.0892434542872232E-007 -0.36670945745311972        1.0487389612845936E-007  -6.2369371866058377E-007   6.4418383764076008        9.8253685519637409E-007  -9.6020455066612213E-006  -2.5895965964746235E-008   1.0487389612845936E-007 -0.36236543680937316        1.4156885633496415E-007  -5.9997133928782135E-007   6.4175401111638557     
 dijxc
  0.32075154938086292       -2.9668289883772685        24.983602531585685        5.8408810801594203E-006  -3.9641555589915656E-005  -1.1534106350596568E-002  -1.3131277758789028E-007   1.2280637985036698E-006  -2.0316732907075781E-008  -1.0855415034807435E-002  -1.6541116433009614E-006   1.3360475119092079E-005   4.2382474615516617E-007  -1.9528576687901747E-008  -1.1584378867257210E-002  -5.9892923359424845E-005   4.6826817127858136E-004 -0.36266292017823842        1.0892610881579104E-007  -2.5316771018189501E-006   6.4192061613366143        6.8073249150887550E-007  -6.6864998030743819E-006   1.0892610881579104E-007 -0.36670946303980989        1.0506225207400030E-007  -6.2370414844416393E-007   6.4418384080635684        1.2750287460035137E-005  -1.0841160621746665E-004  -2.5316771018189501E-006   1.0506225207400030E-007 -0.36236543777967722        1.4156314491429472E-005  -6.0107416491482251E-007   6.4175401166127273     
