 dijxc
  -3.2252563580903164E-002 -0.15119040613668444        10.471608822471227       -1.6517413422961470E-004   2.2100563753298173E-003  -3.8392451322443800E-004  -6.8144894433148850E-007   9.1803733384533768E-006  -1.4048778524888713E-008  -3.8100879754643532E-004   4.9598456465822404E-006  -6.6292183420640067E-005   1.0329081661465031E-007   2.8818525031877969E-010  -3.8081232832516492E-004
 dijxc
  -3.2252563580903164E-002 -0.15119040613668444        10.471608822471227       -1.6517413422961470E-004   2.2100563753298173E-003  -3.8392451322443800E-004  -6.8144894433148850E-007   9.1803733384533768E-006  -1.4048778524888713E-008  -3.8100879754643532E-004   4.9598456465822404E-006  -6.6292183420640067E-005   1.0329081661465031E-007   2.8818525031877969E-010  -3.8081232832516492E-004
 dijxc
  -3.2252848225651255E-002 -0.15118748561238732        10.471589054801584       -1.6518246526140782E-004   2.2101695564948477E-003  -3.8397259737332377E-004  -6.8147140688041726E-007   9.1806722509959455E-006  -1.4049622848403242E-008  -3.8105655873425998E-004   4.9600020647163567E-006  -6.6294306635599073E-005   1.0329614113347215E-007   2.8820209544552209E-010  -3.8086014141853781E-004
 dijxc
  -3.2252279030089301E-002 -0.15119332682196013        10.471628589614909       -1.6516580392827979E-004   2.2099432053634708E-003  -3.8387650919021550E-004  -6.8142648241183915E-007   9.1800744394501520E-006  -1.4047934249677250E-008  -3.8096111643933330E-004   4.9596892401002049E-006  -6.6290060406583765E-005   1.0328549262756450E-007   2.8816840601746718E-010  -3.8076459531601959E-004
 dijxc
  -3.2252563965627382E-002 -0.15119040447335164        10.471608797797048       -1.6517412897378069E-004   2.2100563656439680E-003  -3.8392469667931646E-004  -6.8144902646027285E-007   9.1803746757990586E-006  -1.4048776100680772E-008  -3.8100898189873903E-004   4.9598525844458795E-006  -6.6292277712789134E-005   1.0329093709873378E-007   2.8818582787298193E-010  -3.8081251272486496E-004
 dijxc
  -3.2252563745162555E-002 -0.15119040609880918        10.471608816490185       -1.6517411772985861E-004   2.2100561597451188E-003  -3.8392461854016170E-004  -6.8144892252471855E-007   9.1803730437307378E-006  -1.4048774862656491E-008  -3.8100890379609467E-004   4.9598483866191687E-006  -6.6292239380752926E-005   1.0329087262329795E-007   2.8818305476606851E-010  -3.8081244542510426E-004
 dijxc
  -3.2252843737456835E-002 -0.15118751480596102        10.471589314727744       -1.6518227513797156E-004   2.2101662867728424E-003  -3.8397154593114815E-004  -6.8146132253580027E-007   9.1805345523407838E-006  -1.4049453759227295E-008  -3.8105550555166882E-004   4.9564600700375457E-006  -6.6246926851613392E-005   1.0321054751992965E-007   2.8788753072652026E-010  -3.8085909067640160E-004
 dijxc
  -3.2252274469572753E-002 -0.15119335564082367        10.471628851376618       -1.6516561484691684E-004   2.2099399482055446E-003  -3.8387537199239315E-004  -6.8141643421240236E-007   9.1799372233707124E-006  -1.4047765952036765E-008  -3.8095997748148610E-004   4.9561996012610875E-006  -6.6243377147953800E-005   1.0320102559841764E-007   2.8785843172340037E-010  -3.8076345924110901E-004
 dijxc
  -3.2252555847436290E-002 -0.15119045718826449        10.471609278882562       -1.6517386915173237E-004   2.2100515651703096E-003  -3.8392271314508549E-004  -6.8143206775337960E-007   9.1801427365786281E-006  -1.4048503419966492E-008  -3.8100699260128830E-004   4.9574614801479407E-006  -6.6259871611405789E-005   1.0321362728546056E-007   2.8796136880642460E-010  -3.8081052484371740E-004
 dijxc
  -3.2252563599820559E-002 -0.15119040608725048        10.471608824273352       -1.6517413421751007E-004   2.2100563751941520E-003  -3.8392451316209908E-004  -6.8144894327912746E-007   9.1803733244501722E-006  -1.4048778501810392E-008  -3.8100879748439846E-004   4.9598456417961129E-006  -6.6292183358542455E-005   1.0329081651397633E-007   2.8818524974309616E-010  -3.8081232826304263E-004
 dijxc
  -3.2252848164903307E-002 -0.15118748532036388        10.471589057259511       -1.6518246515322970E-004   2.2101695529396798E-003  -3.8397252051343780E-004  -6.8147139838169037E-007   9.1806721290713871E-006  -1.4049622808008510E-008  -3.8105648185367312E-004   4.9600017485768421E-006  -6.6294302372219506E-005   1.0329613563601592E-007   2.8820206653392176E-010  -3.8086006453409444E-004
 dijxc
  -3.2252278926191952E-002 -0.15119332643479222        10.471628594560700       -1.6516580384516621E-004   2.2099432016772051E-003  -3.8387638770464010E-004  -6.8142647387797543E-007   9.1800743150652627E-006  -1.4047934223371755E-008  -3.8096099492955580E-004   4.9596889264203469E-006  -6.6290056161959012E-005   1.0328548728846239E-007   2.8816837801136498E-010  -3.8076447380218088E-004
 dijxc
  -3.2252563749731955E-002 -0.15119040281676360        10.471608815135172       -1.6517412886460963E-004   2.2100563603346581E-003  -3.8392433747097999E-004  -6.8144901257075258E-007   9.1803744747741709E-006  -1.4048776053764125E-008  -3.8100862265145878E-004   4.9598520457170457E-006  -6.6292270441436479E-005   1.0329092781305353E-007   2.8818578083285004E-010  -3.8081215347110541E-004
 dijxc
  -3.2252555304466343E-002 -0.15119046197273761        10.471609308117435       -1.6517384080305282E-004   2.2100510814878275E-003  -3.8392272509776902E-004  -6.8143096233974325E-007   9.1801275469481519E-006  -1.4048486022219311E-008  -3.8100700410028797E-004   4.9559469143716806E-006  -6.6239740549238170E-005   1.0318343125644799E-007   2.8783163877852942E-010  -3.8081053411782200E-004
 dijxc
  -3.2252836235297629E-002 -0.15118756436100056        10.471589759619443       -1.6518209801437496E-004   2.2101626767421037E-003  -3.8396977625778229E-004  -6.8144646534310514E-007   9.1803311019492182E-006  -1.4049224832821883E-008  -3.8105372842577208E-004   4.9571421540261807E-006  -6.6255349370973539E-005   1.0319502363266911E-007   2.8792913371567056E-010  -3.8085730910838870E-004
 dijxc
  -3.2252267736605930E-002 -0.15119340032174244        10.471629254465448       -1.6516552154037734E-004   2.2099375846303376E-003  -3.8387373601918415E-004  -6.8140424933377408E-007   9.1797700010459868E-006  -1.4047587895453867E-008  -3.8095833317651354E-004   4.9608732661671726E-006  -6.6304835363789516E-005   1.0326508008154365E-007   2.8824213202430887E-010  -3.8076181602538439E-004
 dijxc
  -3.2252550718040056E-002 -0.15119049285790487        10.471609581970515       -1.6517391712537528E-004   2.2100513285031789E-003  -3.8392154776986209E-004  -6.8142455762613320E-007   9.1800390151136531E-006  -1.4048412737152869E-008  -3.8100581784358757E-004   4.9691628052677898E-006  -6.6414693016037289E-005   1.0341816912144381E-007   2.8894814883817080E-010  -3.8080936151237848E-004
 dijxc
  -3.2252563572548618E-002 -0.15119040607548251        10.471608827299471       -1.6517413405163316E-004   2.2100563695425456E-003  -3.8392448230944174E-004  -6.8144892855601697E-007   9.1803731141150388E-006  -1.4048778430340753E-008  -3.8100876659604712E-004   4.9598450746959927E-006  -6.6292175722007117E-005   1.0329080658509238E-007   2.8818519926056157E-010  -3.8081229736812916E-004
 dijxc
  -3.2252848099666914E-002 -0.15118748551821973        10.471589061597239       -1.6518246501255772E-004   2.2101695452043089E-003  -3.8397247793233900E-004  -6.8147137842722520E-007   9.1806718389746509E-006  -1.4049622752963156E-008  -3.8105643921418646E-004   4.9600009611233461E-006  -6.6294291737519368E-005   1.0329612211357247E-007   2.8820199820951779E-010  -3.8086002188508013E-004
 dijxc
  -3.2252279060567622E-002 -0.15119332793487283        10.471628584550393       -1.6516580374922795E-004   2.2099431955818708E-003  -3.8387665345833823E-004  -6.8142645573862182E-007   9.1800740533707575E-006  -1.4047934157623800E-008  -3.8096126063223463E-004   4.9596882152883269E-006  -6.6290046573858083E-005   1.0328547499266303E-007   2.8816831742684053E-010  -3.8076473949663452E-004
 dijxc
  -3.2252563863896688E-002 -0.15119040406807061        10.471608809594350       -1.6517412887414820E-004   2.2100563548478557E-003  -3.8392454700480300E-004  -6.8144899262851888E-007   9.1803741856070398E-006  -1.4048775995815080E-008  -3.8100883212341548E-004   4.9598512534593992E-006  -6.6292259755696832E-005   1.0329091422181421E-007   2.8818571578573003E-010  -3.8081236293405890E-004
 dijxc
  -3.2252550053368495E-002 -0.15119049642547683        10.471609621262941       -1.6517389090710589E-004   2.2100508738870585E-003  -3.8392132685139411E-004  -6.8142350817139001E-007   9.1800245783703535E-006  -1.4048396576721015E-008  -3.8100559641816390E-004   4.9677245253820083E-006  -6.6395579292158693E-005   1.0338956893186503E-007   2.8882495493441191E-010  -3.8080913806871886E-004
 dijxc
  -3.2252833632917685E-002 -0.15118758660690801        10.471589924434271       -1.6518235171384443E-004   2.2101655410970335E-003  -3.8396935995583538E-004  -6.8144579196359361E-007   9.1803202541603560E-006  -1.4049261724364902E-008  -3.8105330126101571E-004   4.9791194503929728E-006  -6.6546683499949628E-005   1.0360489270107457E-007   2.8979778221098492E-010  -3.8085690839392025E-004
 dijxc
  -3.2252265544105783E-002 -0.15119342033404393        10.471629396747876       -1.6516578131715138E-004   2.2099406042673264E-003  -3.8387343331088648E-004  -6.8140419224693722E-007   9.1797677084237942E-006  -1.4047632732033108E-008  -3.8095802043303486E-004   4.9839399467027567E-006  -6.6610585204868397E-005   1.0369612433942039E-007   2.9020499885627792E-010  -3.8076153105334124E-004
 dijxc
  -3.2252550752990029E-002 -0.15119049860174377        10.471609598863180       -1.6517429042804322E-004   2.2100562191804214E-003  -3.8392171121970332E-004  -6.8142932148799168E-007   9.1801027069110541E-006  -1.4048538518659051E-008  -3.8100597269830028E-004   4.9998095076041520E-006  -6.6821008626869485E-005   1.0399968751900154E-007   2.9156387917732886E-010  -3.8080955505068984E-004
 dijxc
  -3.2252563471171808E-002 -0.15119040625958619        10.471608829521212       -1.6517413407201291E-004   2.2100563633670849E-003  -3.8392442477774152E-004  -6.8144890799473846E-007   9.1803728132524139E-006  -1.4048778394145294E-008  -3.8100870899576223E-004   4.9598442557824683E-006  -6.6292164656536068E-005   1.0329079269550580E-007   2.8818513195745781E-010  -3.8081223975813903E-004
 dijxc
  -3.2252847985669290E-002 -0.15118748519399877        10.471589069151479       -1.6518246515046030E-004   2.2101695411245346E-003  -3.8397234533101747E-004  -6.8147135737260622E-007   9.1806715335801456E-006  -1.4049622699328143E-008  -3.8105630654270437E-004   4.9600001247925391E-006  -6.6294280461396646E-005   1.0329610786300450E-007   2.8820193226376898E-010  -3.8085988920439891E-004
 dijxc
  -3.2252278858322825E-002 -0.15119332696308752        10.471628597380152       -1.6516580397405044E-004   2.2099431929793688E-003  -3.8387638047829699E-004  -6.8142643736057073E-007   9.1800737848345928E-006  -1.4047934125020442E-008  -3.8096098758541911E-004   4.9596874902281418E-006  -6.6290036786280406E-005   1.0328546277997953E-007   2.8816826206232603E-010  -3.8076446644178473E-004
 dijxc
  -3.2252563756774114E-002 -0.15119040435116732        10.471608810562563       -1.6517412922834452E-004   2.2100563550664768E-003  -3.8392449909268711E-004  -6.8144897616575010E-007   9.1803739469740671E-006  -1.4048775957699883E-008  -3.8100878414904708E-004   4.9598506330013795E-006  -6.6292251395133316E-005   1.0329090386275833E-007   2.8818567176065048E-010  -3.8081231495324004E-004
 dijxc
  -3.2252550424874987E-002 -0.15119050253871219        10.471609621734117       -1.6517429422098327E-004   2.2100561839796654E-003  -3.8392178783446787E-004  -6.8142905770828302E-007   9.1800988365115444E-006  -1.4048538870917707E-008  -3.8100604812274887E-004   4.9994690350398560E-006  -6.6816504933070093E-005   1.0399316957594588E-007   2.9153441744911739E-010  -3.8080963004709812E-004
 dijxc
  -3.2252836495795398E-002 -0.15118757624165388        10.471589777746271       -1.6518287552583842E-004   2.2101728789535417E-003  -3.8397031493221873E-004  -6.8145674032711231E-007   9.1804684850610206E-006  -1.4049492781956382E-008  -3.8105424906031591E-004   5.0193758215756911E-006  -6.7080503419200587E-005   1.0437696048569499E-007   2.9324086124621497E-010  -3.8085790857095520E-004
 dijxc
  -3.2252268052385014E-002 -0.15119340991457023        10.471629275246391       -1.6516622323348710E-004   2.2099468318536632E-003  -3.8387408793648891E-004  -6.8141330944338061E-007   9.1798914368087096E-006  -1.4047822711370194E-008  -3.8095867025988138E-004   5.0216590321301078E-006  -6.7110598810725505E-005   1.0441679985048883E-007   2.9343229132062585E-010  -3.8076222948843714E-004
 dijxc
  -3.2252555092336793E-002 -0.15119047672134811        10.471609374321918       -1.6517470356445152E-004   2.2100623652686938E-003  -3.8392282187439631E-004  -6.8143998233184245E-007   9.1802484539558141E-006  -1.4048737494851135E-008  -3.8100708383317504E-004   5.0403110673358319E-006  -6.7357696784950456E-005   1.0477378434971078E-007   2.9503598402805921E-010  -3.8081071872598236E-004
 dijxc
  -3.2252563415392038E-002 -0.15119040660580688        10.471608831035470       -1.6517413442925953E-004   2.2100563636317291E-003  -3.8392441376430017E-004  -6.8144889132056878E-007   9.1803725718273885E-006  -1.4048778351530369E-008  -3.8100869792013711E-004   4.9598436243713666E-006  -6.6292156150998051E-005   1.0329078211543342E-007   2.8818508718372439E-010  -3.8081222867603212E-004
 dijxc
  -3.2252848150469179E-002 -0.15118748704423154        10.471589056341776       -1.6518246567871376E-004   2.2101695453866348E-003  -3.8397266938139548E-004  -6.8147134467937408E-007   9.1806713521148715E-006  -1.4049622653367836E-008  -3.8105663054145212E-004   4.9599996933753385E-006  -6.6294274669400613E-005   1.0329610080125846E-007   2.8820190741986684E-010  -3.8086021319938806E-004
 dijxc
  -3.2252278897493061E-002 -0.15119332761358403        10.471628595299523       -1.6516580449988925E-004   2.2099431973703113E-003  -3.8387647312369301E-004  -6.8142642611520409E-007   9.1800736233160840E-006  -1.4047934090998088E-008  -3.8096108018220948E-004   4.9596871424544673E-006  -6.6290032108394791E-005   1.0328545727569239E-007   2.8816824356831475E-010  -3.8076455903536120E-004
 dijxc
  -3.2252563793112018E-002 -0.15119040455202637        10.471608812135171       -1.6517412986268332E-004   2.2100563623265604E-003  -3.8392453230242252E-004  -6.8144896859064086E-007   9.1803738402029434E-006  -1.4048775919088273E-008  -3.8100881732183885E-004   4.9598505120059934E-006  -6.6292249772255987E-005   1.0329090240351899E-007   2.8818567256971946E-010  -3.8081234812527016E-004
 dijxc
  -3.2252554731310001E-002 -0.15119047836356830        10.471609392027883       -1.6517473997945008E-004   2.2100627972434328E-003  -3.8392266248162389E-004  -6.8144061287873653E-007   9.1802566522324952E-006  -1.4048755855353284E-008  -3.8100692264517297E-004   5.0412866211802935E-006  -6.7370691695556545E-005   1.0479354611064631E-007   2.9511898020321896E-010  -3.8081055895605558E-004
 dijxc
  -3.2252842519617145E-002 -0.15118754170800736        10.471589454660673       -1.6518323484793839E-004   2.2101786223246225E-003  -3.8397166930433243E-004  -6.8146852155794389E-007   9.1806306386618667E-006  -1.4049689581972979E-008  -3.8105561015788574E-004   5.0620262704383986E-006  -6.7645392388162334E-005   1.0519104719874727E-007   2.9690447743281455E-010  -3.8085932508099814E-004
 dijxc
  -3.2252273339985552E-002 -0.15119338064421955        10.471628986528032       -1.6516647847411855E-004   2.2099510770367202E-003  -3.8387538667255150E-004  -6.8142231348024269E-007   9.1800160615159937E-006  -1.4047963927301817E-008  -3.8095997758991629E-004   5.0600192224464866E-006  -6.7618454089949563E-005   1.0514518947407258E-007   2.9672959704496410E-010  -3.8076358606166166E-004
 dijxc
  -3.2252560653644582E-002 -0.15119044281901273        10.471609066984765       -1.6517479076096165E-004   2.2100644630535151E-003  -3.8392399195349980E-004  -6.8144650541568711E-007   9.1803404542048621E-006  -1.4048810961321461E-008  -3.8100826943064572E-004   5.0747747656007089E-006  -6.7813498116671767E-005   1.0542229007136686E-007   2.9800746750004816E-010  -3.8081194789475325E-004
 dijxc
  -3.2252563502609147E-002 -0.15119040703898490        10.471608830873498       -1.6517413508056574E-004   2.2100563710915084E-003  -3.8392450755593956E-004  -6.8144888421790593E-007   9.1803724711921206E-006  -1.4048778320730535E-008  -3.8100879167445967E-004   4.9598435170852900E-006  -6.6292154711017646E-005   1.0329078093778450E-007   2.8818509001841864E-010  -3.8081232242973234E-004
 dijxc
  -3.2252848119951980E-002 -0.15118748656429443        10.471589062119348       -1.6518246641183810E-004   2.2101695556197508E-003  -3.8397258055527812E-004  -6.8147134247823901E-007   9.1806713237082122E-006  -1.4049622622654467E-008  -3.8105654169390073E-004   4.9599998872621729E-006  -6.6294277279447340E-005   1.0329610502278468E-007   2.8820193529286674E-010  -3.8086012435418093E-004
 dijxc
  -3.2252278884503729E-002 -0.15119332753217035        10.471628596669651       -1.6516580514448688E-004   2.2099432062630112E-003  -3.8387645057808115E-004  -6.8142642328671311E-007   9.1800735860195022E-006  -1.4047934048970166E-008  -3.8096105761760023E-004   4.9596873455859675E-006  -6.6290034832321005E-005   1.0328546164763625E-007   2.8816826984077791E-010  -3.8076453647278169E-004
 dijxc
  -3.2252563605956734E-002 -0.15119040331880307        10.471608818426589       -1.6517413042011831E-004   2.2100563709823162E-003  -3.8392427792114921E-004  -6.8144896806668788E-007   9.1803738376341279E-006  -1.4048775854972470E-008  -3.8100856293692804E-004   4.9598509448576976E-006  -6.6292255569702061E-005   1.0329091088215521E-007   2.8818571482100598E-010  -3.8081209374402655E-004
 dijxc
  -3.2252560729117336E-002 -0.15119044473404550        10.471609064841683       -1.6517483429334532E-004   2.2100650229646937E-003  -3.8392419832215840E-004  -6.8144744559716903E-007   9.1803529244723074E-006  -1.4048833878341896E-008  -3.8100847420097542E-004   5.0763399003965286E-006  -6.7834301511487870E-005   1.0545350695699931E-007   2.9814109172381753E-010  -3.8081215488841439E-004
 dijxc
  -3.2252848005121758E-002 -0.15118750661718944        10.471589144545984       -1.6518308637866451E-004   2.2101776082059841E-003  -3.8397278550631006E-004  -6.8147074397352453E-007   9.1806654360213965E-006  -1.4049658349093482E-008  -3.8105675005321133E-004   5.0897586249846527E-006  -6.8011441601867253E-005   1.0570261533117165E-007   2.9930822363029936E-010  -3.8086049872270832E-004
 dijxc
  -3.2252277911917149E-002 -0.15119335171132439        10.471628727062393       -1.6516629310653385E-004   2.2099494184190148E-003  -3.8387633629595160E-004  -6.8142297926850254E-007   9.1800294127559021E-006  -1.4047908892484801E-008  -3.8096095003535308E-004   5.0847545686902069E-006  -6.7944804595962879E-005   1.0559814816587651E-007   2.9887624663826447E-010  -3.8076458798767668E-004
 dijxc
  -3.2252564286998096E-002 -0.15119042093003143        10.471608851380772       -1.6517442623704913E-004   2.2100602516161986E-003  -3.8392495370492277E-004  -6.8144301980867817E-007   9.1802976935711204E-006  -1.4048670740414506E-008  -3.8100925766333855E-004   5.0916833184907689E-006  -6.8035854941175168E-005   1.0571908510181733E-007   2.9949002855443622E-010  -3.8081295430555245E-004
 dijxc
  -3.2252563465184673E-002 -0.15119040650952925        10.471608834083057       -1.6517413563680910E-004   2.2100563807401401E-003  -3.8392442066684034E-004  -6.8144888429087379E-007   9.1803724807381328E-006  -1.4048778234249947E-008  -3.8100870478817385E-004   4.9598439738170341E-006  -6.6292160856357566E-005   1.0329078965828102E-007   2.8818513435465794E-010  -3.8081223554789045E-004
 dijxc
  -3.2252848048083343E-002 -0.15118748580662841        10.471589067033852       -1.6518246684349663E-004   2.2101695638426931E-003  -3.8397244235255780E-004  -6.8147134462979057E-007   9.1806713621593490E-006  -1.4049622527854183E-008  -3.8105640350695252E-004   4.9600005815220351E-006  -6.6294286577854315E-005   1.0329611810462399E-007   2.8820199495705479E-010  -3.8085998617283555E-004
 dijxc
  -3.2252279007662199E-002 -0.15119332811055347        10.471628591977581       -1.6516580542111215E-004   2.2099432126343097E-003  -3.8387659975698432E-004  -6.8142642327159802E-007   9.1800735967102777E-006  -1.4047933913731329E-008  -3.8096120681623588E-004   4.9596879703240878E-006  -6.6290043210641761E-005   1.0328547329994729E-007   2.8816832141192577E-010  -3.8076468567636921E-004
 dijxc
  -3.2252563772765599E-002 -0.15119040450798840        10.471608809561172       -1.6517413045288328E-004   2.2100563740949644E-003  -3.8392452366877144E-004  -6.8144896735629024E-007   9.1803738394462397E-006  -1.4048775681246716E-008  -3.8100880871583579E-004   4.9598516693816668E-006  -6.6292265263479173E-005   1.0329092427065573E-007   2.8818576959677064E-010  -3.8081233952794310E-004
 dijxc
  -3.2252564239367260E-002 -0.15119042081414619        10.471608859947256       -1.6517444376380541E-004   2.2100604789754156E-003  -3.8392486024252251E-004  -6.8144346948777946E-007   9.1803036866911950E-006  -1.4048681130146956E-008  -3.8100916363012580E-004   5.0927192080569094E-006  -6.8049569525537054E-005   1.0573925224131037E-007   2.9957889686717738E-010  -3.8081286171887043E-004
 dijxc
  -3.2252849711052745E-002 -0.15118749385641597        10.471589033440747       -1.6518249126473770E-004   2.2101700441280060E-003  -3.8397313138573987E-004  -6.8146132658374203E-007   9.1805422904094959E-006  -1.4049401328918177E-008  -3.8105712609834701E-004   5.0958029708473336E-006  -6.8089508437453724E-005   1.0578316703227623E-007   2.9986653365086309E-010  -3.8086087726940166E-004
 dijxc
  -3.2252279105715771E-002 -0.15119334314749378        10.471628654683236       -1.6516576691375697E-004   2.2099426621136060E-003  -3.8387658691120432E-004  -6.8141433737728295E-007   9.1799160781886987E-006  -1.4047679406329943E-008  -3.8096122697493502E-004   5.0910800118739549E-006  -6.8026860193755082E-005   1.0568633863525502E-007   2.9945632501145757E-010  -3.8076486790613717E-004
 dijxc
  -3.2252563579906607E-002 -0.15119042386051934        10.471608890579152       -1.6517386484627005E-004   2.2100527011139591E-003  -3.8392472728437260E-004  -6.8143200036341079E-007   9.1801510865849597E-006  -1.4048412288121958E-008  -3.8100905400413458E-004   5.0914403981555122E-006  -6.8031098183200773E-005   1.0567958166291210E-007   2.9950906130148224E-010  -3.8081274424161117E-004
 dijxc
  -3.2252563565702774E-002 -0.15119040773096845        10.471608821078457       -1.6517413573338265E-004   2.2100563837412377E-003  -3.8392464901143672E-004  -6.8144888426692574E-007   9.1803724876294624E-006  -1.4048778103695569E-008  -3.8100893315655437E-004   4.9598447260239551E-006  -6.6292170888391269E-005   1.0329080382068754E-007   2.8818519194786532E-010  -3.8081246392094941E-004
 dijxc
  -3.2252847994421095E-002 -0.15118748560660636        10.471589066466464       -1.6518246656890259E-004   2.2101695625415599E-003  -3.8397239400944996E-004  -6.8147134221131479E-007   9.1806713403916831E-006  -1.4049622312455541E-008  -3.8105635520520960E-004   4.9600013712995083E-006  -6.6294297115371110E-005   1.0329613261206342E-007   2.8820204860426313E-010  -3.8085993787559435E-004
 dijxc
  -3.2252278802462245E-002 -0.15119332656875520        10.471628601888179       -1.6516580515338791E-004   2.2099432102359973E-003  -3.8387628809217111E-004  -6.8142641928313639E-007   9.1800735491798082E-006  -1.4047933716605439E-008  -3.8096089518317722E-004   4.9596886513188466E-006  -6.6290052268164925E-005   1.0328548597006941E-007   2.8816836676835680E-010  -3.8076437404663841E-004
 dijxc
  -3.2252563829226158E-002 -0.15119040488991153        10.471608805794091       -1.6517412989346610E-004   2.2100563676290849E-003  -3.8392460852422722E-004  -6.8144896040305924E-007   9.1803737521762403E-006  -1.4048775427792015E-008  -3.8100889361032935E-004   4.9598522717397002E-006  -6.6292273264081564E-005   1.0329093528192881E-007   2.8818580477431446E-010  -3.8081242442486788E-004
 dijxc
  -3.2252563416463875E-002 -0.15119042477295400        10.471608897435942       -1.6517384292445307E-004   2.2100523871363513E-003  -3.8392468748947074E-004  -6.8143157895826917E-007   9.1801454069007079E-006  -1.4048403535510017E-008  -3.8100901474593502E-004   5.0912571344090699E-006  -6.8028566941702060E-005   1.0567515761853722E-007   2.9949420136398414E-010  -3.8081270466228253E-004
 dijxc
  -3.2252846435235252E-002 -0.15118751218038459        10.471589214815170       -1.6518190816232415E-004   2.2101617734142606E-003  -3.8397226837102961E-004  -6.8144752149575214E-007   9.1803564807680682E-006  -1.4049113802900809E-008  -3.8105628029913607E-004   5.0878151508829250E-006  -6.7982479276608188E-005   1.0559405985556221E-007   2.9922226895549118E-010  -3.8086001403270188E-004
 dijxc
  -3.2252275940597069E-002 -0.15119336296365693        10.471628825205778       -1.6516531064795454E-004   2.2099360838523517E-003  -3.8387591793011570E-004  -6.8140286494433074E-007   9.1797613082331581E-006  -1.4047447375353142E-008  -3.8096057084329598E-004   5.0862000354444779E-006  -6.7961366944056868E-005   1.0556071536496208E-007   2.9907489589467909E-010  -3.8076419896448466E-004
 dijxc
  -3.2252558701230165E-002 -0.15119045330671615        10.471609166052898       -1.6517356978691653E-004   2.2100479873775232E-003  -3.8392346982391945E-004  -6.8142168884810196E-007   9.1800102831022169E-006  -1.4048233622262016E-008  -3.8100779942408676E-004   5.0850746229622450E-006  -6.7946697823634546E-005   1.0552987676670158E-007   2.9899583226024040E-010  -3.8081147507750370E-004
 dijxc
  -3.2252563521695803E-002 -0.15119040662747890        10.471608830174825       -1.6517413511691150E-004   2.2100563771189135E-003  -3.8392448432220095E-004  -6.8144887704907455E-007   9.1803723993910486E-006  -1.4048777823193096E-008  -3.8100876851224512E-004   4.9598453404789853E-006  -6.6292179066135449E-005   1.0329081489807834E-007   2.8818522684779942E-010  -3.8081229927933093E-004
