 dijxc
  -9.4884299674962234E-003   9.7092479248193073E-002 -0.75870763662802154        1.7611251253382788E-004  -2.3186640928902617E-003  -1.3470757150445308E-003  -7.2648555656069427E-007   9.6273993276625383E-006   1.4165444859059554E-008  -1.3441348574422930E-003   5.2876828278377154E-006  -6.9545011604590606E-005  -1.0417075426415564E-007   2.9032843604828328E-010  -1.3439367006930199E-003
  -9.4884299674962234E-003   9.7092479248193073E-002 -0.75870763662802154        1.7611251253382788E-004  -2.3186640928902617E-003  -1.3470757150445308E-003  -7.2648555656069427E-007   9.6273993276625383E-006   1.4165444859059554E-008  -1.3441348574422930E-003   5.2876828278377154E-006  -6.9545011604590606E-005  -1.0417075426415564E-007   2.9032843604828328E-010  -1.3439367006930199E-003
 dijxc
  -9.4884299674962234E-003   9.7092479248193073E-002 -0.75870763662802154        1.7611251253382788E-004  -2.3186640928902617E-003  -1.3470757150445308E-003  -7.2648555656069427E-007   9.6273993276625383E-006   1.4165444859059554E-008  -1.3441348574422930E-003   5.2876828278377154E-006  -6.9545011604590606E-005  -1.0417075426415564E-007   2.9032843604828328E-010  -1.3439367006930199E-003
  -9.4884299674962234E-003   9.7092479248193073E-002 -0.75870763662802154        1.7611251253382788E-004  -2.3186640928902617E-003  -1.3470757150445308E-003  -7.2648555656069427E-007   9.6273993276625383E-006   1.4165444859059554E-008  -1.3441348574422930E-003   5.2876828278377154E-006  -6.9545011604590606E-005  -1.0417075426415564E-007   2.9032843604828328E-010  -1.3439367006930199E-003
 dijxc
  -9.4887690721238548E-003   9.7095957998191235E-002 -0.75873477474566464        1.7612229348594439E-004  -2.3187916984003121E-003  -1.3471235554991445E-003  -7.2651319695298286E-007   9.6277497112058017E-006   1.4166305003880730E-008  -1.3441823703272569E-003   5.2878765080907542E-006  -6.9547505330576405E-005  -1.0417618877651937E-007   2.9034559955637433E-010  -1.3439842658061908E-003
  -9.4887690721238548E-003   9.7095957998191235E-002 -0.75873477474566464        1.7612229348594439E-004  -2.3187916984003121E-003  -1.3471235554991445E-003  -7.2651319695298286E-007   9.6277497112058017E-006   1.4166305003880730E-008  -1.3441823703272569E-003   5.2878765080907542E-006  -6.9547505330576405E-005  -1.0417618877651937E-007   2.9034559955637433E-010  -1.3439842658061908E-003
 dijxc
  -9.4880908927871040E-003   9.7089001802794311E-002 -0.75868049123315706        1.7610273259346373E-004  -2.3185365006794276E-003  -1.3470277539556804E-003  -7.2645791879891700E-007   9.6270489780321414E-006   1.4164584823349451E-008  -1.3440872238807010E-003   5.2874891636983231E-006  -6.9542518095396872E-005  -1.0416532052024240E-007   2.9031127395813686E-010  -1.3438890149063138E-003
  -9.4880908927871040E-003   9.7089001802794311E-002 -0.75868049123315706        1.7610273259346373E-004  -2.3185365006794276E-003  -1.3470277539556804E-003  -7.2645791879891700E-007   9.6270489780321414E-006   1.4164584823349451E-008  -1.3440872238807010E-003   5.2874891636983231E-006  -6.9542518095396872E-005  -1.0416532052024240E-007   2.9031127395813686E-010  -1.3438890149063138E-003
 dijxc
  -9.4884304040521710E-003   9.7092482318157980E-002 -0.75870765794335193        1.7611250803278538E-004  -2.3186640887540746E-003  -1.3470757827027510E-003  -7.2648565102934005E-007   9.6274007863576330E-006   1.4165442519485732E-008  -1.3441349259935885E-003   5.2876902571211019E-006  -6.9545110712636391E-005  -1.0417087620634502E-007   2.9032901966391310E-010  -1.3439367692912546E-003
  -9.4884304040521710E-003   9.7092482318157980E-002 -0.75870765794335193        1.7611250803278538E-004  -2.3186640887540746E-003  -1.3470757827027510E-003  -7.2648565102934005E-007   9.6274007863576330E-006   1.4165442519485732E-008  -1.3441349259935885E-003   5.2876902571211019E-006  -6.9545110712636391E-005  -1.0417087620634502E-007   2.9032901966391310E-010  -1.3439367692912546E-003
 dijxc
  -9.4884300099598428E-003   9.7092480499929426E-002 -0.75870763409006081        1.7611249534142204E-004  -2.3186638687893949E-003  -1.3470756000310321E-003  -7.2648553493903871E-007   9.6273990277245345E-006   1.4165441209033188E-008  -1.3441347433619363E-003   5.2876857960642719E-006  -6.9545069957337191E-005  -1.0417081107064757E-007   2.9032622141430869E-010  -1.3439365975555816E-003
  -9.4884300099598428E-003   9.7092480499929426E-002 -0.75870763409006081        1.7611249534142204E-004  -2.3186638687893949E-003  -1.3470756000310321E-003  -7.2648553493903871E-007   9.6273990277245345E-006   1.4165441209033188E-008  -1.3441347433619363E-003   5.2876857960642719E-006  -6.9545069957337191E-005  -1.0417081107064757E-007   2.9032622141430869E-010  -1.3439365975555816E-003
 dijxc
  -9.4887638719987084E-003   9.7095920579126027E-002 -0.75873444546574764        1.7612207602566368E-004  -2.3187881787523055E-003  -1.3471226366869344E-003  -7.2650238336801762E-007   9.6276048623428764E-006   1.4166133923406830E-008  -1.3441814498655372E-003   5.2840997414000390E-006  -6.9497795971979858E-005  -1.0408985632015696E-007   2.9002842433772451E-010  -1.3439833478136726E-003
  -9.4887638719987084E-003   9.7095920579126027E-002 -0.75873444546574764        1.7612207602566368E-004  -2.3187881787523055E-003  -1.3471226366869344E-003  -7.2650238336801762E-007   9.6276048623428764E-006   1.4166133923406830E-008  -1.3441814498655372E-003   5.2840997414000390E-006  -6.9497795971979858E-005  -1.0408985632015696E-007   2.9002842433772451E-010  -1.3439833478136726E-003
 dijxc
  -9.4880855019746808E-003   9.7088965914456427E-002 -0.75868014848286891        1.7610251619740326E-004  -2.3185329953053883E-003  -1.3470265183777911E-003  -7.2644714369761904E-007   9.6269046413824365E-006   1.4164414471779921E-008  -1.3440859866481751E-003   5.2837682504445398E-006  -6.9493540002076848E-005  -1.0408012396695746E-007   2.8999872641875582E-010  -1.3438877805902138E-003
  -9.4880855019746808E-003   9.7088965914456427E-002 -0.75868014848286891        1.7610251619740326E-004  -2.3185329953053883E-003  -1.3470265183777911E-003  -7.2644714369761904E-007   9.6269046413824365E-006   1.4164414471779921E-008  -1.3440859866481751E-003   5.2837682504445398E-006  -6.9493540002076848E-005  -1.0408012396695746E-007   2.8999872641875582E-010  -1.3438877805902138E-003
 dijxc
  -9.4884208028460371E-003   9.7092415807245605E-002 -0.75870704819629931        1.7611220437129828E-004  -2.3186588929993515E-003  -1.3470738048001610E-003  -7.2646745806930896E-007   9.6271567593344843E-006   1.4165166444695794E-008  -1.3441329424839245E-003   5.2851396185431590E-006  -6.9511119113840664E-005  -1.0409289662889319E-007   2.9010270260571441E-010  -1.3439347872246739E-003
  -9.4884208028460371E-003   9.7092415807245605E-002 -0.75870704819629931        1.7611220437129828E-004  -2.3186588929993515E-003  -1.3470738048001610E-003  -7.2646745806930896E-007   9.6271567593344843E-006   1.4165166444695794E-008  -1.3441329424839245E-003   5.2851396185431590E-006  -6.9511119113840664E-005  -1.0409289662889319E-007   2.9010270260571441E-010  -1.3439347872246739E-003
 dijxc
  -9.4884299561170497E-003   9.7092479511749916E-002 -0.75870763467443270        1.7611251252483789E-004  -2.3186640926369808E-003  -1.3470756780223630E-003  -7.2648555780907165E-007   9.6273993430781585E-006   1.4165444889879936E-008  -1.3441348204186988E-003   5.2876828202395148E-006  -6.9545011501236242E-005  -1.0417075416580561E-007   2.9032843533616447E-010  -1.3439366636692274E-003
  -9.4884299561170497E-003   9.7092479511749916E-002 -0.75870763467443270        1.7611251252483789E-004  -2.3186640926369808E-003  -1.3470756780223630E-003  -7.2648555780907165E-007   9.6273993430781585E-006   1.4165444889879936E-008  -1.3441348204186988E-003   5.2876828202395148E-006  -6.9545011501236242E-005  -1.0417075416580561E-007   2.9032843533616447E-010  -1.3439366636692274E-003
 dijxc
  -9.4887692391400075E-003   9.7095957070453986E-002 -0.75873477886105245        1.7612229333588601E-004  -2.3187916943053699E-003  -1.3471237644251083E-003  -7.2651319252921162E-007   9.6277496438818476E-006   1.4166305062501558E-008  -1.3441825792309414E-003   5.2878761654651817E-006  -6.9547500785166661E-005  -1.0417618317846941E-007   2.9034556991575900E-010  -1.3439844747058960E-003
  -9.4887692391400075E-003   9.7095957070453986E-002 -0.75873477886105245        1.7612229333588601E-004  -2.3187916943053699E-003  -1.3471237644251083E-003  -7.2651319252921162E-007   9.6277496438818476E-006   1.4166305062501558E-008  -1.3441825792309414E-003   5.2878761654651817E-006  -6.9547500785166661E-005  -1.0417618317846941E-007   2.9034556991575900E-010  -1.3439844747058960E-003
 dijxc
  -9.4880906144804676E-003   9.7089003256930387E-002 -0.75868047656430959        1.7610273244455802E-004  -2.3185364967221638E-003  -1.3470273849640331E-003  -7.2645791441672513E-007   9.6270489117829299E-006   1.4164584874811417E-008  -1.3440868548682695E-003   5.2874888239359574E-006  -6.9542513591235763E-005  -1.0416531492490390E-007   2.9031124464207607E-010  -1.3438886458900291E-003
  -9.4880906144804676E-003   9.7089003256930387E-002 -0.75868047656430959        1.7610273244455802E-004  -2.3185364967221638E-003  -1.3470273849640331E-003  -7.2645791441672513E-007   9.6270489117829299E-006   1.4164584874811417E-008  -1.3440868548682695E-003   5.2874888239359574E-006  -6.9542513591235763E-005  -1.0416531492490390E-007   2.9031124464207607E-010  -1.3438886458900291E-003
 dijxc
  -9.4884303589779818E-003   9.7092482175663644E-002 -0.75870765600432477        1.7611250784687122E-004  -2.3186640830964366E-003  -1.3470757595778738E-003  -7.2648564371678010E-007   9.6274006765208345E-006   1.4165442609864885E-008  -1.3441349028313506E-003   5.2876896705223519E-006  -6.9545102944590053E-005  -1.0417086655128522E-007   2.9032897012208931E-010  -1.3439367461227205E-003
  -9.4884303589779818E-003   9.7092482175663644E-002 -0.75870765600432477        1.7611250784687122E-004  -2.3186640830964366E-003  -1.3470757595778738E-003  -7.2648564371678010E-007   9.6274006765208345E-006   1.4165442609864885E-008  -1.3441349028313506E-003   5.2876896705223519E-006  -6.9545102944590053E-005  -1.0417086655128522E-007   2.9032897012208931E-010  -1.3439367461227205E-003
 dijxc
  -9.4884201847027314E-003   9.7092409919268263E-002 -0.75870700678583081        1.7611217198634246E-004  -2.3186583728125455E-003  -1.3470738316781166E-003  -7.2646627069267939E-007   9.6271407717374230E-006   1.4165148807462002E-008  -1.3441329689230785E-003   5.2835249670787003E-006  -6.9489995760875378E-005  -1.0406244016580022E-007   2.8997189334864568E-010  -1.3439348114212557E-003
  -9.4884201847027314E-003   9.7092409919268263E-002 -0.75870700678583081        1.7611217198634246E-004  -2.3186583728125455E-003  -1.3470738316781166E-003  -7.2646627069267939E-007   9.6271407717374230E-006   1.4165148807462002E-008  -1.3441329689230785E-003   5.2835249670787003E-006  -6.9489995760875378E-005  -1.0406244016580022E-007   2.8997189334864568E-010  -1.3439348114212557E-003
 dijxc
  -9.4887550811527908E-003   9.7095858616980876E-002 -0.75873387362727862        1.7612186242508125E-004  -2.3187842441507989E-003  -1.3471208559612711E-003  -7.2648644359071083E-007   9.6273908345951913E-006   1.4165902110526417E-008  -1.3441796618208898E-003   5.2848252743396862E-006  -6.9506645452469638E-005  -1.0407419443724915E-007   2.9007038103401857E-010  -1.3439815553023405E-003
  -9.4887550811527908E-003   9.7095858616980876E-002 -0.75873387362727862        1.7612186242508125E-004  -2.3187842441507989E-003  -1.3471208559612711E-003  -7.2648644359071083E-007   9.6273908345951913E-006   1.4165902110526417E-008  -1.3441796618208898E-003   5.2848252743396862E-006  -6.9506645452469638E-005  -1.0407419443724915E-007   2.9007038103401857E-010  -1.3439815553023405E-003
 dijxc
  -9.4880775095184701E-003   9.7088909938224541E-002 -0.75867963766051894        1.7610239486351030E-004  -2.3185303845305039E-003  -1.3470248495405005E-003  -7.2643406528115327E-007   9.6267286908962186E-006   1.4164234135101691E-008  -1.3440843095703274E-003   5.2887489977353792E-006  -6.9558038904045635E-005  -1.0414472625259336E-007   2.9038562423525572E-010  -1.3438861046217755E-003
  -9.4880775095184701E-003   9.7088909938224541E-002 -0.75867963766051894        1.7610239486351030E-004  -2.3185303845305039E-003  -1.3470248495405005E-003  -7.2643406528115327E-007   9.6267286908962186E-006   1.4164234135101691E-008  -1.3440843095703274E-003   5.2887489977353792E-006  -6.9558038904045635E-005  -1.0414472625259336E-007   2.9038562423525572E-010  -1.3438861046217755E-003
 dijxc
  -9.4884147342861914E-003   9.7092372348694445E-002 -0.75870665216446886        1.7611223931185180E-004  -2.3186585480489946E-003  -1.3470725082735343E-003  -7.2645938993876652E-007   9.6270476074279311E-006   1.4165074502441922E-008  -1.3441316366123350E-003   5.2976122459375547E-006  -6.9673583497879512E-005  -1.0429919636070105E-007   2.9109769222981667E-010  -1.3439334928845269E-003
  -9.4884147342861914E-003   9.7092372348694445E-002 -0.75870665216446886        1.7611223931185180E-004  -2.3186585480489946E-003  -1.3470725082735343E-003  -7.2645938993876652E-007   9.6270476074279311E-006   1.4165074502441922E-008  -1.3441316366123350E-003   5.2976122459375547E-006  -6.9673583497879512E-005  -1.0429919636070105E-007   2.9109769222981667E-010  -1.3439334928845269E-003
 dijxc
  -9.4884299545874209E-003   9.7092479238288051E-002 -0.75870763152648291        1.7611251227848826E-004  -2.3186640860206327E-003  -1.3470756884563062E-003  -7.2648554955912914E-007   9.6273992202783541E-006   1.4165444975154048E-008  -1.3441348308145312E-003   5.2876822087066703E-006  -6.9545003402211102E-005  -1.0417074411371216E-007   2.9032838334344826E-010  -1.3439366740583051E-003
  -9.4884299545874209E-003   9.7092479238288051E-002 -0.75870763152648291        1.7611251227848826E-004  -2.3186640860206327E-003  -1.3470756884563062E-003  -7.2648554955912914E-007   9.6273992202783541E-006   1.4165444975154048E-008  -1.3441348308145312E-003   5.2876822087066703E-006  -6.9545003402211102E-005  -1.0417074411371216E-007   2.9032838334344826E-010  -1.3439366740583051E-003
 dijxc
  -9.4887690864492082E-003   9.7095956720740617E-002 -0.75873477649453636        1.7612229306996865E-004  -2.3187916854049344E-003  -1.3471236875381533E-003  -7.2651318147294139E-007   9.6277494757740714E-006   1.4166305209449664E-008  -1.3441825022849003E-003   5.2878753164351569E-006  -6.9547489521225777E-005  -1.0417616940694153E-007   2.9034549900684441E-010  -1.3439843977502573E-003
  -9.4887690864492082E-003   9.7095956720740617E-002 -0.75873477649453636        1.7612229306996865E-004  -2.3187916854049344E-003  -1.3471236875381533E-003  -7.2651318147294139E-007   9.6277494757740714E-006   1.4166305209449664E-008  -1.3441825022849003E-003   5.2878753164351569E-006  -6.9547489521225777E-005  -1.0417616940694153E-007   2.9034549900684441E-010  -1.3439843977502573E-003
 dijxc
  -9.4880906648091672E-003   9.7089002391660711E-002 -0.75868047847396070        1.7610273225875800E-004  -2.3185364894924075E-003  -1.3470275056841651E-003  -7.2645790573716931E-007   9.6270487773972107E-006   1.4164585028854331E-008  -1.3440869755338991E-003   5.2874880578642141E-006  -6.9542503432280204E-005  -1.0416530250572010E-007   2.9031118169669368E-010  -1.3438887665471902E-003
  -9.4880906648091672E-003   9.7089002391660711E-002 -0.75868047847396070        1.7610273225875800E-004  -2.3185364894924075E-003  -1.3470275056841651E-003  -7.2645790573716931E-007   9.6270487773972107E-006   1.4164585028854331E-008  -1.3440869755338991E-003   5.2874880578642141E-006  -6.9542503432280204E-005  -1.0416530250572010E-007   2.9031118169669368E-010  -1.3438887665471902E-003
 dijxc
  -9.4884302730091890E-003   9.7092481850070383E-002 -0.75870765266653983        1.7611250773887584E-004  -2.3186640764965350E-003  -1.3470757206039637E-003  -7.2648563618130088E-007   9.6274005554362058E-006   1.4165442816262606E-008  -1.3441348637946442E-003   5.2876888183991119E-006  -6.9545091652955230E-005  -1.0417085276207949E-007   2.9032890205631784E-010  -1.3439367070769283E-003
  -9.4884302730091890E-003   9.7092481850070383E-002 -0.75870765266653983        1.7611250773887584E-004  -2.3186640764965350E-003  -1.3470757206039637E-003  -7.2648563618130088E-007   9.6274005554362058E-006   1.4165442816262606E-008  -1.3441348637946442E-003   5.2876888183991119E-006  -6.9545091652955230E-005  -1.0417085276207949E-007   2.9032890205631784E-010  -1.3439367070769283E-003
 dijxc
  -9.4884139599344421E-003   9.7092368065960472E-002 -0.75870659929897211        1.7611220921299258E-004  -2.3186580587085193E-003  -1.3470722436547589E-003  -7.2645826212986365E-007   9.6270324089949157E-006   1.4165058100959429E-008  -1.3441313715030275E-003   5.2960789243286414E-006  -6.9653527533616066E-005  -1.0427034937568531E-007   2.9097347323390136E-010  -1.3439332257412170E-003
  -9.4884139599344421E-003   9.7092368065960472E-002 -0.75870659929897211        1.7611220921299258E-004  -2.3186580587085193E-003  -1.3470722436547589E-003  -7.2645826212986365E-007   9.6270324089949157E-006   1.4165058100959429E-008  -1.3441313715030275E-003   5.2960789243286414E-006  -6.9653527533616066E-005  -1.0427034937568531E-007   2.9097347323390136E-010  -1.3439332257412170E-003
 dijxc
  -9.4887519091712280E-003   9.7095832412551653E-002 -0.75873365995365405        1.7612212492466010E-004  -2.3187872033044394E-003  -1.3471203207348723E-003  -7.2648570137058206E-007   9.6273793627883884E-006   1.4165939173463351E-008  -1.3441791156979348E-003   5.3082527333064379E-006  -6.9812352783981934E-005  -1.0448758990587369E-007   2.9195456853839031E-010  -1.3439810358586636E-003
  -9.4887519091712280E-003   9.7095832412551653E-002 -0.75873365995365405        1.7612212492466010E-004  -2.3187872033044394E-003  -1.3471203207348723E-003  -7.2648570137058206E-007   9.6273793627883884E-006   1.4165939173463351E-008  -1.3441791156979348E-003   5.3082527333064379E-006  -6.9812352783981934E-005  -1.0448758990587369E-007   2.9195456853839031E-010  -1.3439810358586636E-003
 dijxc
  -9.4880749179675743E-003   9.7088886523776202E-002 -0.75867944941175192        1.7610266519586275E-004  -2.3185335134531257E-003  -1.3470244866403695E-003  -7.2643398614958494E-007   9.6267262277379758E-006   1.4164279300484819E-008  -1.3440839365912879E-003   5.3133374565651666E-006  -6.9878871344922807E-005  -1.0457947905270135E-007   2.9236481176284652E-010  -1.3438857596531819E-003
  -9.4880749179675743E-003   9.7088886523776202E-002 -0.75867944941175192        1.7610266519586275E-004  -2.3185335134531257E-003  -1.3470244866403695E-003  -7.2643398614958494E-007   9.6267262277379758E-006   1.4164279300484819E-008  -1.3440839365912879E-003   5.3133374565651666E-006  -6.9878871344922807E-005  -1.0457947905270135E-007   2.9236481176284652E-010  -1.3438857596531819E-003
 dijxc
  -9.4884147585782702E-003   9.7092366580819267E-002 -0.75870662972133163        1.7611263834929969E-004  -2.3186636863642548E-003  -1.3470726599510703E-003  -7.2646448587706511E-007   9.6271146025942410E-006   1.4165201650909550E-008  -1.3441317796051239E-003   5.3302812994432045E-006  -7.0099942990491148E-005  -1.0488571959191122E-007   2.9373517100517613E-010  -1.3439336748888764E-003
  -9.4884147585782702E-003   9.7092366580819267E-002 -0.75870662972133163        1.7611263834929969E-004  -2.3186636863642548E-003  -1.3470726599510703E-003  -7.2646448587706511E-007   9.6271146025942410E-006   1.4165201650909550E-008  -1.3441317796051239E-003   5.3302812994432045E-006  -7.0099942990491148E-005  -1.0488571959191122E-007   2.9373517100517613E-010  -1.3439336748888764E-003
 dijxc
  -9.4884297956592915E-003   9.7092479999127443E-002 -0.75870761831119893        1.7611251213513698E-004  -2.3186640790291316E-003  -1.3470754651362135E-003  -7.2648554112472000E-007   9.6273990877307710E-006   1.4165445169271158E-008  -1.3441346074318677E-003   5.2876813267533719E-006  -6.9544991721920700E-005  -1.0417072977503186E-007   2.9032831231767740E-010  -1.3439364506663176E-003
  -9.4884297956592915E-003   9.7092479999127443E-002 -0.75870761831119893        1.7611251213513698E-004  -2.3186640790291316E-003  -1.3470754651362135E-003  -7.2648554112472000E-007   9.6273990877307710E-006   1.4165445169271158E-008  -1.3441346074318677E-003   5.2876813267533719E-006  -6.9544991721920700E-005  -1.0417072977503186E-007   2.9032831231767740E-010  -1.3439364506663176E-003
 dijxc
  -9.4887689982760693E-003   9.7095956961498128E-002 -0.75873476643934390        1.7612229307692570E-004  -2.3187916802354870E-003  -1.3471235676751562E-003  -7.2651317598770520E-007   9.6277493812249402E-006   1.4166305468728639E-008  -1.3441823823528373E-003   5.2878744197513829E-006  -6.9547477649391478E-005  -1.0417615494317972E-007   2.9034542967145420E-010  -1.3439842778090237E-003
  -9.4887689982760693E-003   9.7095956961498128E-002 -0.75873476643934390        1.7612229307692570E-004  -2.3187916802354870E-003  -1.3471235676751562E-003  -7.2651317598770520E-007   9.6277493812249402E-006   1.4166305468728639E-008  -1.3441823823528373E-003   5.2878744197513829E-006  -6.9547477649391478E-005  -1.0417615494317972E-007   2.9034542967145420E-010  -1.3439842778090237E-003
 dijxc
  -9.4880906899515120E-003   9.7089001399272581E-002 -0.75868048127646992        1.7610273234703149E-004  -2.3185364859587068E-003  -1.3470276231624251E-003  -7.2645790312077506E-007   9.6270487227965928E-006   1.4164585298422945E-008  -1.3440870929488005E-003   5.2874872820945967E-006  -6.9542493159805520E-005  -1.0416529007191434E-007   2.9031112348399378E-010  -1.3438888839542172E-003
  -9.4880906899515120E-003   9.7089001399272581E-002 -0.75868048127646992        1.7610273234703149E-004  -2.3185364859587068E-003  -1.3470276231624251E-003  -7.2645790312077506E-007   9.6270487227965928E-006   1.4164585298422945E-008  -1.3440870929488005E-003   5.2874872820945967E-006  -6.9542493159805520E-005  -1.0416529007191434E-007   2.9031112348399378E-010  -1.3438888839542172E-003
 dijxc
  -9.4884302070600557E-003   9.7092482096598251E-002 -0.75870764510925670        1.7611250800112207E-004  -2.3186640760060910E-003  -1.3470756255246749E-003  -7.2648563863529890E-007   9.6274005704409134E-006   1.4165443137647260E-008  -1.3441347686548146E-003   5.2876881556785756E-006  -6.9545082886445414E-005  -1.0417084227146261E-007   2.9032885633020919E-010  -1.3439366119307233E-003
  -9.4884302070600557E-003   9.7092482096598251E-002 -0.75870764510925670        1.7611250800112207E-004  -2.3186640760060910E-003  -1.3470756255246749E-003  -7.2648563863529890E-007   9.6274005704409134E-006   1.4165443137647260E-008  -1.3441347686548146E-003   5.2876881556785756E-006  -6.9545082886445414E-005  -1.0417084227146261E-007   2.9032885633020919E-010  -1.3439366119307233E-003
 dijxc
  -9.4884140964845015E-003   9.7092363581177205E-002 -0.75870658508113997        1.7611264080232231E-004  -2.3186636404818974E-003  -1.3470723594606005E-003  -7.2646419791974108E-007   9.6271105028854754E-006   1.4165201925086998E-008  -1.3441314779302016E-003   5.3299183413801839E-006  -7.0095216652435899E-005  -1.0487914506214119E-007   2.9370546308298585E-010  -1.3439333727833531E-003
  -9.4884140964845015E-003   9.7092363581177205E-002 -0.75870658508113997        1.7611264080232231E-004  -2.3186636404818974E-003  -1.3470723594606005E-003  -7.2646419791974108E-007   9.6271105028854754E-006   1.4165201925086998E-008  -1.3441314779302016E-003   5.3299183413801839E-006  -7.0095216652435899E-005  -1.0487914506214119E-007   2.9370546308298585E-010  -1.3439333727833531E-003
 dijxc
  -9.4887551441366746E-003   9.7095848708011495E-002 -0.75873383200362887        1.7612269397960213E-004  -2.3187949655749489E-003  -1.3471210175230194E-003  -7.2649743408968963E-007   9.6275353263968224E-006   1.4166172974392351E-008  -1.3441798051469060E-003   5.3511661468636072E-006  -7.0372507228095866E-005  -1.0526630473912041E-007   2.9542627665813388E-010  -1.3439817781241627E-003
  -9.4887551441366746E-003   9.7095848708011495E-002 -0.75873383200362887        1.7612269397960213E-004  -2.3187949655749489E-003  -1.3471210175230194E-003  -7.2649743408968963E-007   9.6275353263968224E-006   1.4166172974392351E-008  -1.3441798051469060E-003   5.3511661468636072E-006  -7.0372507228095866E-005  -1.0526630473912041E-007   2.9542627665813388E-010  -1.3439817781241627E-003
 dijxc
  -9.4880779172494996E-003   9.7088900918390883E-002 -0.75867960882733387        1.7610314599492987E-004  -2.3185401044866589E-003  -1.3470251979826907E-003  -7.2644376282758070E-007   9.6268564595653630E-006   1.4164471626704189E-008  -1.3440846430029976E-003   5.3535454027109925E-006  -7.0403551084712731E-005  -1.0530635801013718E-007   2.9561893692621400E-010  -1.3438865150804172E-003
  -9.4880779172494996E-003   9.7088900918390883E-002 -0.75867960882733387        1.7610314599492987E-004  -2.3185401044866589E-003  -1.3470251979826907E-003  -7.2644376282758070E-007   9.6268564595653630E-006   1.4164471626704189E-008  -1.3440846430029976E-003   5.3535454027109925E-006  -7.0403551084712731E-005  -1.0530635801013718E-007   2.9561893692621400E-010  -1.3438865150804172E-003
 dijxc
  -9.4884198364858577E-003   9.7092395337826654E-002 -0.75870691874222640        1.7611309431974528E-004  -2.3186702265887409E-003  -1.3470737809890393E-003  -7.2647593605245972E-007   9.6272681172944096E-006   1.4165403330109670E-008  -1.3441329009915442E-003   5.3734552279606198E-006  -7.0663113514501453E-005  -1.0566648065651617E-007   2.9723614916392002E-010  -1.3439348492534373E-003
  -9.4884198364858577E-003   9.7092395337826654E-002 -0.75870691874222640        1.7611309431974528E-004  -2.3186702265887409E-003  -1.3470737809890393E-003  -7.2647593605245972E-007   9.6272681172944096E-006   1.4165403330109670E-008  -1.3441329009915442E-003   5.3734552279606198E-006  -7.0663113514501453E-005  -1.0566648065651617E-007   2.9723614916392002E-010  -1.3439348492534373E-003
 dijxc
  -9.4884298616295121E-003   9.7092478527999432E-002 -0.75870762702821337        1.7611251241052040E-004  -2.3186640785321441E-003  -1.3470756767387665E-003  -7.2648554348567654E-007   9.6273991007778736E-006   1.4165445496241263E-008  -1.3441348189721495E-003   5.2876806516563519E-006  -6.9544982788479298E-005  -1.0417071910492999E-007   2.9032826568265990E-010  -1.3439366622000932E-003
  -9.4884298616295121E-003   9.7092478527999432E-002 -0.75870762702821337        1.7611251241052040E-004  -2.3186640785321441E-003  -1.3470756767387665E-003  -7.2648554348567654E-007   9.6273991007778736E-006   1.4165445496241263E-008  -1.3441348189721495E-003   5.2876806516563519E-006  -6.9544982788479298E-005  -1.0417071910492999E-007   2.9032826568265990E-010  -1.3439366622000932E-003
 dijxc
  -9.4887690492664965E-003   9.7095956645383744E-002 -0.75873476432247766        1.7612229358091188E-004  -2.3187916839677962E-003  -1.3471236237498530E-003  -7.2651318561109078E-007   9.6277494945710115E-006   1.4166305855243835E-008  -1.3441824383725758E-003   5.2878739605144770E-006  -6.9547471581212967E-005  -1.0417614796977031E-007   2.9034540487763263E-010  -1.3439843338247950E-003
  -9.4887690492664965E-003   9.7095956645383744E-002 -0.75873476432247766        1.7612229358091188E-004  -2.3187916839677962E-003  -1.3471236237498530E-003  -7.2651318561109078E-007   9.6277494945710115E-006   1.4166305855243835E-008  -1.3441824383725758E-003   5.2878739605144770E-006  -6.9547471581212967E-005  -1.0417614796977031E-007   2.9034540487763263E-010  -1.3439843338247950E-003
 dijxc
  -9.4880906609670548E-003   9.7089001390941593E-002 -0.75868047865373611        1.7610273284907532E-004  -2.3185364902320554E-003  -1.3470275949120395E-003  -7.2645791380481318E-007   9.6270488523859845E-006   1.4164585671226182E-008  -1.3440870646498706E-003   5.2874869096719678E-006  -6.9542488241575349E-005  -1.0416528450222233E-007   2.9031110574122141E-010  -1.3438888556521326E-003
  -9.4880906609670548E-003   9.7089001390941593E-002 -0.75868047865373611        1.7610273284907532E-004  -2.3185364902320554E-003  -1.3470275949120395E-003  -7.2645791380481318E-007   9.6270488523859845E-006   1.4164585671226182E-008  -1.3440870646498706E-003   5.2874869096719678E-006  -6.9542488241575349E-005  -1.0416528450222233E-007   2.9031110574122141E-010  -1.3438888556521326E-003
 dijxc
  -9.4884303091363007E-003   9.7092480834161096E-002 -0.75870765362361570        1.7611250860990573E-004  -2.3186640830069349E-003  -1.3470758397726513E-003  -7.2648565524107606E-007   9.6274007831724469E-006   1.4165443535150296E-008  -1.3441349828670342E-003   5.2876880333218373E-006  -6.9545081278987134E-005  -1.0417084092671478E-007   2.9032886176046369E-010  -1.3439368261421903E-003
  -9.4884303091363007E-003   9.7092480834161096E-002 -0.75870765362361570        1.7611250860990573E-004  -2.3186640830069349E-003  -1.3470758397726513E-003  -7.2648565524107606E-007   9.6274007831724469E-006   1.4165443535150296E-008  -1.3441349828670342E-003   5.2876880333218373E-006  -6.9545081278987134E-005  -1.0417084092671478E-007   2.9032886176046369E-010  -1.3439368261421903E-003
 dijxc
  -9.4884195848243483E-003   9.7092392857165991E-002 -0.75870690021470444        1.7611313235320024E-004  -2.3186706756070049E-003  -1.3470737725315915E-003  -7.2647660492885611E-007   9.6272766997875039E-006   1.4165421807988254E-008  -1.3441328907311887E-003   5.3744952471210370E-006  -7.0676747973621204E-005  -1.0568641223282652E-007   2.9731983350622007E-010  -1.3439348404237629E-003
  -9.4884195848243483E-003   9.7092392857165991E-002 -0.75870690021470444        1.7611313235320024E-004  -2.3186706756070049E-003  -1.3470737725315915E-003  -7.2647660492885611E-007   9.6272766997875039E-006   1.4165421807988254E-008  -1.3441328907311887E-003   5.3744952471210370E-006  -7.0676747973621204E-005  -1.0568641223282652E-007   2.9731983350622007E-010  -1.3439348404237629E-003
 dijxc
  -9.4887624369502013E-003   9.7095891387353389E-002 -0.75873426390944387        1.7612309846943989E-004  -2.3188011183915653E-003  -1.3471227383117126E-003  -7.2651010671850658E-007   9.6277062391084232E-006   1.4166372722217102E-008  -1.3441815325410027E-003   5.3966305538123024E-006  -7.0965278638249147E-005  -1.0608740078020981E-007   2.9912036445645163E-010  -1.3439835613901388E-003
  -9.4887624369502013E-003   9.7095891387353389E-002 -0.75873426390944387        1.7612309846943989E-004  -2.3188011183915653E-003  -1.3471227383117126E-003  -7.2651010671850658E-007   9.6277062391084232E-006   1.4166372722217102E-008  -1.3441815325410027E-003   5.3966305538123024E-006  -7.0965278638249147E-005  -1.0608740078020981E-007   2.9912036445645163E-010  -1.3439835613901388E-003
 dijxc
  -9.4880841336586787E-003   9.7088938570011912E-002 -0.75867998085361810        1.7610343679836933E-004  -2.3185446686917010E-003  -1.3470265375523920E-003  -7.2645346277144744E-007   9.6269879226335200E-006   1.4164615211261748E-008  -1.3440859910817805E-003   5.3944356630989468E-006  -7.0936473877123048E-005  -1.0604101784301962E-007   2.9894366699586346E-010  -1.3438879128106365E-003
  -9.4880841336586787E-003   9.7088938570011912E-002 -0.75867998085361810        1.7610343679836933E-004  -2.3185446686917010E-003  -1.3470265375523920E-003  -7.2645346277144744E-007   9.6269879226335200E-006   1.4164615211261748E-008  -1.3440859910817805E-003   5.3944356630989468E-006  -7.0936473877123048E-005  -1.0604101784301962E-007   2.9894366699586346E-010  -1.3438879128106365E-003
 dijxc
  -9.4884265768603489E-003   9.7092437117297120E-002 -0.75870732889315273        1.7611320708820247E-004  -2.3186725443062762E-003  -1.3470752671552351E-003  -7.2648299807570071E-007   9.6273654065541133E-006   1.4165478662272284E-008  -1.3441344026429026E-003   5.4101913573271082E-006  -7.1141425004423719E-005  -1.0632056930538882E-007   3.0023235820120526E-010  -1.3439363948356321E-003
  -9.4884265768603489E-003   9.7092437117297120E-002 -0.75870732889315273        1.7611320708820247E-004  -2.3186725443062762E-003  -1.3470752671552351E-003  -7.2648299807570071E-007   9.6273654065541133E-006   1.4165478662272284E-008  -1.3441344026429026E-003   5.4101913573271082E-006  -7.1141425004423719E-005  -1.0632056930538882E-007   3.0023235820120526E-010  -1.3439363948356321E-003
 dijxc
  -9.4884298939206836E-003   9.7092478367336407E-002 -0.75870762429984195        1.7611251307620909E-004  -2.3186640859755559E-003  -1.3470757005260450E-003  -7.2648556086238677E-007   9.6273993223388871E-006   1.4165445914139828E-008  -1.3441348427209081E-003   5.2876805409779863E-006  -6.9544981325701360E-005  -1.0417071804409080E-007   2.9032827273133897E-010  -1.3439366859481579E-003
  -9.4884298939206836E-003   9.7092478367336407E-002 -0.75870762429984195        1.7611251307620909E-004  -2.3186640859755559E-003  -1.3470757005260450E-003  -7.2648556086238677E-007   9.6273993223388871E-006   1.4165445914139828E-008  -1.3441348427209081E-003   5.2876805409779863E-006  -6.9544981325701360E-005  -1.0417071804409080E-007   2.9032827273133897E-010  -1.3439366859481579E-003
 dijxc
  -9.4887691145171867E-003   9.7095955695525968E-002 -0.75873477414264701        1.7612229434589316E-004  -2.3187916947136514E-003  -1.3471237914588275E-003  -7.2651320980217864E-007   9.6277498137632363E-006   1.4166306277573957E-008  -1.3441826060630437E-003   5.2878741729115901E-006  -6.9547474402019109E-005  -1.0417615225184774E-007   2.9034544087993425E-010  -1.3439845015178079E-003
  -9.4887691145171867E-003   9.7095955695525968E-002 -0.75873477414264701        1.7612229434589316E-004  -2.3187916947136514E-003  -1.3471237914588275E-003  -7.2651320980217864E-007   9.6277498137632363E-006   1.4166306277573957E-008  -1.3441826060630437E-003   5.2878741729115901E-006  -6.9547474402019109E-005  -1.0417615225184774E-007   2.9034544087993425E-010  -1.3439845015178079E-003
 dijxc
  -9.4880907091239482E-003   9.7089001074540493E-002 -0.75868047893428103        1.7610273349884695E-004  -2.3185364995217759E-003  -1.3470276513279308E-003  -7.2645793657500550E-007   9.6270491531769844E-006   1.4164586066302710E-008  -1.3440871210506063E-003   5.2874871309322465E-006  -6.9542491175650763E-005  -1.0416528889663446E-007   2.9031114122868376E-010  -1.3438889120551388E-003
  -9.4880907091239482E-003   9.7089001074540493E-002 -0.75868047893428103        1.7610273349884695E-004  -2.3185364995217759E-003  -1.3470276513279308E-003  -7.2645793657500550E-007   9.6270491531769844E-006   1.4164586066302710E-008  -1.3440871210506063E-003   5.2874871309322465E-006  -6.9542491175650763E-005  -1.0416528889663446E-007   2.9031114122868376E-010  -1.3438889120551388E-003
 dijxc
  -9.4884302615730279E-003   9.7092481291078434E-002 -0.75870765112172567        1.7611250923741124E-004  -2.3186640922617107E-003  -1.3470757574402248E-003  -7.2648568146740717E-007   9.6274011302923475E-006   1.4165443943465781E-008  -1.3441349005293695E-003   5.2876884952547304E-006  -6.9545087361110830E-005  -1.0417084953239007E-007   2.9032891800890396E-010  -1.3439367438081587E-003
  -9.4884302615730279E-003   9.7092481291078434E-002 -0.75870765112172567        1.7611250923741124E-004  -2.3186640922617107E-003  -1.3470757574402248E-003  -7.2648568146740717E-007   9.6274011302923475E-006   1.4165443943465781E-008  -1.3441349005293695E-003   5.2876884952547304E-006  -6.9545087361110830E-005  -1.0417084953239007E-007   2.9032891800890396E-010  -1.3439367438081587E-003
 dijxc
  -9.4884266014395209E-003   9.7092435183736836E-002 -0.75870733175133531        1.7611325336357007E-004  -2.3186731309127557E-003  -1.3470754513782274E-003  -7.2648400000049121E-007   9.6273784877879735E-006   1.4165501782520722E-008  -1.3441345852527836E-003   5.4118598609911508E-006  -7.1163253387856239E-005  -1.0635205485041332E-007   3.0036709166242332E-010  -1.3439365796876846E-003
  -9.4884266014395209E-003   9.7092435183736836E-002 -0.75870733175133531        1.7611325336357007E-004  -2.3186731309127557E-003  -1.3470754513782274E-003  -7.2648400000049121E-007   9.6273784877879735E-006   1.4165501782520722E-008  -1.3441345852527836E-003   5.4118598609911508E-006  -7.1163253387856239E-005  -1.0635205485041332E-007   3.0036709166242332E-010  -1.3439365796876846E-003
 dijxc
  -9.4887690350945342E-003   9.7095934877671722E-002 -0.75873467023692576        1.7612295950709522E-004  -2.3188001670399060E-003  -1.3471240537995014E-003  -7.2651258389182973E-007   9.6277435223194096E-006   1.4166342512169947E-008  -1.3441828717552077E-003   5.4261903336432989E-006  -7.1349422660083335E-005  -1.0660337338660305E-007   3.0154412831116578E-010  -1.3439849346265017E-003
  -9.4887690350945342E-003   9.7095934877671722E-002 -0.75873467023692576        1.7612295950709522E-004  -2.3188001670399060E-003  -1.3471240537995014E-003  -7.2651258389182973E-007   9.6277435223194096E-006   1.4166342512169947E-008  -1.3441828717552077E-003   5.4261903336432989E-006  -7.1349422660083335E-005  -1.0660337338660305E-007   3.0154412831116578E-010  -1.3439849346265017E-003
 dijxc
  -9.4880895960989114E-003   9.7088975002011454E-002 -0.75868031717249462        1.7610325528778922E-004  -2.3185430225578455E-003  -1.3470275748026124E-003  -7.2645426625434468E-007   9.6270026197107612E-006   1.4164560829347631E-008  -1.3440870512108787E-003   5.4208003923560380E-006  -7.1278956979484458E-005  -1.0649787536975249E-007   3.0110819512799703E-010  -1.3438890026618352E-003
  -9.4880895960989114E-003   9.7088975002011454E-002 -0.75868031717249462        1.7610325528778922E-004  -2.3185430225578455E-003  -1.3470275748026124E-003  -7.2645426625434468E-007   9.6270026197107612E-006   1.4164560829347631E-008  -1.3440870512108787E-003   5.4208003923560380E-006  -7.1278956979484458E-005  -1.0649787536975249E-007   3.0110819512799703E-010  -1.3438890026618352E-003
 dijxc
  -9.4884307175142762E-003   9.7092466337092995E-002 -0.75870758804770788        1.7611283070332083E-004  -2.3186681964651326E-003  -1.3470759707918832E-003  -7.2647936049921320E-007   9.6273211499669945E-006   1.4165338260126060E-008  -1.3441351328732280E-003   5.4282124564728759E-006  -7.1374790122174906E-005  -1.0661991911510881E-007   3.0172728895268825E-010  -1.3439371433910962E-003
  -9.4884307175142762E-003   9.7092466337092995E-002 -0.75870758804770788        1.7611283070332083E-004  -2.3186681964651326E-003  -1.3470759707918832E-003  -7.2647936049921320E-007   9.6273211499669945E-006   1.4165338260126060E-008  -1.3441351328732280E-003   5.4282124564728759E-006  -7.1374790122174906E-005  -1.0661991911510881E-007   3.0172728895268825E-010  -1.3439371433910962E-003
 dijxc
  -9.4884297800252506E-003   9.7092479231742385E-002 -0.75870762049946372        1.7611251370625665E-004  -2.3186640960494989E-003  -1.3470755358192415E-003  -7.2648558788466945E-007   9.6273996831692068E-006   1.4165446305409605E-008  -1.3441346780147961E-003   5.2876810322217770E-006  -6.9544987815640805E-005  -1.0417072699196173E-007   2.9032833145893688E-010  -1.3439365212463616E-003
  -9.4884297800252506E-003   9.7092479231742385E-002 -0.75870762049946372        1.7611251370625665E-004  -2.3186640960494989E-003  -1.3470755358192415E-003  -7.2648558788466945E-007   9.6273996831692068E-006   1.4165446305409605E-008  -1.3441346780147961E-003   5.2876810322217770E-006  -6.9544987815640805E-005  -1.0417072699196173E-007   2.9032833145893688E-010  -1.3439365212463616E-003
 dijxc
  -9.4887690214426491E-003   9.7095956631281288E-002 -0.75873476743675705        1.7612229484487623E-004  -2.3187917036921958E-003  -1.3471236147574450E-003  -7.2651323926129030E-007   9.6277502090601449E-006   1.4166306647450694E-008  -1.3441824293782031E-003   5.2878749137504498E-006  -6.9547484164342018E-005  -1.0417616542663306E-007   2.9034551996491460E-010  -1.3439843248386567E-003
  -9.4887690214426491E-003   9.7095956631281288E-002 -0.75873476743675705        1.7612229484487623E-004  -2.3187917036921958E-003  -1.3471236147574450E-003  -7.2651323926129030E-007   9.6277502090601449E-006   1.4166306647450694E-008  -1.3441824293782031E-003   5.2878749137504498E-006  -6.9547484164342018E-005  -1.0417616542663306E-007   2.9034551996491460E-010  -1.3439843248386567E-003
 dijxc
  -9.4880906752823745E-003   9.7089000958944335E-002 -0.75868048368170515        1.7610273389489774E-004  -2.3185365059443172E-003  -1.3470276614710544E-003  -7.2645796359148621E-007   9.6270495114319851E-006   1.4164586437882821E-008  -1.3440871312041607E-003   5.2874877992700435E-006  -6.9542499950754833E-005  -1.0416530098077066E-007   2.9031121329122351E-010  -1.3438889222130248E-003
  -9.4880906752823745E-003   9.7089000958944335E-002 -0.75868048368170515        1.7610273389489774E-004  -2.3185365059443172E-003  -1.3470276614710544E-003  -7.2645796359148621E-007   9.6270495114319851E-006   1.4164586437882821E-008  -1.3440871312041607E-003   5.2874877992700435E-006  -6.9542499950754833E-005  -1.0416530098077066E-007   2.9031121329122351E-010  -1.3438889222130248E-003
 dijxc
  -9.4884303215102012E-003   9.7092480832481023E-002 -0.75870765739060986        1.7611250933726355E-004  -2.3186640957022597E-003  -1.3470758627704056E-003  -7.2648570784208626E-007   9.6274014838472302E-006   1.4165444245563243E-008  -1.3441350058884093E-003   5.2876892649302906E-006  -6.9545097477546962E-005  -1.0417086304562233E-007   2.9032899645781953E-010  -1.3439368491720461E-003
  -9.4884303215102012E-003   9.7092480832481023E-002 -0.75870765739060986        1.7611250933726355E-004  -2.3186640957022597E-003  -1.3470758627704056E-003  -7.2648570784208626E-007   9.6274014838472302E-006   1.4165444245563243E-008  -1.3441350058884093E-003   5.2876892649302906E-006  -6.9545097477546962E-005  -1.0417086304562233E-007   2.9032899645781953E-010  -1.3439368491720461E-003
 dijxc
  -9.4884308715461139E-003   9.7092465111142376E-002 -0.75870759224524509        1.7611284932119364E-004  -2.3186684350800187E-003  -1.3470761883096331E-003  -7.2647983992038259E-007   9.6273274410567563E-006   1.4165348714393504E-008  -1.3441353498212705E-003   5.4293166553399675E-006  -7.1389181547483769E-005  -1.0664025944451598E-007   3.0181689392011180E-010  -1.3439373617983811E-003
  -9.4884308715461139E-003   9.7092465111142376E-002 -0.75870759224524509        1.7611284932119364E-004  -2.3186684350800187E-003  -1.3470761883096331E-003  -7.2647983992038259E-007   9.6273274410567563E-006   1.4165348714393504E-008  -1.3441353498212705E-003   5.4293166553399675E-006  -7.1389181547483769E-005  -1.0664025944451598E-007   3.0181689392011180E-010  -1.3439373617983811E-003
 dijxc
  -9.4887711678068917E-003   9.7095949892486710E-002 -0.75873481590884861        1.7612233079232928E-004  -2.3187922640240167E-003  -1.3471245612960861E-003  -7.2650259573210576E-007   9.6276147815389392E-006   1.4166084020804733E-008  -1.3441834096221312E-003   5.4326297576363612E-006  -7.1431385022376545E-005  -1.0668461758089122E-007   3.0210713531703259E-010  -1.3439854750126924E-003
  -9.4887711678068917E-003   9.7095949892486710E-002 -0.75873481590884861        1.7612233079232928E-004  -2.3187922640240167E-003  -1.3471245612960861E-003  -7.2650259573210576E-007   9.6276147815389392E-006   1.4166084020804733E-008  -1.3441834096221312E-003   5.4326297576363612E-006  -7.1431385022376545E-005  -1.0668461758089122E-007   3.0210713531703259E-010  -1.3439854750126924E-003
 dijxc
  -9.4880910814767634E-003   9.7088984756698679E-002 -0.75868041385837370        1.7610269815538669E-004  -2.3185359557325227E-003  -1.3470279682313974E-003  -7.2644509641779767E-007   9.6268841208821680E-006   1.4164330030100381E-008  -1.3440874711494854E-003   5.4275398597789069E-006  -7.1365098531644383E-005  -1.0658682418377669E-007   3.0169315042100023E-010  -1.3438894256019472E-003
  -9.4880910814767634E-003   9.7088984756698679E-002 -0.75868041385837370        1.7610269815538669E-004  -2.3185359557325227E-003  -1.3470279682313974E-003  -7.2644509641779767E-007   9.6268841208821680E-006   1.4164330030100381E-008  -1.3440874711494854E-003   5.4275398597789069E-006  -7.1365098531644383E-005  -1.0658682418377669E-007   3.0169315042100023E-010  -1.3438894256019472E-003
 dijxc
  -9.4884300447492138E-003   9.7092460530064165E-002 -0.75870755400975487        1.7611222949681369E-004  -2.3186602589384785E-003  -1.3470760672429898E-003  -7.2646762853988550E-007   9.6271675945392422E-006   1.4165077949024341E-008  -1.3441352523013066E-003   5.4279505588416356E-006  -7.1369830933569293E-005  -1.0658007462076743E-007   3.0174654165714325E-010  -1.3439372563612403E-003
  -9.4884300447492138E-003   9.7092460530064165E-002 -0.75870755400975487        1.7611222949681369E-004  -2.3186602589384785E-003  -1.3470760672429898E-003  -7.2646762853988550E-007   9.6271675945392422E-006   1.4165077949024341E-008  -1.3441352523013066E-003   5.4279505588416356E-006  -7.1369830933569293E-005  -1.0658007462076743E-007   3.0174654165714325E-010  -1.3439372563612403E-003
 dijxc
  -9.4884298537814878E-003   9.7092478615626684E-002 -0.75870762744887077        1.7611251383517232E-004  -2.3186640996005850E-003  -1.3470756621623901E-003  -7.2648561472891109E-007   9.6274000417229833E-006   1.4165446625108746E-008  -1.3441348043842379E-003   5.2876818310007751E-006  -6.9544998303921148E-005  -1.0417074112459429E-007   2.9032841271633630E-010  -1.3439366476206433E-003
  -9.4884298537814878E-003   9.7092478615626684E-002 -0.75870762744887077        1.7611251383517232E-004  -2.3186640996005850E-003  -1.3470756621623901E-003  -7.2648561472891109E-007   9.6274000417229833E-006   1.4165446625108746E-008  -1.3441348043842379E-003   5.2876818310007751E-006  -6.9544998303921148E-005  -1.0417074112459429E-007   2.9032841271633630E-010  -1.3439366476206433E-003
 dijxc
  -9.4887691652284188E-003   9.7095955790505950E-002 -0.75873477703958458        1.7612229458257940E-004  -2.3187917026358334E-003  -1.3471238246994376E-003  -7.2651326348040817E-007   9.6277505353054267E-006   1.4166306880188708E-008  -1.3441826393638034E-003   5.2878757499348396E-006  -6.9547495143590602E-005  -1.0417617986253576E-007   2.9034560121999295E-010  -1.3439845348288543E-003
  -9.4887691652284188E-003   9.7095955790505950E-002 -0.75873477703958458        1.7612229458257940E-004  -2.3187917026358334E-003  -1.3471238246994376E-003  -7.2651326348040817E-007   9.6277505353054267E-006   1.4166306880188708E-008  -1.3441826393638034E-003   5.2878757499348396E-006  -6.9547495143590602E-005  -1.0417617986253576E-007   2.9034560121999295E-010  -1.3439845348288543E-003
 dijxc
  -9.4880906193191301E-003   9.7089001886570755E-002 -0.75868047775459435        1.7610273360083275E-004  -2.3185365036434771E-003  -1.3470275164089432E-003  -7.2645798614895467E-007   9.6270498124507183E-006   1.4164586681695896E-008  -1.3440869861783000E-003   5.2874885192140208E-006  -6.9542509385891126E-005  -1.0416531349702388E-007   2.9031128466509209E-010  -1.3438887771907099E-003
  -9.4880906193191301E-003   9.7089001886570755E-002 -0.75868047775459435        1.7610273360083275E-004  -2.3185365036434771E-003  -1.3470275164089432E-003  -7.2645798614895467E-007   9.6270498124507183E-006   1.4164586681695896E-008  -1.3440869861783000E-003   5.2874885192140208E-006  -6.9542509385891126E-005  -1.0416531349702388E-007   2.9031128466509209E-010  -1.3438887771907099E-003
 dijxc
  -9.4884302882703962E-003   9.7092481182261436E-002 -0.75870765600872425        1.7611250874911683E-004  -2.3186640892551959E-003  -1.3470758045349837E-003  -7.2648572777753564E-007   9.6274017491687152E-006   1.4165444448814429E-008  -1.3441349476944263E-003   5.2876898932143195E-006  -6.9545105696697419E-005  -1.0417087378725684E-007   2.9032905841126606E-010  -1.3439367909806440E-003
  -9.4884302882703962E-003   9.7092481182261436E-002 -0.75870765600872425        1.7611250874911683E-004  -2.3186640892551959E-003  -1.3470758045349837E-003  -7.2648572777753564E-007   9.6274017491687152E-006   1.4165444448814429E-008  -1.3441349476944263E-003   5.2876898932143195E-006  -6.9545105696697419E-005  -1.0417087378725684E-007   2.9032905841126606E-010  -1.3439367909806440E-003
 dijxc
  -9.4884299101516065E-003   9.7092459304652309E-002 -0.75870754375541216        1.7611220560227237E-004  -2.3186599265310392E-003  -1.3470760606258366E-003  -7.2646717735887526E-007   9.6271616252412883E-006   1.4165069092507635E-008  -1.3441352462321642E-003   5.4277549905266846E-006  -7.1367176801333701E-005  -1.0657561204067923E-007   3.0173155721576018E-010  -1.3439372499686887E-003
  -9.4884299101516065E-003   9.7092459304652309E-002 -0.75870754375541216        1.7611220560227237E-004  -2.3186599265310392E-003  -1.3470760606258366E-003  -7.2646717735887526E-007   9.6271616252412883E-006   1.4165069092507635E-008  -1.3441352462321642E-003   5.4277549905266846E-006  -7.1367176801333701E-005  -1.0657561204067923E-007   3.0173155721576018E-010  -1.3439372499686887E-003
 dijxc
  -9.4887672495863034E-003   9.7095926895425566E-002 -0.75873457737195660        1.7612169796729223E-004  -2.3187835211344876E-003  -1.3471235585220036E-003  -7.2648785798157973E-007   9.6274198907742934E-006   1.4165794053919376E-008  -1.3441824242973453E-003   5.4241124721878022E-006  -7.1319098504793202E-005  -1.0649388151157490E-007   3.0145758405802834E-010  -1.3439844721076465E-003
  -9.4887672495863034E-003   9.7095926895425566E-002 -0.75873457737195660        1.7612169796729223E-004  -2.3187835211344876E-003  -1.3471235585220036E-003  -7.2648785798157973E-007   9.6274198907742934E-006   1.4165794053919376E-008  -1.3441824242973453E-003   5.4241124721878022E-006  -7.1319098504793202E-005  -1.0649388151157490E-007   3.0145758405802834E-010  -1.3439844721076465E-003
 dijxc
  -9.4880872673233137E-003   9.7088960954343148E-002 -0.75868018065532006        1.7610220093314361E-004  -2.3185289902922911E-003  -1.3470270756279410E-003  -7.2643284711398658E-007   9.6267218064340377E-006   1.4164096057233913E-008  -1.3440865915869561E-003   5.4223362042821664E-006  -7.1296390629071410E-005  -1.0646011920243267E-007   3.0130861750645274E-010  -1.3438885331256689E-003
  -9.4880872673233137E-003   9.7088960954343148E-002 -0.75868018065532006        1.7610220093314361E-004  -2.3185289902922911E-003  -1.3470270756279410E-003  -7.2643284711398658E-007   9.6267218064340377E-006   1.4164096057233913E-008  -1.3440865915869561E-003   5.4223362042821664E-006  -7.1296390629071410E-005  -1.0646011920243267E-007   3.0130861750645274E-010  -1.3438885331256689E-003
 dijxc
  -9.4884242469063691E-003   9.7092424509691286E-002 -0.75870719001480436        1.7611189896151692E-004  -2.3186552190983070E-003  -1.3470745810915438E-003  -7.2645659518416036E-007   9.6270198185392059E-006   1.4164897588219269E-008  -1.3441337691795698E-003   5.4211644432827690E-006  -7.1281265870449175E-005  -1.0642908138100435E-007   3.0122911451208378E-010  -1.3439357585393718E-003
  -9.4884242469063691E-003   9.7092424509691286E-002 -0.75870719001480436        1.7611189896151692E-004  -2.3186552190983070E-003  -1.3470745810915438E-003  -7.2645659518416036E-007   9.6270198185392059E-006   1.4164897588219269E-008  -1.3441337691795698E-003   5.4211644432827690E-006  -7.1281265870449175E-005  -1.0642908138100435E-007   3.0122911451208378E-010  -1.3439357585393718E-003
 dijxc
  -9.4884299095121753E-003   9.7092478462592183E-002 -0.75870762795171864        1.7611251321935373E-004  -2.3186640925889910E-003  -1.3470757129333262E-003  -7.2648563435872113E-007   9.6274003021999091E-006   1.4165446822413079E-008  -1.3441348551976266E-003   5.2876824758737181E-006  -6.9545006732734879E-005  -1.0417075216378168E-007   2.9032847569108231E-010  -1.3439366984364844E-003
  -9.4884299095121753E-003   9.7092478462592183E-002 -0.75870762795171864        1.7611251321935373E-004  -2.3186640925889910E-003  -1.3470757129333262E-003  -7.2648563435872113E-007   9.6274003021999091E-006   1.4165446822413079E-008  -1.3441348551976266E-003   5.2876824758737181E-006  -6.9545006732734879E-005  -1.0417075216378168E-007   2.9032847569108231E-010  -1.3439366984364844E-003
