 dijxc
  -3.2262255077237942E-002 -0.15108272705673928        10.470929430747240       -8.7191134910765880E-005   1.1655806238039352E-003  -3.8310360200880661E-004  -4.8179403217225859E-007   6.4930647611405762E-006  -5.1503080468655550E-009  -3.8241931711396502E-004   1.4921785447674255E-004  -1.9945661921510521E-003   1.4915412410211919E-006   9.3127837070739602E-009  -3.8476752219256593E-004
 dijxc
  -3.2262255077237942E-002 -0.15108272705673928        10.470929430747240       -8.7191134910765880E-005   1.1655806238039352E-003  -3.8310360200880661E-004  -4.8179403217225859E-007   6.4930647611405762E-006  -5.1503080468655550E-009  -3.8241931711396502E-004   1.4921785447674255E-004  -1.9945661921510521E-003   1.4915412410211919E-006   9.3127837070739602E-009  -3.8476752219256593E-004
 dijxc
  -3.2262537912794868E-002 -0.15107982265332143        10.470909798851151       -8.7195400334587523E-005   1.1656384861711026E-003  -3.8315104461477398E-004  -4.8181031440284455E-007   6.4932813303306147E-006  -5.1506211265647367E-009  -3.8246663681673566E-004   1.4922521516866260E-004  -1.9946661168796895E-003   1.4916664873509443E-006   9.3133244176257229E-009  -3.8481510976574168E-004
 dijxc
  -3.2261971888857516E-002 -0.15108562881818877        10.470949083845428       -8.7186869908154505E-005   1.1655227665986322E-003  -3.8305560378932104E-004  -4.8177775128694698E-007   6.4928482069318629E-006  -5.1499950207117173E-009  -3.8237144178291792E-004   1.4921049452725971E-004  -1.9944662765625141E-003   1.4914160167515635E-006   9.3122430928704085E-009  -3.8471937903185988E-004
 dijxc
  -3.2262255273818215E-002 -0.15108272451699850        10.470929420836267       -8.7191139385158376E-005   1.1655807124518970E-003  -3.8310351752647424E-004  -4.8179411580478879E-007   6.4930660422542462E-006  -5.1503079197552646E-009  -3.8241923271625528E-004   1.4921785490874546E-004  -1.9945662479454542E-003   1.4915409703760229E-006   9.3127829325524066E-009  -3.8476743723426274E-004
 dijxc
  -3.2262255063738574E-002 -0.15108272465434369        10.470929435997617       -8.7191117120015928E-005   1.1655804045117731E-003  -3.8310333697534767E-004  -4.8179401172305355E-007   6.4930645029393925E-006  -5.1503062723238195E-009  -3.8241905237221458E-004   1.4921779238108847E-004  -1.9945656486282382E-003   1.4915413389995424E-006   9.3127813437230733E-009  -3.8476727038169452E-004
 dijxc
  -3.2262480603258821E-002 -0.15108036909562012        10.470913637007603       -8.7194738467987897E-005   1.1656281311434680E-003  -3.8314067152836636E-004  -4.8180484286542169E-007   6.4932005012529553E-006  -5.1505882587977420E-009  -3.8245626196429063E-004   1.4922356552155160E-004  -1.9946417059244566E-003   1.4916498804953101E-006   9.3132182449438714E-009  -3.8480470525966782E-004
 dijxc
  -3.2261914856090451E-002 -0.15108617711285077        10.470952905625079       -8.7186203962176685E-005   1.1655123570984075E-003  -3.8304563705428567E-004  -4.8177230208003116E-007   6.4927676748402111E-006  -5.1499620920028328E-009  -3.8236147336510602E-004   1.4920887842465348E-004  -1.9944423118373796E-003   1.4913997526453902E-006   9.3121393839843563E-009  -3.8470938259842918E-004
 dijxc
  -3.2262143100933498E-002 -0.15108379792299942        10.470936954594105       -8.7189349346631723E-005   1.1655538538512117E-003  -3.8308307079876745E-004  -4.8178542798924762E-007   6.4929344629163871E-006  -5.1502303880837730E-009  -3.8239879302518745E-004   1.4921722488009837E-004  -1.9945526710908653E-003   1.4915288841289447E-006   9.3127570604432263E-009  -3.8474702135220468E-004
 dijxc
  -3.2262254929080678E-002 -0.15108272563729919        10.470929444952299       -8.7191134920029439E-005   1.1655806236359207E-003  -3.8310331712746175E-004  -4.8179403251349640E-007   6.4930647643050049E-006  -5.1503080588660266E-009  -3.8241903223161944E-004   1.4921785447760460E-004  -1.9945661916632076E-003   1.4915412431528213E-006   9.3127837302501432E-009  -3.8476723731324365E-004
 dijxc
  -3.2262537860810861E-002 -0.15107982244319473        10.470909801989393       -8.7195399990342993E-005   1.1656384806409098E-003  -3.8315098234568154E-004  -4.8181030842276706E-007   6.4932812455894669E-006  -5.1506210931628238E-009  -3.8246657454980165E-004   1.4922521485902251E-004  -1.9946661111183862E-003   1.4916664916526680E-006   9.3133243871967359E-009  -3.8481504750795508E-004
 dijxc
  -3.2261972060252303E-002 -0.15108563010639778        10.470949078597698       -8.7186869551473227E-005   1.1655227611729112E-003  -3.8305585029357924E-004  -4.8177774532039470E-007   6.4928481238740356E-006  -5.1499949815245569E-009  -3.8237168829019768E-004   1.4921049419533612E-004  -1.9944662709665442E-003   1.4914160191623722E-006   9.3122430514922651E-009  -3.8471962554529910E-004
 dijxc
  -3.2262255281134210E-002 -0.15108272470930173        10.470929422838809       -8.7191138820512661E-005   1.1655807031509555E-003  -3.8310352811953691E-004  -4.8179410656221981E-007   6.4930659094221803E-006  -5.1503078752635024E-009  -3.8241924331227338E-004   1.4921785443448873E-004  -1.9945662385511013E-003   1.4915409791708143E-006   9.3127829010303981E-009  -3.8476744784869156E-004
 dijxc
  -3.2262142197799611E-002 -0.15108380794713763        10.470937008187189       -8.7189501746487560E-005   1.1655558289122808E-003  -3.8308322791151777E-004  -4.8178462320947835E-007   6.4929235589602019E-006  -5.1502349506382528E-009  -3.8239894651658413E-004   1.4921639194475140E-004  -1.9945415356949123E-003   1.4915224693911292E-006   9.3126990628518287E-009  -3.8474714505533998E-004
 dijxc
  -3.2262370562158138E-002 -0.15108143106609193        10.470921044384388       -8.7192651733603217E-005   1.1655973727650645E-003  -3.8312103511984610E-004  -4.8179758566834268E-007   6.4930880521385280E-006  -5.1505029774569234E-009  -3.8243663922203673E-004   1.4922472286193561E-004  -1.9946516671055128E-003   1.4916520672835781E-006   9.3133152207114759E-009  -3.8478515787839266E-004
 dijxc
  -3.2261807067839522E-002 -0.15108722201738900        10.470960194387109       -8.7183688888919442E-005   1.1654759893821340E-003  -3.8302627329131391E-004  -4.8176685674446460E-007   6.4926794827208627E-006  -5.1498629400269430E-009  -3.8234213278797856E-004   1.4921223376870819E-004  -1.9944815591015040E-003   1.4914194262753427E-006   9.3123893355761424E-009  -3.8469019762660392E-004
 dijxc
  -3.2262040690584123E-002 -0.15108480987777936        10.470943931327358       -8.7186078223203416E-005   1.1655076609513491E-003  -3.8306530661117951E-004  -4.8178298862341678E-007   6.4928867563934476E-006  -5.1501034338488565E-009  -3.8238106841285752E-004   1.4922448495311038E-004  -1.9946440627314484E-003   1.4915800450840879E-006   9.3132734465589261E-009  -3.8472959684093735E-004
 dijxc
  -3.2262254870563174E-002 -0.15108272594814665        10.470929444085042       -8.7191134322806268E-005   1.1655806137752744E-003  -3.8310331155918121E-004  -4.8179402236111196E-007   6.4930646186098662E-006  -5.1503080082773734E-009  -3.8241902666639831E-004   1.4921785397412101E-004  -1.9945661816618242E-003   1.4915412525982708E-006   9.3127836905622887E-009  -3.8476723176764159E-004
 dijxc
  -3.2262537890547220E-002 -0.15107982316137911        10.470909802140076       -8.7195399174721009E-005   1.1656384669806459E-003  -3.8315106594822787E-004  -4.8181029489611719E-007   6.4932810500223191E-006  -5.1506210323625879E-009  -3.8246665815591771E-004   1.4922521419435947E-004  -1.9946660974344077E-003   1.4916665061825133E-006   9.3133243481136134E-009  -3.8481513114388475E-004
 dijxc
  -3.2261971813552850E-002 -0.15108562894467642        10.470949090292347       -8.7186868843291870E-005   1.1655227489986168E-003  -3.8305554148465701E-004  -4.8177773425425547E-007   6.4928479614891756E-006  -5.1499949429694783E-009  -3.8237137948363012E-004   1.4921049364071716E-004  -1.9944662588489998E-003   1.4914160338935116E-006   9.3122430445995643E-009  -3.8471931676833221E-004
 dijxc
  -3.2262255129914395E-002 -0.15108272392570810        10.470929433399290       -8.7191138048048225E-005   1.1655806900682545E-003  -3.8310331802123964E-004  -4.8179409604899446E-007   6.4930657543915941E-006  -5.1503078474202283E-009  -3.8241903321683353E-004   1.4921785384589226E-004  -1.9945662258916432E-003   1.4915409945640700E-006   9.3127829183699682E-009  -3.8476723778503195E-004
 dijxc
  -3.2262039443024762E-002 -0.15108481756695588        10.470943998720761       -8.7186224241837354E-005   1.1655095477067898E-003  -3.8306497529088149E-004  -4.8178223158016527E-007   6.4928764783576975E-006  -5.1501080542276940E-009  -3.8238073362841082E-004   1.4922369621531443E-004  -1.9946335112771270E-003   1.4915740352789453E-006   9.3132189004582869E-009  -3.8472923402563535E-004
 dijxc
  -3.2262275168880812E-002 -0.15108238835055443        10.470927620173880       -8.7188271640384088E-005   1.1655367749333807E-003  -3.8310424605674344E-004  -4.8179953796306852E-007   6.4930995085659807E-006  -5.1503350011486129E-009  -3.8241991374614640E-004   1.4923768752656986E-004  -1.9948192473957399E-003   1.4917491305505083E-006   9.3142206238934237E-009  -3.8476894342611605E-004
 dijxc
  -3.2261712996108867E-002 -0.15108817114028014        10.470966686861201       -8.7179144525159283E-005   1.1654133634636651E-003  -3.8300986590377643E-004  -4.8176895173617678E-007   6.4926932588652378E-006  -5.1496824076009720E-009  -3.8232579208514106E-004   1.4922577591046008E-004  -1.9946570066544447E-003   1.4915201531141097E-006   9.3133254204670986E-009  -3.8467438925694070E-004
 dijxc
  -3.2261954156394275E-002 -0.15108570652132836        10.470949986699999       -8.7180619919911020E-005   1.1654334683309350E-003  -3.8305056771925606E-004  -4.8178752222604169E-007   6.4929344551752141E-006  -5.1498728382021444E-009  -3.8236641458601480E-004   1.4924221146210193E-004  -1.9948758427099263E-003   1.4917128744583329E-006   9.3144722865649886E-009  -3.8471563156253501E-004
 dijxc
  -3.2262254974869439E-002 -0.15108272725164501        10.470929439474975       -8.7191133514948269E-005   1.1655806001556566E-003  -3.8310351525592038E-004  -4.8179401100589277E-007   6.4930644519600166E-006  -5.1503079731498583E-009  -3.8241923036637609E-004   1.4921785334991191E-004  -1.9945661684133745E-003   1.4915412680528206E-006   9.3127836973468224E-009  -3.8476743549964942E-004
 dijxc
  -3.2262537699218469E-002 -0.15107982254838970        10.470909812131385       -8.7195398385316429E-005   1.1656384537451802E-003  -3.8315084293296373E-004  -4.8181028586034897E-007   6.4932809154315426E-006  -5.1506210192573049E-009  -3.8246643514403824E-004   1.4922521361244474E-004  -1.9946660849906599E-003   1.4916665210668638E-006   9.3133243927462460E-009  -3.8481490816371028E-004
 dijxc
  -3.2261971875000711E-002 -0.15108562980587692        10.470949086076677       -8.7186868199427717E-005   1.1655227377083339E-003  -3.8305567638593628E-004  -4.8177772802529715E-007   6.4928478644259279E-006  -5.1499949589762710E-009  -3.8237151438608153E-004   1.4921049319936523E-004  -1.9944662482975313E-003   1.4914160502237637E-006   9.3122431310192025E-009  -3.8471945170382230E-004
 dijxc
  -3.2262255194587211E-002 -0.15108272529969635        10.470929427264171       -8.7191137549028102E-005   1.1655806812366236E-003  -3.8310350727056885E-004  -4.8179409407521002E-007   6.4930657174569131E-006  -5.1503078954177796E-009  -3.8241922246687082E-004   1.4921785354099756E-004  -1.9945662180750547E-003   1.4915410083808827E-006   9.3127830495768342E-009  -3.8476742706335196E-004
 dijxc
  -3.2261953323003571E-002 -0.15108571179721733        10.470950035812635       -8.7180667970530683E-005   1.1654340225278005E-003  -3.8305034431453187E-004  -4.8178741572192721E-007   6.4929327153629717E-006  -5.1498773422522554E-009  -3.8236619011184682E-004   1.4924203628072059E-004  -1.9948733955212133E-003   1.4917121390427342E-006   9.3144644663788841E-009  -3.8471540132985172E-004
 dijxc
  -3.2262198041705846E-002 -0.15108322304527871        10.470933132524094       -8.7181672222087352E-005   1.1654481106937432E-003  -3.8309189904738733E-004  -4.8180735289978624E-007   6.4931925723984965E-006  -5.1500447536494166E-009  -3.8240767487698858E-004   1.4926071611374371E-004  -1.9951223425226060E-003   1.4919228852536355E-006   9.3157568717712696E-009  -3.8475759020693942E-004
 dijxc
  -3.2261635284646241E-002 -0.15108900713527226        10.470972235214461       -8.7172739216584712E-005   1.1653274705520904E-003  -3.8299710167142707E-004  -4.8177510479927426E-007   6.4927647869217055E-006  -5.1493868129730478E-009  -3.8231313059463137E-004   1.4924737305802648E-004  -1.9949413555285091E-003   1.4916811262672946E-006   9.3147469989105053E-009  -3.8466256192444764E-004
 dijxc
  -3.2261883164258792E-002 -0.15108649615783837        10.470955135330831       -8.7173716356930156E-005   1.1653418559266911E-003  -3.8303939105898538E-004  -4.8179332739396617E-007   6.4930036913744261E-006  -5.1495245362065619E-009  -3.8235534780667487E-004   1.4926531943213934E-004  -1.9951814642097435E-003   1.4918832979767098E-006   9.3159494932763742E-009  -3.8470545902310907E-004
 dijxc
  -3.2262254847299082E-002 -0.15108272660449218        10.470929448019126       -8.7191132999461460E-005   1.1655805912370173E-003  -3.8310334113498190E-004  -4.8179400889534671E-007   6.4930644139453829E-006  -5.1503080173720828E-009  -3.8241905624661733E-004   1.4921785302937494E-004  -1.9945661606144741E-003   1.4915412810266648E-006   9.3127838227239081E-009  -3.8476726140705263E-004
 dijxc
  -3.2262537814455816E-002 -0.15107982358641536        10.470909806057634       -8.7195398139256895E-005   1.1656384488966285E-003  -3.8315103957403381E-004  -4.8181029013291645E-007   6.4932809656949139E-006  -5.1506211207251890E-009  -3.8246663178346228E-004   1.4922521354890600E-004  -1.9946660814569774E-003   1.4916665336956615E-006   9.3133245995167889E-009  -3.8481510482815358E-004
 dijxc
  -3.2261971880335735E-002 -0.15108563070348091        10.470949081022555       -8.7186868034121417E-005   1.1655227342424834E-003  -3.8305578092946702E-004  -4.8177773314633426E-007   6.4928479277169293E-006  -5.1499950617690553E-009  -3.8237161892769051E-004   1.4921049318780046E-004  -1.9944662459858591E-003   1.4914160612570205E-006   9.3122433328295519E-009  -3.8471955626687745E-004
 dijxc
  -3.2262254969449400E-002 -0.15108272392754890        10.470929439996192       -8.7191137660333097E-005   1.1655806819831551E-003  -3.8310318851451550E-004  -4.8179410387944253E-007   6.4930658464845906E-006  -5.1503080396755108E-009  -3.8241890370568812E-004   1.4921785376144421E-004  -1.9945662197736538E-003   1.4915410194100754E-006   9.3127833030408723E-009  -3.8476710832116849E-004
 dijxc
  -3.2261882952387827E-002 -0.15108649804478316        10.470955147800485       -8.7173636330130881E-005   1.1653406913859799E-003  -3.8303938610116564E-004  -4.8179389164130194E-007   6.4930108040414294E-006  -5.1495267888004091E-009  -3.8235534483114597E-004   1.4926587300843658E-004  -1.9951886652500401E-003   1.4918885570030480E-006   9.3159947923689252E-009  -3.8470547658868025E-004
 dijxc
  -3.2262133762965259E-002 -0.15108396347053110        10.470937879962493       -8.7174311952274426E-005   1.1653514570913429E-003  -3.8308203800824648E-004  -4.8181235457226987E-007   6.4932537345456436E-006  -5.1496404180742803E-009  -3.8239792927880661E-004   1.4928497253842492E-004  -1.9954445848127675E-003   1.4920994944513798E-006   9.3172582620935778E-009  -3.8474878562048975E-004
 dijxc
  -3.2261569065366112E-002 -0.15108976506001018        10.470977096915233       -8.7165808672070913E-005   1.1652366122954921E-003  -3.8298713600786437E-004  -4.8177812665370588E-007   6.4927998176409206E-006  -5.1489924520169356E-009  -3.8230326987603001E-004   1.4926926011318305E-004  -1.9952322733838004E-003   1.4918388236089142E-006   9.3160788983969331E-009  -3.8465355690716534E-004
 dijxc
  -3.2261819153367906E-002 -0.15108723494823295        10.470959866221440       -8.7167034325251436E-005   1.1652552418573233E-003  -3.8302954639030671E-004  -4.8179350540920314E-007   6.4930030916607770E-006  -5.1491058037811279E-009  -3.8234559738233530E-004   1.4928506666575043E-004  -1.9954452686940403E-003   1.4920232359836858E-006   9.3170889645587090E-009  -3.8469649242475431E-004
 dijxc
  -3.2262254927677592E-002 -0.15108272724262078        10.470929443086371       -8.7191133136201376E-005   1.1655805922290068E-003  -3.8310346952342110E-004  -4.8179401948855304E-007   6.4930645530074050E-006  -5.1503081698801515E-009  -3.8241918462958956E-004   1.4921785328405899E-004  -1.9945661626109118E-003   1.4915412924208751E-006   9.3127840896961447E-009  -3.8476738980959958E-004
 dijxc
  -3.2262537806595881E-002 -0.15107982343848886        10.470909808536540       -8.7195398618154619E-005   1.1656384552734039E-003  -3.8315100984361884E-004  -4.8181030616838104E-007   6.4932811822769314E-006  -5.1506213139678514E-009  -3.8246660204448028E-004   1.4922521407432243E-004  -1.9946660884949934E-003   1.4916665430644089E-006   9.3133249105507861E-009  -3.8481507510218092E-004
 dijxc
  -3.2261971751383900E-002 -0.15108562936029263        10.470949092908338       -8.7186868490930474E-005   1.1655227404431059E-003  -3.8305552685279293E-004  -4.8177774751015338E-007   6.4928481225359971E-006  -5.1499952366993393E-009  -3.8237136484286756E-004   1.4921049366138484E-004  -1.9944662525330113E-003   1.4914160698796456E-006   9.3122436112784000E-009  -3.8471930219334495E-004
 dijxc
  -3.2262255121422084E-002 -0.15108272491261920        10.470929430827052       -8.7191138340520272E-005   1.1655806917161777E-003  -3.8310341016935289E-004  -4.8179411996935047E-007   6.4930660675151658E-006  -5.1503082214315329E-009  -3.8241912535054163E-004   1.4921785437291927E-004  -1.9945662291212711E-003   1.4915410261000060E-006   9.3127835732688802E-009  -3.8476732997106094E-004
 dijxc
  -3.2261819583961356E-002 -0.15108723256212009        10.470959840108739       -8.7166873953910894E-005   1.1652530470694657E-003  -3.8302971594774012E-004  -4.8179415793474138E-007   6.4930115035306749E-006  -5.1491026420457873E-009  -3.8234577066071111E-004   1.4928593375697615E-004  -1.9954566741430197E-003   1.4920304958482248E-006   9.3171522410330426E-009  -3.8469669744205389E-004
 dijxc
  -3.2262070956604570E-002 -0.15108469669362132        10.470942527599869       -8.7168169135289883E-005   1.1652730184916798E-003  -3.8307273697870574E-004  -4.8180834673705735E-007   6.4931997553124078E-006  -5.1492039788790705E-009  -3.8238870464282727E-004   1.4930101249031937E-004  -1.9956605597643254E-003   1.4922093204194412E-006   9.3180925817872457E-009  -3.8474021601093544E-004
 dijxc
  -3.2261502707292458E-002 -0.15109052253401856        10.470981954367661       -8.7160077464534244E-005   1.1651634806140836E-003  -3.8297690081883677E-004  -4.8177361095775865E-007   6.4927384315001550E-006  -5.1485832147893530E-009  -3.8229310198108191E-004   1.4928370308561501E-004  -1.9954268662288476E-003   1.4919387994150947E-006   9.3168207083908597E-009  -3.8464398680475417E-004
 dijxc
  -3.2261749355569580E-002 -0.15108802282577516        10.470964921684299       -8.7162212845114543E-005   1.1651947156498625E-003  -3.8301899078513866E-004  -4.8178622186369989E-007   6.4929053816154135E-006  -5.1487274735911153E-009  -3.8233508441094625E-004   1.4929533107866063E-004  -1.9955851720888491E-003   1.4920960724530413E-006   9.3175405388614549E-009  -3.8468643183826347E-004
 dijxc
  -3.2262254894494760E-002 -0.15108272714999282        10.470929445987590       -8.7191133864103707E-005   1.1655806023613191E-003  -3.8310342348640337E-004  -4.8179403656705950E-007   6.4930647859220913E-006  -5.1503083681726515E-009  -3.8241913858109739E-004   1.4921785395119778E-004  -1.9945661722982596E-003   1.4915413014898602E-006   9.3127843869753873E-009  -3.8476734376971489E-004
 dijxc
  -3.2262537909582507E-002 -0.15107982431899419        10.470909798591130       -8.7195399548295119E-005   1.1656384688109355E-003  -3.8315119268206212E-004  -4.8181032380424492E-007   6.4932814265468363E-006  -5.1506215043222935E-009  -3.8246678487019101E-004   1.4922521483298819E-004  -1.9946661006279968E-003   1.4916665490605939E-006   9.3133251733296885E-009  -3.8481525792806405E-004
 dijxc
  -3.2261971860701469E-002 -0.15108563004564399        10.470949086661404       -8.7186869306526803E-005   1.1655227524462004E-003  -3.8305568479763373E-004  -4.8177776242497930E-007   6.4928483302965476E-006  -5.1499953984248537E-009  -3.8237152277670198E-004   1.4921049429321675E-004  -1.9944662629546913E-003   1.4914160745422886E-006   9.3122438302534585E-009  -3.8471946012566169E-004
 dijxc
  -3.2262255129871339E-002 -0.15108272481897922        10.470929430433682       -8.7191139207299875E-005   1.1655807042597478E-003  -3.8310340957870633E-004  -4.8179413286297398E-007   6.4930662472441706E-006  -5.1503083663084395E-009  -3.8241912474762634E-004   1.4921785498396242E-004  -1.9945662390246878E-003   1.4915410317877575E-006   9.3127837556804082E-009  -3.8476732936618997E-004
 dijxc
  -3.2261750100897955E-002 -0.15108801597505256        10.470964881346799       -8.7162064262074289E-005   1.1651927674063008E-003  -3.8301901962775294E-004  -4.8178629266135424E-007   6.4929063675249309E-006  -5.1487179717245949E-009  -3.8233511635129213E-004   1.4929588347239512E-004  -1.9955925124273215E-003   1.4920997347983870E-006   9.3175731179774164E-009  -3.8468648405476813E-004
 dijxc
  -3.2261994824671257E-002 -0.15108553023051202        10.470947970263408       -8.7164632417047896E-005   1.1652299940793419E-003  -3.8306064532825899E-004  -4.8179727228027393E-007   6.4930517321567930E-006  -5.1488748481735208E-009  -3.8237662247399859E-004   1.4930545351606693E-004  -1.9957238460564302E-003   1.4922436748204081E-006   9.3181472384468586E-009  -3.8472838156762286E-004
 dijxc
  -3.2261423030529007E-002 -0.15109138290946816        10.470987608740824       -8.7156712343830085E-005   1.1651223185018863E-003  -3.8296405029862438E-004  -4.8176398306732693E-007   6.4926081445328077E-006  -5.1482878983941430E-009  -3.8228025849721878E-004   1.4928840005506359E-004  -1.9954930352037120E-003   1.4919806120958238E-006   9.3169294288693749E-009  -3.8463140079510313E-004
 dijxc
  -3.2261660016362839E-002 -0.15108895543454279        10.470971171057901       -8.7160003205294536E-005   1.1651686118108462E-003  -3.8300394728541724E-004  -4.8177643843995988E-007   6.4927706288636107E-006  -5.1485206192170026E-009  -3.8232002067449967E-004   1.4929672352655655E-004  -1.9956072439046495E-003   1.4921277560630362E-006   9.3174816270065798E-009  -3.8467151236174554E-004
 dijxc
  -3.2262254855302000E-002 -0.15108272703899644        10.470929444467794       -8.7191134746412947E-005   1.1655806155197873E-003  -3.8310339525623668E-004  -4.8179404972858651E-007   6.4930649715355593E-006  -5.1503085066099115E-009  -3.8241911033955558E-004   1.4921785455898129E-004  -1.9945661828579273E-003   1.4915413044861079E-006   9.3127845550984274E-009  -3.8476731552161149E-004
 dijxc
  -3.2262537783436594E-002 -0.15107982328005376        10.470909805743592       -8.7195400389951697E-005   1.1656384811562367E-003  -3.8315098861572852E-004  -4.8181033292819711E-007   6.4932815563332716E-006  -5.1506216073201210E-009  -3.8246658079227564E-004   1.4922521532255515E-004  -1.9946661091434104E-003   1.4916665528547783E-006   9.3133252779335575E-009  -3.8481505384318788E-004
 dijxc
  -3.2261971931369260E-002 -0.15108563076195375        10.470949079955458       -8.7186870022494723E-005   1.1655227627716562E-003  -3.8305582022552518E-004  -4.8177777007060859E-007   6.4928484383123651E-006  -5.1499954909171813E-009  -3.8237165819423691E-004   1.4921049468412042E-004  -1.9944662695582710E-003   1.4914160787886028E-006   9.3122439264907942E-009  -3.8471959553829278E-004
 dijxc
  -3.2262255055179392E-002 -0.15108272405408602        10.470929436134444       -8.7191139737432765E-005   1.1655807120815331E-003  -3.8310326580315432E-004  -4.8179413681628385E-007   6.4930663053879993E-006  -5.1503084163306402E-009  -3.8241898096480660E-004   1.4921785514566152E-004  -1.9945662425188988E-003   1.4915410327108720E-006   9.3127837862126290E-009  -3.8476718557362672E-004
 dijxc
  -3.2261660929679185E-002 -0.15108894959114066        10.470971111688241       -8.7159943802214289E-005   1.1651679398235824E-003  -3.8300427435826229E-004  -4.8177577220685061E-007   6.4927621208394517E-006  -5.1485086025295878E-009  -3.8232034838314168E-004   1.4929658675021671E-004  -1.9956055555032928E-003   1.4921249832426355E-006   9.3174596000676792E-009  -3.8467183550180593E-004
 dijxc
  -3.2261893039645384E-002 -0.15108655936746024        10.470954957168111       -8.7163834619795495E-005   1.1652220685289439E-003  -3.8304325551053592E-004  -4.8178754661467468E-007   6.4929143546344585E-006  -5.1487817410877272E-009  -3.8235918020701931E-004   1.4930296157459973E-004  -1.9956937837726750E-003   1.4922642894188578E-006   9.3179015543347510E-009  -3.8471095015617717E-004
 dijxc
  -3.2261319140572842E-002 -0.15109243080328399        10.470994744223590       -8.7155785649380095E-005   1.1651121844534534E-003  -3.8294631347887372E-004  -4.8175634798863211E-007   6.4924968865944537E-006  -5.1482153630632771E-009  -3.8226247418255300E-004   1.4928770348678172E-004  -1.9954861732870565E-003   1.4920207735833395E-006   9.3168382209272473E-009  -3.8461369257219448E-004
 dijxc
  -3.2261543269555042E-002 -0.15109010283802649        10.470979098682310       -8.7160003638945291E-005   1.1651696535647394E-003  -3.8298354383295885E-004  -4.8177137344301433E-007   6.4926884027365491E-006  -5.1485627354588860E-009  -3.8229955111446722E-004   1.4929564156798521E-004  -1.9955939580209841E-003   1.4921891473812830E-006   9.3174630051686682E-009  -3.8465111225939011E-004
 dijxc
  -3.2262254878297050E-002 -0.15108272666392375        10.470929447844899       -8.7191135283204709E-005   1.1655806235225500E-003  -3.8310336195600909E-004  -4.8179405317541440E-007   6.4930650234162366E-006  -5.1503085505264977E-009  -3.8241907703206481E-004   1.4921785471644136E-004  -1.9945661864533533E-003   1.4915413051178740E-006   9.3127845738016957E-009  -3.8476728220361816E-004
