 dijxc
  0.32079028117327790       -2.9671832591806186        24.986631259788648        1.1417127622577258E-005  -8.8555558613562642E-005  -1.1574736629275439E-002  -7.2977015474881035E-008   6.9396724447326856E-007  -4.1553390597743998E-008  -1.0877012864612921E-002  -7.3985139258031177E-006   6.9294736095733809E-006   4.2439720214401834E-005  -3.2799323149332969E-008  -1.1617849846238967E-002  -9.4795793445979115E-005   7.9033693596008558E-004 -0.36242302218951505        2.2419022934636176E-007  -2.5588865376908402E-004   6.4179886912694020        3.5562304487761399E-007  -3.5887149217030139E-006   2.2419022934636176E-007 -0.36658629806422766        1.7825068507427224E-007  -1.2817776183001797E-006   6.4412635304038464        1.6274619608892284E-004  -1.0889859521693544E-003  -2.5588865376908402E-004   1.7825068507427224E-007 -0.36217559225755491        1.4285379936656252E-003  -1.0173161043488458E-006   6.4165954153754399     
 dijxc
  0.32079028117327790       -2.9671832591806186        24.986631259788648        1.1417127622577258E-005  -8.8555558613562642E-005  -1.1574736629275439E-002  -7.2977015474881035E-008   6.9396724447326856E-007  -4.1553390597743998E-008  -1.0877012864612921E-002  -7.3985139258031177E-006   6.9294736095733809E-006   4.2439720214401834E-005  -3.2799323149332969E-008  -1.1617849846238967E-002  -9.4795793445979115E-005   7.9033693596008558E-004 -0.36242302218951505        2.2419022934636176E-007  -2.5588865376908402E-004   6.4179886912694020        3.5562304487761399E-007  -3.5887149217030139E-006   2.2419022934636176E-007 -0.36658629806422766        1.7825068507427224E-007  -1.2817776183001797E-006   6.4412635304038464        1.6274619608892284E-004  -1.0889859521693544E-003  -2.5588865376908402E-004   1.7825068507427224E-007 -0.36217559225755491        1.4285379936656252E-003  -1.0173161043488458E-006   6.4165954153754399     
 dijxc
  0.32079232707623501       -2.9672030720404594        24.986819834479959        1.1412023632244551E-005  -8.8533505553520556E-005  -1.1575528269966204E-002  -7.2993004591038374E-008   6.9412411943659232E-007  -4.1552629175803362E-008  -1.0877648654205901E-002  -7.4245948994977719E-006   7.0941782754665973E-006   4.2462285867450426E-005  -3.2798656692673247E-008  -1.1618625534635420E-002  -9.4720358260085024E-005   7.8979406619836376E-004 -0.36241796868918247        2.2418688362852208E-007  -2.5602055559174815E-004   6.4179633034477641        3.5570508357202364E-007  -3.5895510872042616E-006   2.2418688362852208E-007 -0.36658213830882191        1.7824735847583722E-007  -1.2817596482254924E-006   6.4412429899282637        1.6303818320379746E-004  -1.0912173739826803E-003  -2.5602055559174815E-004   1.7824735847583722E-007 -0.36217063412661871        1.4292655893618600E-003  -1.0172975584498935E-006   6.4165705668941682     
 dijxc
  0.32078823568103548       -2.9671634502225546        24.986442721887276        1.1422225672991941E-005  -8.8577566403801224E-005  -1.1573945032327213E-002  -7.2961047734349639E-008   6.9381056940779760E-007  -4.1554149052784632E-008  -1.0876377119526638E-002  -7.3724513337567669E-006   6.7649179065202203E-006   4.2417156667938372E-005  -3.2799988966677045E-008  -1.1617074199272354E-002  -9.4871176440542630E-005   7.9087938291351077E-004 -0.36242807540708921        2.2419355818558628E-007  -2.5575676253546077E-004   6.4180140785433588        3.5554112338320572E-007  -3.5878798919674590E-006   2.2419355818558628E-007 -0.36659045751816238        1.7825400799738521E-007  -1.2817954920710774E-006   6.4412840701298233        1.6245435691415814E-004  -1.0867557654204759E-003  -2.5575676253546077E-004   1.7825400799738521E-007 -0.36218055011836869        1.4278104455342203E-003  -1.0173346287277489E-006   6.4166202633746297     
 dijxc
  0.32079027889959449       -2.9671832356579273        24.986631013667647        1.1417046369505741E-005  -8.8554858908457466E-005  -1.1574736921764410E-002  -7.2977028763254243E-008   6.9396734732933792E-007  -4.1553385252933311E-008  -1.0877013159293521E-002  -7.3986934690479979E-006   6.9310308847140352E-006   4.2439739056898076E-005  -3.2799323120105707E-008  -1.1617850144677651E-002  -9.4795250097711830E-005   7.9033208094411299E-004 -0.36242302129512177        2.2419019871158097E-007  -2.5588876232962300E-004   6.4179886869850904        3.5562313535813161E-007  -3.5887156813701861E-006   2.2419019871158097E-007 -0.36658629717880320        1.7825068506931723E-007  -1.2817774443901640E-006   6.4412635263151277        1.6274736984294794E-004  -1.0889965273577530E-003  -2.5588876232962300E-004   1.7825068506931723E-007 -0.36217559132911997        1.4285386170755747E-003  -1.0173161069134450E-006   6.4165954108953063     
 dijxc
  0.32079028111130659       -2.9671832588283289        24.986631262825636        1.1417072548557208E-005  -8.8555023093568380E-005  -1.1574735816215972E-002  -7.2977016228574366E-008   6.9396724912476619E-007  -4.1553386081547408E-008  -1.0877012033513871E-002  -7.3985206173896624E-006   6.9295312317460122E-006   4.2439726283849744E-005  -3.2799314783333557E-008  -1.1617848797606800E-002  -9.4795568408836874E-005   7.9033458542347333E-004 -0.36242302709712582        2.2419020530926565E-007  -2.5588868452782929E-004   6.4179887174939410        3.5562305403207128E-007  -3.5887149896172008E-006   2.2419020530926565E-007 -0.36658630303504453        1.7825063515436516E-007  -1.2817774830727814E-006   6.4412635570034897        1.6274624396556215E-004  -1.0889863836031834E-003  -2.5588868452782929E-004   1.7825063515436516E-007 -0.36217559825300427        1.4285381777726764E-003  -1.0173158071505383E-006   6.4165954471464008     
 dijxc
  0.32079233118095751       -2.9672030949351109        24.986819807598348        1.1413103291426458E-005  -8.8540035263490766E-005  -1.1575540752075217E-002  -7.2992335383492599E-008   6.9411796782546231E-007  -4.1552077912462525E-008  -1.0877666944328651E-002  -7.6518027804427328E-006   9.0889251497015626E-006   4.2489994256008307E-005  -3.2797825993334940E-008  -1.1618639658171170E-002  -9.4733031899159830E-005   7.8988916811466910E-004 -0.36241789696317162        2.2418391123116438E-007  -2.5618407493792876E-004   6.4179629465266999        3.5570150245813332E-007  -3.5895164685128710E-006   2.2418391123116438E-007 -0.36658203218248298        1.7824385547060771E-007  -1.2817426524619826E-006   6.4412424398374855        1.6447236464658466E-004  -1.1042335113952036E-003  -2.5618407493792876E-004   1.7824385547060771E-007 -0.36217055264180642        1.4301820870665765E-003  -1.0172819030770091E-006   6.4165701571550118     
 dijxc
  0.32078823980315779       -2.9671634733059125        24.986442697036413        1.1423307937218177E-005  -8.8584117129834265E-005  -1.1573957530127250E-002  -7.2960378184080371E-008   6.9380441404139551E-007  -4.1553598495002997E-008  -1.0876395426882297E-002  -7.5991862692086666E-006   8.7551864369741963E-006   4.2444872734446061E-005  -3.2799163898042460E-008  -1.1617088340245281E-002  -9.4883870431014232E-005   7.9097466074977071E-004 -0.36242800356971516        2.2419058957583938E-007  -2.5592032927821199E-004   6.4180137208921870        3.5553754188864772E-007  -3.5878452653940626E-006   2.2419058957583938E-007 -0.36659035127085765        1.7825053241766649E-007  -1.2817785179190067E-006   6.4412835192524112        1.6388612920150547E-004  -1.0997480648603411E-003  -2.5592032927821199E-004   1.7825053241766649E-007 -0.36218046851766050        1.4287272180774780E-003  -1.0173191192203145E-006   6.4166198528938194     
 dijxc
  0.32079028737483040       -2.9671832833092959        24.986630960631789        1.1419481881313220E-005  -8.8570517503605155E-005  -1.1574763442444444E-002  -7.2975561435739662E-008   6.9395379215975161E-007  -4.1552370437464955E-008  -1.0877051325935291E-002  -7.8386245003203463E-006   1.0781815357341151E-005   4.2494876276567573E-005  -3.2798160277515626E-008  -1.1617880870832140E-002  -9.4822002928953014E-005   7.9053630032221826E-004 -0.36242286894645553        2.2418472234145747E-007  -2.5621426133613751E-004   6.4179879267404791        3.5561536516075486E-007  -3.5886403192752566E-006   2.2418472234145747E-007 -0.36658607584569769        1.7824632580560404E-007  -1.2817461144376496E-006   6.4412623786536978        1.6554717309593894E-004  -1.1143315276984148E-003  -2.5621426133613751E-004   1.7824632580560404E-007 -0.36217541469561748        1.4303628554990853E-003  -1.0172994857389263E-006   6.4165945181957289     
 dijxc
  0.32079028118167713       -2.9671832592276974        24.986631260004984        1.1417127766225809E-005  -8.8555559854526056E-005  -1.1574736622991008E-002  -7.2977051034579834E-008   6.9396757147698018E-007  -4.1553385430917035E-008  -1.0877012858350167E-002  -7.3985138555621634E-006   6.9294729769274813E-006   4.2439720149263862E-005  -3.2799322246336575E-008  -1.1617849840050834E-002  -9.4795794393583469E-005   7.9033694448254186E-004 -0.36242302220524453        2.2419020004996164E-007  -2.5588865339822931E-004   6.4179886912939352        3.5562323992650746E-007  -3.5887167859370834E-006   2.2419020004996164E-007 -0.36658629807981635        1.7825068002127329E-007  -1.2817774526099180E-006   6.4412635304275359        1.6274619566920557E-004  -1.0889859482691967E-003  -2.5588865339822931E-004   1.7825068002127329E-007 -0.36217559227273183        1.4285379915664593E-003  -1.0173160754127204E-006   6.4165954153968583     
 dijxc
  0.32079232708706362       -2.9672030721898239        24.986819835954442        1.1412024507597131E-005  -8.8533513305148943E-005  -1.1575528266317775E-002  -7.2993075509579883E-008   6.9412477228973781E-007  -4.1552618922545133E-008  -1.0877648650717005E-002  -7.4245930309733310E-006   7.0941610623279680E-006   4.2462285619598347E-005  -3.2798654836392761E-008  -1.1618625531110850E-002  -9.4720363678572135E-005   7.8979411575281361E-004 -0.36241796871733511        2.2418682546684652E-007  -2.5602055420754149E-004   6.4179633035146129        3.5570547130026003E-007  -3.5895547980481052E-006   2.2418682546684652E-007 -0.36658213833574715        1.7824734810278495E-007  -1.2817593192536911E-006   6.4412429899880728        1.6303817303297839E-004  -1.0912172764691412E-003  -2.5602055420754149E-004   1.7824734810278495E-007 -0.36217063415392503        1.4292655814773180E-003  -1.0172974989495693E-006   6.4165705669564144     
 dijxc
  0.32078823569687809       -2.9671634503781581        24.986442723381703        1.1422226542825172E-005  -8.8577574105342790E-005  -1.1573945025066951E-002  -7.2961118005749334E-008   6.9381121675619952E-007  -4.1554138853133226E-008  -1.0876377112419448E-002  -7.3724494770091638E-006   6.7649007947730882E-006   4.2417156420912814E-005  -3.2799987065891753E-008  -1.1617074192136409E-002  -9.4871181827018076E-005   7.9087943216787113E-004 -0.36242807543381778        2.2419350033985317E-007  -2.5575676115266325E-004   6.4180140786065376        3.5554150672522974E-007  -3.5878835648027713E-006   2.2419350033985317E-007 -0.36659045754366371        1.7825399743368608E-007  -1.2817951648720911E-006   6.4412840701859828        1.6245434679425122E-004  -1.0867556684203321E-003  -2.5575676115266325E-004   1.7825399743368608E-007 -0.36218055014424838        1.4278104376593301E-003  -1.0173345680759204E-006   6.4166202634331881     
 dijxc
  0.32079027891754142       -2.9671832358620738        24.986631016002605        1.1417047919477723E-005  -8.8554872685988448E-005  -1.1574736916316788E-002  -7.2977132381802716E-008   6.9396830302934074E-007  -4.1553370128885731E-008  -1.0877013154179729E-002  -7.3986900567879129E-006   6.9309994572093123E-006   4.2439738648336585E-005  -3.2799320174804179E-008  -1.1617850139392379E-002  -9.4795259589307830E-005   7.9033216810038965E-004 -0.36242302131712778        2.2419011294486762E-007  -2.5588876004541258E-004   6.4179886870601734        3.5562369846954766E-007  -3.5887210868178273E-006   2.2419011294486762E-007 -0.36658629719831887        1.7825066882503324E-007  -1.2817769592331633E-006   6.4412635263758338        1.6274735120780576E-004  -1.0889963487661595E-003  -2.5588876004541258E-004   1.7825066882503324E-007 -0.36217559134996646        1.4285386040515462E-003  -1.0173160134883900E-006   6.4165954109641330     
 dijxc
  0.32079028962226469       -2.9671833067122306        24.986631209108065        1.1419492059491523E-005  -8.8570550200227827E-005  -1.1574762897769743E-002  -7.2975626904001456E-008   6.9395443584944586E-007  -4.1552343718878200E-008  -1.0877050776550823E-002  -7.8426648596254203E-006   1.0820797333452390E-005   4.2494954086291935E-005  -3.2798002440196902E-008  -1.1617880087548618E-002  -9.4822174221315374E-005   7.9053745012338866E-004 -0.36242287115128341        2.2418458006674469E-007  -2.5621468922615076E-004   6.4179879374692206        3.5561567340199673E-007  -3.5886434776163676E-006   2.2418458006674469E-007 -0.36658607807260601        1.7824548593363887E-007  -1.2817453063454297E-006   6.4412623893672150        1.6556569780974876E-004  -1.1145225143978140E-003  -2.5621468922615076E-004   1.7824548593363887E-007 -0.36217541818087179        1.4303652782992038E-003  -1.0172948186331851E-006   6.4165945363239434     
 dijxc
  0.32079233969691506       -2.9672031425673824        24.986819744151092        1.1415735704422056E-005  -8.8557543168303290E-005  -1.1575568303717303E-002  -7.2990863678615878E-008   6.9410432988320685E-007  -4.1551111780073846E-008  -1.0877706194056917E-002  -8.0800082469220989E-006   1.2828166479800018E-005   4.2544951533470863E-005  -3.2796997707795357E-008  -1.1618672036586661E-002  -9.4760788125790887E-005   7.9010335454495547E-004 -0.36241773859130527        2.2417869175730776E-007  -2.5650858708985158E-004   6.4179621541810050        3.5569377062045290E-007  -3.5894412755069837E-006   2.2417869175730776E-007 -0.36658180453131961        1.7824125705725090E-007  -1.2817127841081383E-006   6.4412412584089269        1.6721533070737622E-004  -1.1289967996890636E-003  -2.5650858708985158E-004   1.7824125705725090E-007 -0.36217036681451981        1.4320006770823786E-003  -1.0172750152321365E-006   6.4165692147101154     
 dijxc
  0.32078824912766357       -2.9671635282433986        24.986442692372826        1.1426121384409469E-005  -8.8603314833256381E-005  -1.1573986110604874E-002  -7.2958800923093516E-008   6.9378974931860976E-007  -4.1552703736723724E-008  -1.0876435664338588E-002  -8.0147808005453805E-006   1.2373715085132992E-005   4.2499584970304266E-005  -3.2798761378109904E-008  -1.1617122337085589E-002  -9.4912595044392532E-005   7.9119843183667472E-004 -0.36242783938048267        2.2418575175541129E-007  -2.5624350190594559E-004   6.4180128990906979        3.5552931823738265E-007  -3.5877651060064235E-006   2.2418575175541129E-007 -0.36659011799178737        1.7825018996511990E-007  -1.2817508198387095E-006   6.4412823093507683        1.6656922390129609E-004  -1.1239030210896510E-003  -2.5624350190594559E-004   1.7825018996511990E-007 -0.36218027370292954        1.4305381944756598E-003  -1.0173247339572254E-006   6.4166188626393144     
 dijxc
  0.32079029695057426       -2.9671833403621228        24.986630966608079        1.1422598313180870E-005  -8.8592530917816961E-005  -1.1574792828858711E-002  -7.2973851110702406E-008   6.9393780087891987E-007  -4.1551598221973982E-008  -1.0877092406999023E-002  -8.2264467129369884E-006   1.4136179856373787E-005   4.2549112360237686E-005  -3.2798537270585988E-008  -1.1617916621439531E-002  -9.4852378702819435E-005   7.9077634649034876E-004 -0.36242270047661118        2.2418053881688284E-007  -2.5653483431652591E-004   6.4179870829078904        3.5560656579741585E-007  -3.5885541731513423E-006   2.2418053881688284E-007 -0.36658583798258110        1.7825007522096300E-007  -1.2817221402572077E-006   6.4412611450102331        1.6809548269535162E-004  -1.1371309991307617E-003  -2.5653483431652591E-004   1.7825007522096300E-007 -0.36217521045662926        1.4321589829601579E-003  -1.0173276749382353E-006   6.4165934760668257     
 dijxc
  0.32079028119835623       -2.9671832594067831        24.986631262278163        1.1417129330148713E-005  -8.8555573747494551E-005  -1.1574736618865863E-002  -7.2977154944346824E-008   6.9396852965961274E-007  -4.1553370279113536E-008  -1.0877012854536301E-002  -7.3985103713471226E-006   6.9294408617466324E-006   4.2439719734434742E-005  -3.2799319324671495E-008  -1.1617849836084840E-002  -9.4795803988783565E-005   7.9033703250954324E-004 -0.36242302221378764        2.2419011412441817E-007  -2.5588865107602742E-004   6.4179886913488531        3.5562380506099261E-007  -3.5887222085495458E-006   2.2419011412441817E-007 -0.36658629808591403        1.7825066387621802E-007  -1.2817769665577325E-006   6.4412635304684187        1.6274617665541419E-004  -1.0889857660107301E-003  -2.5588865107602742E-004   1.7825066387621802E-007 -0.36217559228011909        1.4285379783295989E-003  -1.0173159825907637E-006   6.4165954154455580     
 dijxc
  0.32079232711038336       -2.9672030724244562        24.986819838883711        1.1412026737648928E-005  -8.8533533145282534E-005  -1.1575528260902981E-002  -7.2993211482560965E-008   6.9412602737365146E-007  -4.1552598934448560E-008  -1.0877648645796517E-002  -7.4245880186030989E-006   7.0941148999936505E-006   4.2462285043170234E-005  -3.2798650853607752E-008  -1.1618625525894835E-002  -9.4720377302613633E-005   7.8979424095058611E-004 -0.36241796871995791        2.2418671211511038E-007  -2.5602055098598322E-004   6.4179633035218080        3.5570620844970240E-007  -3.5895618823069782E-006   2.2418671211511038E-007 -0.36658213833468695        1.7824732622140267E-007  -1.2817586780460587E-006   6.4412429899740689        1.6303814564593697E-004  -1.0912170140350958E-003  -2.5602055098598322E-004   1.7824732622140267E-007 -0.36217063415507167        1.4292655631067148E-003  -1.0172973729983103E-006   6.4165705669556967     
 dijxc
  0.32078823571269843       -2.9671634506116913        24.986442726267899        1.1422228722485674E-005  -8.8577593513994356E-005  -1.1573945024704289E-002  -7.2961251897041175E-008   6.9381245344419762E-007  -4.1554119032244888E-008  -1.0876377112590499E-002  -7.3724446867549245E-006   6.7648567194845846E-006   4.2417155862280111E-005  -3.2799983037931453E-008  -1.1617074191983857E-002  -9.4871195106355287E-005   7.9087955436899556E-004 -0.36242807544538430        2.2419338794474535E-007  -2.5575675802741573E-004   6.4180140786335240        3.5554223096437068E-007  -3.5878905328692489E-006   2.2419338794474535E-007 -0.36659045755142095        1.7825397541046596E-007  -1.2817945290668111E-006   6.4412840701908927        1.6245432054241732E-004  -1.0867554170561251E-003  -2.5575675802741573E-004   1.7825397541046596E-007 -0.36218055015431178        1.4278104198360657E-003  -1.0173344412013004E-006   6.4166202634520726     
 dijxc
  0.32079027893970180       -2.9671832361729957        24.986631019745939        1.1417050660996570E-005  -8.8554897137675095E-005  -1.1574736913722197E-002  -7.2977294080541663E-008   6.9396979831209201E-007  -4.1553345789928801E-008  -1.0877013152366229E-002  -7.3986841666265769E-006   6.9309453350854561E-006   4.2439737961498839E-005  -3.2799315097099601E-008  -1.1617850137068973E-002  -9.4795276211503013E-005   7.9033232142182875E-004 -0.36242302134151783        2.2418997493167516E-007  -2.5588875619560447E-004   6.4179886871395855        3.5562456985431061E-007  -3.5887294865773907E-006   2.2418997493167516E-007 -0.36658629721740044        1.7825064126900530E-007  -1.2817761785118289E-006   6.4412635264244162        1.6274731875651471E-004  -1.0889960384807172E-003  -2.5588875619560447E-004   1.7825064126900530E-007 -0.36217559137247579        1.4285385821015989E-003  -1.0173158545139393E-006   6.4165954110333541     
 dijxc
  0.32079029919847785       -2.9671833637922664        24.986631215387870        1.1422613173270349E-005  -8.8592607738448374E-005  -1.1574792297759560E-002  -7.2973913898371182E-008   6.9393841867589318E-007  -4.1551572641280627E-008  -1.0877091871415986E-002  -8.2303312962786533E-006   1.4173639500759776E-005   4.2549187952714545E-005  -3.2798385676223996E-008  -1.1617915858607990E-002  -9.4852573847749639E-005   7.9077773206983107E-004 -0.36242270262008475        2.2418040257233404E-007  -2.5653524906717586E-004   6.4179870933556682        3.5560686142331323E-007  -3.5885572031203063E-006   2.2418040257233404E-007 -0.36658584014656537        1.7824926837571421E-007  -1.2817213664332537E-006   6.4412611554332226        1.6811333265736550E-004  -1.1373148629497335E-003  -2.5653524906717586E-004   1.7824926837571421E-007 -0.36217521384487278        1.4321613319901922E-003  -1.0173231915334600E-006   6.4165934937070084     
 dijxc
  0.32079234977835863       -2.9672032041379466        24.986819779009011        1.1419291211225116E-005  -8.8583638200269327E-005  -1.1575598962793567E-002  -7.2988943482180372E-008   6.9408625812562448E-007  -4.1550521643612713E-008  -1.0877748589639212E-002  -8.4271395352255125E-006   1.5795492070040077E-005   4.2598485527810774E-005  -3.2798518293149169E-008  -1.1618710439388766E-002  -9.4793555326742218E-005   7.9036698747510139E-004 -0.36241756333583619        2.2417548129381032E-007  -2.5682533128969264E-004   6.4179612754102351        3.5568404647487423E-007  -3.5893455808532140E-006   2.2417548129381032E-007 -0.36658155951491445        1.7825100989771686E-007  -1.2816943480935630E-006   6.4412399877392534        1.6956610440789578E-004  -1.1498098611793998E-003  -2.5682533128969264E-004   1.7825100989771686E-007 -0.36217014830365724        1.4337749357839131E-003  -1.0173363268926489E-006   6.4165680941986860     
 dijxc
  0.32078825994797527       -2.9671635971099586        24.986442795212895        1.1429693105543626E-005  -8.8629556260185356E-005  -1.1574017313464732E-002  -7.2956867253069599E-008   6.9377153858541466E-007  -4.1552137414314739E-008  -1.0876478552389830E-002  -8.3537826821687095E-006   1.5264361937674108E-005   4.2552961503110646E-005  -3.2800450412599245E-008  -1.1617161477792272E-002  -9.4945469056230305E-005   7.9146315479122493E-004 -0.36242766094675777        2.2418266980330559E-007  -2.5655942383112445E-004   6.4180120037147823        3.5551954467078120E-007  -3.5876688822442394E-006   2.2418266980330559E-007 -0.36658987007252491        1.7826081056540797E-007  -1.2817331178094180E-006   6.4412810235611024        1.6887912067130209E-004  -1.1443108065613934E-003  -2.5655942383112445E-004   1.7826081056540797E-007 -0.36218005091336875        1.4323077383403015E-003  -1.0173907890598210E-006   6.4166177191618479     
 dijxc
  0.32079030841497003       -2.9671834159107644        24.986631133116592        1.1426406368689081E-005  -8.8620945133654610E-005  -1.1574824744720519E-002  -7.2971819803288518E-008   6.9391857908194217E-007  -4.1551176496635934E-008  -1.0877136034898816E-002  -8.5215226958369324E-006   1.6611873446921135E-005   4.2601750591766876E-005  -3.2801202883661069E-008  -1.1617957469417052E-002  -9.4886616511783898E-005   7.9105451911766619E-004 -0.36242251812768139        2.2417823225278606E-007  -2.5684681356971472E-004   6.4179861661482889        3.5559642543343135E-007  -3.5884539422516040E-006   2.2417823225278606E-007 -0.36658558588448603        1.7826574950689970E-007  -1.2817088606275808E-006   6.4412598363548224        1.7018645686103773E-004  -1.1553619630529355E-003  -2.5684681356971472E-004   1.7826574950689970E-007 -0.36217497821074024        1.4339058943006547E-003  -1.0174214180065740E-006   6.4165922789952692     
 dijxc
  0.32079028122474484       -2.9671832597903425        24.986631266310194        1.1417132085257553E-005  -8.8555598313341168E-005  -1.1574736613609006E-002  -7.2977317064773063E-008   6.9397002869936531E-007  -4.1553345906755317E-008  -1.0877012850057419E-002  -7.3985044095344953E-006   6.9293860927199975E-006   4.2439719040986940E-005  -3.2799314250201544E-008  -1.1617849831095498E-002  -9.4795820707805348E-005   7.9033718665563648E-004 -0.36242302226580436        2.2418997590984072E-007  -2.5588864719775124E-004   6.4179886914432043        3.5562467888986447E-007  -3.5887306307523939E-006   2.2418997590984072E-007 -0.36658629813269800        1.7825063631113916E-007  -1.2817761846999643E-006   6.4412635305323729        1.6274614385572124E-004  -1.0889854523157519E-003  -2.5588864719775124E-004   1.7825063631113916E-007 -0.36217559233026386        1.4285379562138010E-003  -1.0173158235860802E-006   6.4165954155297804     
 dijxc
  0.32079232714462735       -2.9672030728447956        24.986819843598717        1.1412029988272357E-005  -8.8533562169117804E-005  -1.1575528250661854E-002  -7.2993398357249418E-008   6.9412775755867260E-007  -4.1552570260977154E-008  -1.0877648636600283E-002  -7.4245811930939350E-006   7.0940522914463976E-006   4.2462284239068650E-005  -3.2798644727230798E-008  -1.1618625515993138E-002  -9.4720396948441078E-005   7.8979442246986803E-004 -0.36241796877521332        2.2418654951322491E-007  -2.5602054647564005E-004   6.4179633037080652        3.5570721150817011E-007  -3.5895715705788089E-006   2.2418654951322491E-007 -0.36658213838314468        1.7824729320106950E-007  -1.2817577582430614E-006   6.4412429901207862        1.6303810784939267E-004  -1.0912166531852740E-003  -2.5602054647564005E-004   1.7824729320106950E-007 -0.36217063420804468        1.4292655373981107E-003  -1.0172971822536662E-006   6.4165705671295195     
 dijxc
  0.32078823575896948       -2.9671634510272522        24.986442730757901        1.1422231877477368E-005  -8.8577621694749503E-005  -1.1573945004939329E-002  -7.2961434785151910E-008   6.9381414750587804E-007  -4.1554090671711499E-008  -1.0876377093936920E-002  -7.3724382076882805E-006   6.7647973633932807E-006   4.2417155084117759E-005  -3.2799976980648525E-008  -1.1617074172575417E-002  -9.4871214149724545E-005   7.9087973047317151E-004 -0.36242807549469924        2.2419322709976174E-007  -2.5575675365762101E-004   6.4180140787978441        3.5554321103661318E-007  -3.5879000066163501E-006   2.2419322709976174E-007 -0.36659045759369607        1.7825394286245075E-007  -1.2817936192309977E-006   6.4412840703142198        1.6245428451899867E-004  -1.0867550735455225E-003  -2.5575675365762101E-004   1.7825394286245075E-007 -0.36218055020129414        1.4278103949355112E-003  -1.0173342530745169E-006   6.4166202636036207     
 dijxc
  0.32079027898227502       -2.9671832365821151        24.986631024274402        1.1417054159899085E-005  -8.8554928405181447E-005  -1.1574736897967910E-002  -7.2977494952142640E-008   6.9397166130783216E-007  -4.1553313633391676E-008  -1.0877013138051575E-002  -7.3986772730417020E-006   6.9308823887124073E-006   4.2439737101704467E-005  -3.2799308234172774E-008  -1.1617850121767304E-002  -9.4795297297816685E-005   7.9033251667948862E-004 -0.36242302138190796        2.2418979249012453E-007  -2.5588875135812927E-004   6.4179886872606797        3.5562564174078281E-007  -3.5887398695304685E-006   2.2418979249012453E-007 -0.36658629724906761        1.7825060465844246E-007  -1.2817751466224341E-006   6.4412635264945983        1.6274728005200831E-004  -1.0889956705153268E-003  -2.5588875135812927E-004   1.7825060465844246E-007 -0.36217559141002842        1.4285385545508710E-003  -1.0173156426022686E-006   6.4165954111387880     
 dijxc
  0.32079031067824154       -2.9671834392480743        24.986631377359714        1.1426483278784654E-005  -8.8621602792004277E-005  -1.1574824394637889E-002  -7.2971847654279881E-008   6.9391886033785069E-007  -4.1551168991009172E-008  -1.0877135684434061E-002  -8.5237974564513539E-006   1.6633482446802697E-005   4.2601794821111319E-005  -3.2801147851382959E-008  -1.1617957035147501E-002  -9.4887136047105752E-005   7.9105910039798863E-004 -0.36242251929737801        2.2417819220322337E-007  -2.5684704221745175E-004   6.4179861718484599        3.5559655293930175E-007  -3.5884552871650140E-006   2.2417819220322337E-007 -0.36658558704126587        1.7826546413277570E-007  -1.2817086326605780E-006   6.4412598418353273        1.7019755959002836E-004  -1.1554733610476724E-003  -2.5684704221745175E-004   1.7826546413277570E-007 -0.36217497985535674        1.4339072015221745E-003  -1.0174198511272319E-006   6.4165922874260097     
 dijxc
  0.32079236203622702       -2.9672032878761256        24.986820022256644        1.1423400706102338E-005  -8.8614823249594542E-005  -1.1575631865383726E-002  -7.2986776902680866E-008   6.9406565034303243E-007  -4.1550285039958355E-008  -1.0877793232909501E-002  -8.6683332933962700E-006   1.7762055554998560E-005   4.2650215877760018E-005  -3.2802409719968145E-008  -1.1618753533424793E-002  -9.4829530249294718E-005   7.9066227465092334E-004 -0.36241737561400517        2.2417416748807341E-007  -2.5713246147782116E-004   6.4179603298086123        3.5567337662892051E-007  -3.5892396581024355E-006   2.2417416748807341E-007 -0.36658130174482262        1.7827303833225222E-007  -1.2816867300024650E-006   6.4412386485520052        1.7138874496487965E-004  -1.1653718016562216E-003  -2.5713246147782116E-004   1.7827303833225222E-007 -0.36216990369666197        1.4354940165041828E-003  -1.0174649132495284E-006   6.4165668276584142     
 dijxc
  0.32078827287954242       -2.9671636879213805        24.986443116246441        1.1433612373875616E-005  -8.8658951275037045E-005  -1.1574050038606634E-002  -7.2954800379587819E-008   6.9375188639714758E-007  -4.1551865066254593E-008  -1.0876522960296821E-002  -8.5934435958935084E-006   1.7218643781724622E-005   4.2604675432146249E-005  -3.2804171676106349E-008  -1.1617204030204095E-002  -9.4980474708485644E-005   7.9174886836548075E-004 -0.36242747376163853        2.2418116725176581E-007  -2.5686654897853133E-004   6.4180110599162257        3.5550936645613679E-007  -3.5875678654026900E-006   2.2418116725176581E-007 -0.36658961319652222        1.7828188373284611E-007  -1.2817244346921892E-006   6.4412796881428784        1.7068967391381629E-004  -1.1597714024083616E-003  -2.5686654897853133E-004   1.7828188373284611E-007 -0.36217980870027378        1.4340267007672595E-003  -1.0175139482481241E-006   6.4166164651615585     
 dijxc
  0.32079032212187003       -2.9671835162463482        24.986631571113641        1.1430191160609803E-005  -8.8649008990690758E-005  -1.1574857039997097E-002  -7.2969857557044053E-008   6.9389984953097851E-007  -4.1550983581949841E-008  -1.0877180024380498E-002  -8.7134067350000583E-006   1.8119653953445900E-005   4.2652734183948816E-005  -3.2805573304473294E-008  -1.1617999764580861E-002  -9.4921122604723176E-005   7.9133514593257386E-004 -0.36242233300885834        2.2417716099782880E-007  -2.5715019338828378E-004   6.4179852298607338        3.5558688194535837E-007  -3.5883588782251290E-006   2.2417716099782880E-007 -0.36658533095475671        1.7829003150371630E-007  -1.2817026611700363E-006   6.4412585078018720        1.7174927657352836E-004  -1.1684006351786952E-003  -2.5715019338828378E-004   1.7829003150371630E-007 -0.36217473678513351        1.4356031341723164E-003  -1.0175617711124709E-006   6.4165910248371656     
 dijxc
  0.32079028126817249       -2.9671832601641404        24.986631270754682        1.1417135598140205E-005  -8.8555629709388903E-005  -1.1574736596632690E-002  -7.2977518544710403E-008   6.9397189741965587E-007  -4.1553313701508510E-008  -1.0877012834507614E-002  -7.3984974790561856E-006   6.9293227849044376E-006   4.2439718179509384E-005  -3.2799307344739078E-008  -1.1617849814569189E-002  -9.4795841871795803E-005   7.9033738265225960E-004 -0.36242302229243739        2.2418979320801376E-007  -2.5588864234793224E-004   6.4179886915792679        3.5562575392301023E-007  -3.5887410447747834E-006   2.2418979320801376E-007 -0.36658629815062543        1.7825059947747652E-007  -1.2817751513217814E-006   6.4412635306176602        1.6274610495636615E-004  -1.0889850824312027E-003  -2.5588864234793224E-004   1.7825059947747652E-007 -0.36217559235407071        1.4285379285935325E-003  -1.0173156103862213E-006   6.4165954156502529     
 dijxc
  0.32079232718726536       -2.9672030732704648        24.986819848220076        1.1412033733301768E-005  -8.8533595651436636E-005  -1.1575528234996621E-002  -7.2993612841528153E-008   6.9412974990510116E-007  -4.1552534615980397E-008  -1.0877648622723536E-002  -7.4245742050288656E-006   7.0939887264391088E-006   4.2462283321651650E-005  -3.2798637124614973E-008  -1.1618625500890468E-002  -9.4720419482997018E-005   7.8979463145282267E-004 -0.36241796882283639        2.2418634721427899E-007  -2.5602054129386924E-004   6.4179633038446067        3.5570835014958337E-007  -3.5895826283934061E-006   2.2418634721427899E-007 -0.36658213842024595        1.7824725298703069E-007  -1.2817566141684595E-006   6.4412429901958452        1.6303806809293261E-004  -1.0912162766838320E-003  -2.5602054129386924E-004   1.7824725298703069E-007 -0.36217063425228135        1.4292655079093620E-003  -1.0172969491029999E-006   6.4165705672472217     
 dijxc
  0.32078823577750470       -2.9671634513744656        24.986442734926484        1.1422235493947752E-005  -8.8577654002214569E-005  -1.1573945006109088E-002  -7.2961643463556029E-008   6.9381608653359840E-007  -4.1554055482630721E-008  -1.0876377096923885E-002  -7.3724315650436383E-006   6.7647370434651647E-006   4.2417154189028133E-005  -3.2799969646174419E-008  -1.1617074174327134E-002  -9.4871235958560098E-005   7.9087993260417062E-004 -0.36242807553119200        2.2419302732305722E-007  -2.5575674859681919E-004   6.4180140789197457        3.5554431754078571E-007  -3.5879107575128331E-006   2.2419302732305722E-007 -0.36659045761959136        1.7825390414331546E-007  -1.2817924895148035E-006   6.4412840703741931        1.6245424653800223E-004  -1.0867547144685782E-003  -2.5575674859681919E-004   1.7825390414331546E-007 -0.36218055023431500        1.4278103661440182E-003  -1.0173340284777204E-006   6.4166202637061698     
 dijxc
  0.32079027901665741       -2.9671832369662905        24.986631028601884        1.1417057838632359E-005  -8.8554961209022688E-005  -1.1574736885712998E-002  -7.2977708364443343E-008   6.9397364752450997E-007  -4.1553275634338249E-008  -1.0877013127943591E-002  -7.3986709014682807E-006   6.9308248742101590E-006   4.2439736168699017E-005  -3.2799300695108434E-008  -1.1617850110223940E-002  -9.4795319597757143E-005   7.9033272314886884E-004 -0.36242302143509714        2.2418957658380496E-007  -2.5588874606118301E-004   6.4179886874698013        3.5562676715471791E-007  -3.5887508318048790E-006   2.2418957658380496E-007 -0.36658629728998815        1.7825056521281878E-007  -1.2817739259787253E-006   6.4412635266321399        1.6274724292154912E-004  -1.0889953216126048E-003  -2.5588874606118301E-004   1.7825056521281878E-007 -0.36217559145908046        1.4285385244534534E-003  -1.0173154133258562E-006   6.4165954113247219     
 dijxc
  0.32079032440722310       -2.9671835395340889        24.986631810208106        1.1430342870347669E-005  -8.8650367867272709E-005  -1.1574856940154171E-002  -7.2969844776427207E-008   6.9389973782820673E-007  -4.1550997750718394E-008  -1.0877179926784726E-002  -8.7134344880095148E-006   1.8119281739228200E-005   4.2652730492175739E-005  -3.2805640567884823E-008  -1.1617999785423848E-002  -9.4922032422178681E-005   7.9134359150215673E-004 -0.36242233284981373        2.2417723635916756E-007  -2.5715014312680895E-004   6.4179852290092239        3.5558681510739272E-007  -3.5883582712473236E-006   2.2417723635916756E-007 -0.36658533075201921        1.7829040581126603E-007  -1.2817030875864551E-006   6.4412585065513399        1.7175067464662483E-004  -1.1684091191509823E-003  -2.5715014312680895E-004   1.7829040581126603E-007 -0.36217473601824079        1.4356028746517653E-003  -1.0175638876764462E-006   6.4165910204584575     
 dijxc
  0.32079237658077198       -2.9672033986985316        24.986820591904085        1.1426969820970039E-005  -8.8640778778882533E-005  -1.1575663516340089E-002  -7.2984967033440809E-008   6.9404829409038392E-007  -4.1550167879072665E-008  -1.0877836583881383E-002  -8.8082568938992612E-006   1.8785197237390812E-005   4.2700425434504731E-005  -3.2807426253638041E-008  -1.1618795242385196E-002  -9.4863151246622936E-005   7.9093393722671091E-004 -0.36241719367574970        2.2417350913648379E-007  -2.5743190964692638E-004   6.4179594062980883        3.5566471262348225E-007  -3.5891529578302149E-006   2.2417350913648379E-007 -0.36658104991456902        1.7830048015117354E-007  -1.2816829153225911E-006   6.4412373323559011        1.7268020546206436E-004  -1.1757655658344143E-003  -2.5743190964692638E-004   1.7830048015117354E-007 -0.36216966474735807        1.4371683981258816E-003  -1.0176221053503202E-006   6.4165655818954086     
 dijxc
  0.32078828794692182       -2.9671638047044775        24.986443759554110        1.1436896008106993E-005  -8.8682213560162043E-005  -1.1574081065116273E-002  -7.2953144929329568E-008   6.9373602242834481E-007  -4.1551681404081456E-008  -1.0876565635556466E-002  -8.7375364059003948E-006   1.8284276320514433E-005   4.2655026932519397E-005  -3.2808816723768432E-008  -1.1617244361116566E-002  -9.5012640621597929E-005   7.9200600270008705E-004 -0.36242729481038038        2.2418015573158005E-007  -2.5716687525842799E-004   6.4180101508167393        3.5550144820124204E-007  -3.5874886507707674E-006   2.2418015573158005E-007 -0.36658936471231379        1.7830729895441111E-007  -1.2817186234606496E-006   6.4412783883358369        1.7199571498917175E-004  -1.1703372571998144E-003  -2.5716687525842799E-004   1.7830729895441111E-007 -0.36217957672500256        1.4357059695319198E-003  -1.0176597805981131E-006   6.4166152567908785     
 dijxc
  0.32079033779534766       -2.9671836425710567        24.986632362212294        1.1432886654732626E-005  -8.8666632141626013E-005  -1.1574885958759475E-002  -7.2968571467245637E-008   6.9388746244187769E-007  -4.1550777328451078E-008  -1.0877220598427488E-002  -8.8164567786325641E-006   1.8808028447700155E-005   4.2702680474910745E-005  -3.2810274529507733E-008  -1.1618036847079356E-002  -9.4950523878566915E-005   7.9156432217793301E-004 -0.36242216506519920        2.2417603845545376E-007  -2.5744871449803671E-004   6.4179843730486645        3.5558088115107556E-007  -3.5882984644904820E-006   2.2417603845545376E-007 -0.36658509350255564        1.7831542420730840E-007  -1.2816962700757846E-006   6.4412572604728515        1.7282997347747891E-004  -1.1768166636512772E-003  -2.5744871449803671E-004   1.7831542420730840E-007 -0.36217452156787533        1.4372715004739426E-003  -1.0177066969817251E-006   6.4165899015084378     
 dijxc
  0.32079028130977366       -2.9671832605502986        24.986631274853924        1.1417139288134442E-005  -8.8555662627198007E-005  -1.1574736579222589E-002  -7.2977732558890259E-008   6.9397388935452605E-007  -4.1553275652312765E-008  -1.0877012819259901E-002  -7.3984911108040788E-006   6.9292653056692802E-006   4.2439717247086124E-005  -3.2799299735590828E-008  -1.1617849797870887E-002  -9.4795864213474657E-005   7.9033758961355482E-004 -0.36242302234071472        2.2418957703265116E-007  -2.5588863705480367E-004   6.4179886917245010        3.5562688229460868E-007  -3.5887520372647738E-006   2.2418957703265116E-007 -0.36658629818658067        1.7825055967313720E-007  -1.2817739291325043E-006   6.4412635306910007        1.6274606784006027E-004  -1.0889847336584919E-003  -2.5588863705480367E-004   1.7825055967313720E-007 -0.36217559239821778        1.4285378985195172E-003  -1.0173153790247344E-006   6.4165954157723277     
 dijxc
  0.32079232721230089       -2.9672030735867709        24.986819851933422        1.1412037347625100E-005  -8.8533627800645225E-005  -1.1575528227167425E-002  -7.2993825030073586E-008   6.9413172885030573E-007  -4.1552494240689063E-008  -1.0877648617380588E-002  -7.4245684636047854E-006   7.0939373738722160E-006   4.2462282374163407E-005  -3.2798629590879721E-008  -1.1618625493921945E-002  -9.4720441545345413E-005   7.8979483544175865E-004 -0.36241796886946614        2.2418611759666403E-007  -2.5602053588458359E-004   6.4179633040557409        3.5570946114997020E-007  -3.5895934860918071E-006   2.2418611759666403E-007 -0.36658213845292997        1.7824721402627383E-007  -1.2817553163597419E-006   6.4412429903256028        1.6303803365638072E-004  -1.0912159559737327E-003  -2.5602053588458359E-004   1.7824721402627383E-007 -0.36217063429402802        1.4292654772129652E-003  -1.0172967220448844E-006   6.4165705674308402     
 dijxc
  0.32078823581042520       -2.9671634516722638        24.986442738311212        1.1422238975998223E-005  -8.8577684907316872E-005  -1.1573944991978377E-002  -7.2961849076961185E-008   6.9381800491814085E-007  -4.1554015643589369E-008  -1.0876377085262560E-002  -7.3724260551661092E-006   6.7646878556091737E-006   4.2417153251737375E-005  -3.2799962567494979E-008  -1.1617074161070953E-002  -9.4871257347349844E-005   7.9088012991047397E-004 -0.36242807556705398        2.2419280065079674E-007  -2.5575674324587315E-004   6.4180140790774640        3.5554539244574086E-007  -3.5879212676670725E-006   2.2419280065079674E-007 -0.36659045764161730        1.7825386763124368E-007  -1.2817912084893621E-006   6.4412840704513634        1.6245421333073944E-004  -1.0867544058175429E-003  -2.5575674324587315E-004   1.7825386763124368E-007 -0.36218055026520329        1.4278103357927541E-003  -1.0173338154950992E-006   6.4166202638358705     
 dijxc
  0.32079027904588509       -2.9671832372748401        24.986631031860508        1.1417061111367927E-005  -8.8554990057045386E-005  -1.1574736871721614E-002  -7.2977904539092878E-008   6.9397548283542134E-007  -4.1553234082065267E-008  -1.0877013116665835E-002  -7.3986661330816132E-006   6.9307828584929190E-006   4.2439735213353717E-005  -3.2799294319547529E-008  -1.1617850097263897E-002  -9.4795340091884209E-005   7.9033291105760981E-004 -0.36242302149677824        2.2418933982669503E-007  -2.5588874058383906E-004   6.4179886877100056        3.5562778288202294E-007  -3.5887608039027242E-006   2.2418933982669503E-007 -0.36658629733659043        1.7825053288919830E-007  -1.2817725884848387E-006   6.4412635267848071        1.6274721307450271E-004  -1.0889950475990390E-003  -2.5588874058383906E-004   1.7825053288919830E-007 -0.36217559151494344        1.4285384934319733E-003  -1.0173152238905635E-006   6.4165954115320805     
 dijxc
  0.32079034011421370       -2.9671836660638333        24.986632600918441        1.1433071259206369E-005  -8.8668302754568105E-005  -1.1574886022995105E-002  -7.2968540979803054E-008   6.9388717649031138E-007  -4.1550801782767901E-008  -1.0877220662101013E-002  -8.8146455668249819E-006   1.8789979922862214E-005   4.2702625143879207E-005  -3.2810410385949734E-008  -1.1618037174440404E-002  -9.4951601705011492E-005   7.9157448181125937E-004 -0.36242216402303223        2.2417616875859112E-007  -2.5744837593325378E-004   6.4179843677116093        3.5558073236203662E-007  -3.5882970241393253E-006   2.2417616875859112E-007 -0.36658509241848614        1.7831616479124270E-007  -1.2816970074655507E-006   6.4412572547472244        1.7282280377696455E-004  -1.1767371384135230E-003  -2.5744837593325378E-004   1.7831616479124270E-007 -0.36217451913988624        1.4372696081862105E-003  -1.0177108437545129E-006   6.4165898881764907     
 dijxc
  0.32079239282398181       -2.9672035347454120        24.986821544121245        1.1428888890013658E-005  -8.8650973816199350E-005  -1.1575689692423258E-002  -7.2984168261321484E-008   6.9404051733441767E-007  -4.1549895961861685E-008  -1.0877874410182599E-002  -8.8721778128273800E-006   1.9116910030039834E-005   4.2750086030985581E-005  -3.2811951192195439E-008  -1.1618827973599755E-002  -9.4888851935782394E-005   7.9112572884165191E-004 -0.36241704005753866        2.2417204663386444E-007  -2.5772935385301503E-004   6.4179586182745023        3.5566120464335363E-007  -3.5891170939739008E-006   2.2417204663386444E-007 -0.36658082691784905        1.7832458058253462E-007  -1.2816746496575665E-006   6.4412361546147539        1.7354008070563420E-004  -1.1820986000774670E-003  -2.5772935385301503E-004   1.7832458058253462E-007 -0.36216947208610190        1.4388299060414632E-003  -1.0177589949856473E-006   6.4165645744079800     
 dijxc
  0.32078830456941965       -2.9671639450059528        24.986444763580138        1.1438627971271328E-005  -8.8690616305668859E-005  -1.1574106726343514E-002  -7.2952467781169826E-008   6.9372943222890860E-007  -4.1551356898865024E-008  -1.0876602906874554E-002  -8.8083629735742194E-006   1.8683363036401963E-005   4.2704988398639644E-005  -3.2813021947470310E-008  -1.1617275861745421E-002  -9.5037424953979955E-005   7.9218831349320089E-004 -0.36242714372165902        2.2417841278267956E-007  -2.5746603883203408E-004   6.4180093757506622        3.5549851665591017E-007  -3.5874586163844875E-006   2.2417841278267956E-007 -0.36658914455034153        1.7832968240825135E-007  -1.2817087717494034E-006   6.4412772252126764        1.7288577123368332E-004  -1.1769902184734272E-003  -2.5746603883203408E-004   1.7832968240825135E-007 -0.36217939049130127        1.4373771864486925E-003  -1.0177871242237041E-006   6.4166142846382597     
 dijxc
  0.32079035464068412       -2.9671837892643960        24.986633498665530        1.1433814989765247E-005  -8.8667277946452417E-005  -1.1574908279136847E-002  -7.2968460363008155E-008   6.9388626411868221E-007  -4.1550355087160308E-008  -1.0877254531945754E-002  -8.8584690203901669E-006   1.8948864109236688E-005   4.2752895826164822E-005  -3.2814071512451609E-008  -1.1618062813670581E-002  -9.4971571175574891E-005   7.9170805261514305E-004 -0.36242203166883530        2.2417378197580745E-007  -2.5774977748808681E-004   6.4179836852120875        3.5558080094726336E-007  -3.5882966559531283E-006   2.2417378197580745E-007 -0.36658489119373999        1.7833531744829118E-007  -1.2816835586329519E-006   6.4412561855337946        1.7354873863919314E-004  -1.1818900844401989E-003  -2.5774977748808681E-004   1.7833531744829118E-007 -0.36217436460931901        1.4389527542427289E-003  -1.0178194692532121E-006   6.4165890827650305     
 dijxc
  0.32079028132909343       -2.9671832607853128        24.986631277711751        1.1417142561816049E-005  -8.8555691496416749E-005  -1.1574736572699917E-002  -7.2977928978426164E-008   6.9397572698163610E-007  -4.1553234073812810E-008  -1.0877012815465430E-002  -7.3984863843400025E-006   6.9292236848680195E-006   4.2439716296468894E-005  -3.2799293293063876E-008  -1.1617849792381431E-002  -9.4795884686452191E-005   7.9033777743834255E-004 -0.36242302237508794        2.2418934013956200E-007  -2.5588863160131976E-004   6.4179886919027851        3.5562789927047733E-007  -3.5887620223156612E-006   2.2418934013956200E-007 -0.36658629820580962        1.7825052700853831E-007  -1.2817725908570511E-006   6.4412635307812849        1.6274603819360127E-004  -1.0889844616095161E-003  -2.5588863160131976E-004   1.7825052700853831E-007 -0.36217559242677577        1.4285378676312552E-003  -1.0173151876156152E-006   6.4165954159177678     
 dijxc
  0.32079232723552409       -2.9672030737904844        24.986819854187903        1.1412040277657672E-005  -8.8533653356356811E-005  -1.1575528214854289E-002  -7.2994004984329470E-008   6.9413341881243519E-007  -4.1552451501372998E-008  -1.0877648608028680E-002  -7.4245647184585381E-006   7.0939051718144097E-006   4.2462281415869714E-005  -3.2798624292573942E-008  -1.1618625482812048E-002  -9.4720460427962454E-005   7.8979500702656329E-004 -0.36241796890717681        2.2418587365938022E-007  -2.5602053036868222E-004   6.4179633042308026        3.5571038018320259E-007  -3.5896025612730493E-006   2.2418587365938022E-007 -0.36658213847439564        1.7824718793885173E-007  -1.2817539389328185E-006   6.4412429904067086        1.6303800866505718E-004  -1.0912157311983111E-003  -2.5602053036868222E-004   1.7824718793885173E-007 -0.36217063432499674        1.4292654460340342E-003  -1.0172965678881212E-006   6.4165705675677680     
 dijxc
  0.32078823583307908       -2.9671634519054706        24.986442740764698        1.1422241814044583E-005  -8.8577709574460877E-005  -1.1573944979718177E-002  -7.2962023395411953E-008   6.9381964347120626E-007  -4.1553973402217166E-008  -1.0876377075865973E-002  -7.3724223798472251E-006   6.7646562456138179E-006   4.2417152291493622E-005  -3.2799957796945247E-008  -1.1617074150020557E-002  -9.4871275807036667E-005   7.9088029705943477E-004 -0.36242807562094725        2.2419255945701590E-007  -2.5575673771576673E-004   6.4180140792999527        3.5554627962722618E-007  -3.5879300388568220E-006   2.2419255945701590E-007 -0.36659045767964105        1.7825384437539774E-007  -1.2817898466930967E-006   6.4412840705821894        1.6245418877095845E-004  -1.0867541851067003E-003  -2.5575673771576673E-004   1.7825384437539774E-007 -0.36218055031228158        1.4278103045331188E-003  -1.0173336776037904E-006   6.4166202640198460     
 dijxc
  0.32079027906324731       -2.9671832374037144        24.986631033350264        1.1417063559887911E-005  -8.8555010947790195E-005  -1.1574736860280023E-002  -7.2978057630240901E-008   6.9397693099434426E-007  -4.1553191134264813E-008  -1.0877013108174696E-002  -7.3986633589228689E-006   6.9307598219215164E-006   4.2439734231820218E-005  -3.2799291240551995E-008  -1.1617850087200572E-002  -9.4795356789553810E-005   7.9033305992306179E-004 -0.36242302152778966        2.2418909410271581E-007  -2.5588873491789413E-004   6.4179886878823540        3.5562854384715034E-007  -3.5887684003030946E-006   2.2418909410271581E-007 -0.36658629735125331        1.7825051915587902E-007  -1.2817712018474577E-006   6.4412635268631844        1.6274719290121120E-004  -1.0889948710911459E-003  -2.5588873491789413E-004   1.7825051915587902E-007 -0.36217559153817486        1.4285384614524297E-003  -1.0173151401282330E-006   6.4165954116604622     
 dijxc
  0.32079035699603492       -2.9671838132712827        24.986633744167612        1.1433962932918746E-005  -8.8668612529801347E-005  -1.1574908305730096E-002  -7.2968443864262114E-008   6.9388610913006069E-007  -4.1550373262702929E-008  -1.0877254553035988E-002  -8.8558942563207160E-006   1.8923978510370992E-005   4.2752789418825298E-005  -3.2814182697426207E-008  -1.1618063091180290E-002  -9.4972448509625474E-005   7.9171633146241181E-004 -0.36242203081224644        2.2417387927082874E-007  -2.5774917000343346E-004   6.4179836804910755        3.5558072339441791E-007  -3.5882959149880790E-006   2.2417387927082874E-007 -0.36658489031967784        1.7833591528131475E-007  -1.2816841091216352E-006   6.4412561805682440        1.7353700990265018E-004  -1.1817680495966869E-003  -2.5774917000343346E-004   1.7833591528131475E-007 -0.36217436239020562        1.4389493196357728E-003  -1.0178227901654828E-006   6.4165890702229209     
 dijxc
  0.32079240975617951       -2.9672036870115153        24.986822815463832        1.1428850993311021E-005  -8.8642301031254255E-005  -1.1575707992618478E-002  -7.2984748881215928E-008   6.9404592753825947E-007  -4.1549322816485075E-008  -1.0877904311784772E-002  -8.8913895198656252E-006   1.9058677117914059E-005   4.2800841628412291E-005  -3.2815038858041185E-008  -1.1618847169156801E-002  -9.4905373863525127E-005   7.9122272525695471E-004 -0.36241692799175007        2.2416899260440382E-007  -2.5803394838417714E-004   6.4179580361638040        3.5566457756508837E-007  -3.5891495610432399E-006   2.2416899260440382E-007 -0.36658064623837017        1.7834036831618094E-007  -1.2816574679871222E-006   6.4412351871405882        1.7411282355453365E-004  -1.1858648925205221E-003  -2.5803394838417714E-004   1.7834036831618094E-007 -0.36216935105723425        1.4405303956232494E-003  -1.0178481981070501E-006   6.4165639449423164     
 dijxc
  0.32078832181239403       -2.9671640997283162        24.986446052839355        1.1438652119880674E-005  -8.8682461192502159E-005  -1.1574125199525810E-002  -7.2953085566759508E-008   6.9373521758596805E-007  -4.1550771419062625E-008  -1.0876632933116429E-002  -8.8340680841769296E-006   1.8686413551507834E-005   4.2756199287055142E-005  -3.2816032833174467E-008  -1.1617295012517695E-002  -9.5054364361308582E-005   7.9228872567388843E-004 -0.36242703053990744        2.2417529062396624E-007  -2.5777313991969908E-004   6.4180087892121307        3.5550205288638420E-007  -3.5874927905623488E-006   2.2417529062396624E-007 -0.36658896307154587        1.7834510457798098E-007  -1.2816911990088734E-006   6.4412762550199467        1.7349102197218266E-004  -1.1810814392903225E-003  -2.5777313991969908E-004   1.7834510457798098E-007 -0.36217926967968106        1.4390919386374197E-003  -1.0178744069385179E-006   6.4166136582975764     
 dijxc
  0.32079037166511293       -2.9671839447903601        24.986634850984849        1.1433273866152955E-005  -8.8653461766376662E-005  -1.1574923561546047E-002  -7.2969704790208388E-008   6.9389804645524330E-007  -4.1549654359159215E-008  -1.0877281323720796E-002  -8.8677311400693895E-006   1.8810292526537083E-005   4.2805335363556865E-005  -3.2816593503735974E-008  -1.1618076509957671E-002  -9.4986220015849399E-005   7.9178272732980466E-004 -0.36242193556725993        2.2417004630865815E-007  -2.5806410944092530E-004   6.4179831855334903        3.5558745538303397E-007  -3.5883618226001779E-006   2.2417004630865815E-007 -0.36658472725958763        1.7834792969052739E-007  -1.2816625395986544E-006   6.4412553048393386        1.7404488154778823E-004  -1.1850215463731434E-003  -2.5806410944092530E-004   1.7834792969052739E-007 -0.36217427315519751        1.4407078712623429E-003  -1.0178906380789013E-006   6.4165886133157972     
 dijxc
  0.32079028134469545       -2.9671832609599456        24.986631279519653        1.1417144996125930E-005  -8.8555712262309240E-005  -1.1574736562275097E-002  -7.2978081724659883E-008   6.9397717178945486E-007  -4.1553191141011457E-008  -1.0877012808020267E-002  -7.3984836653912351E-006   6.9292011862346649E-006   4.2439715319613795E-005  -3.2799290190795820E-008  -1.1617849783336832E-002  -9.4795901295358065E-005   7.9033792551039543E-004 -0.36242302243044433        2.2418909449440407E-007  -2.5588862596386940E-004   6.4179886921458280        3.5562865866109430E-007  -3.5887696026031170E-006   2.2418909449440407E-007 -0.36658629824472605        1.7825051315233184E-007  -1.2817712046673454E-006   6.4412635309298665        1.6274601829504421E-004  -1.0889842878544821E-003  -2.5588862596386940E-004   1.7825051315233184E-007 -0.36217559247434927        1.4285378358195417E-003  -1.0173151031497527E-006   6.4165954161168157     
 dijxc
  0.32079232724442425       -2.9672030739097246        24.986819855399595        1.1412042231699890E-005  -8.8533669482477418E-005  -1.1575528205798311E-002  -7.2994130581214613E-008   6.9413461927866384E-007  -4.1552408377036968E-008  -1.0877648601952637E-002  -7.4245629832588263E-006   7.0938919505914109E-006   4.2462280419192411E-005  -3.2798623380685118E-008  -1.1618625475308855E-002  -9.4720474832727189E-005   7.8979513230919012E-004 -0.36241796896597200        2.2418562633152601E-007  -2.5602052460202282E-004   6.4179633045049407        3.5571097981738304E-007  -3.5896086476532945E-006   2.2418562633152601E-007 -0.36658213851662336        1.7824718629680361E-007  -1.2817525441200053E-006   6.4412429905862343        1.6303799366962818E-004  -1.0912156064489631E-003  -2.5602052460202282E-004   1.7824718629680361E-007 -0.36217063437499331        1.4292654135413198E-003  -1.0172965529936842E-006   6.4165705677921991     
 dijxc
  0.32078823583382987       -2.9671634519696193        24.986442741618884        1.1422243748680802E-005  -8.8577725505231076E-005  -1.1573944977040798E-002  -7.2962145832902729E-008   6.9382081615521185E-007  -4.1553930635626388E-008  -1.0876377076085741E-002  -7.3724205609471632E-006   6.7646421782189994E-006   4.2417151283067180E-005  -3.2799957319493779E-008  -1.1617074148892029E-002  -9.4871290139252366E-005   7.9088042145427002E-004 -0.36242807565819823        2.2419231410567379E-007  -2.5575673189410023E-004   6.4180140795041876        3.5554685925378734E-007  -3.5879359418593855E-006   2.2419231410567379E-007 -0.36659045770074339        1.7825384507938395E-007  -1.2817884631018135E-006   6.4412840706943584        1.6245417349413011E-004  -1.0867540571698948E-003  -2.5575673189410023E-004   1.7825384507938395E-007 -0.36218055034072605        1.4278102717231286E-003  -1.0173336761228062E-006   6.4166202641743606     
 dijxc
  0.32079027905709323       -2.9671832374289866        24.986631033668456        1.1417065068884401E-005  -8.8555022766971490E-005  -1.1574736859520970E-002  -7.2978152000769598E-008   6.9397785307819042E-007  -4.1553148404707838E-008  -1.0877013110219484E-002  -7.3986623236294884E-006   6.9307530539424356E-006   4.2439733189759412E-005  -3.2799293233692657E-008  -1.1617850088147967E-002  -9.4795369169247787E-005   7.9033316408373829E-004 -0.36242302157361589        2.2418884836719164E-007  -2.5588872890184992E-004   6.4179886881075312        3.5562895435714872E-007  -3.5887727356109485E-006   2.2418884836719164E-007 -0.36658629738129372        1.7825053363262273E-007  -1.2817698169500444E-006   6.4412635269990091        1.6274718170084730E-004  -1.0889947833116029E-003  -2.5588872890184992E-004   1.7825053363262273E-007 -0.36217559157425055        1.4285384275801853E-003  -1.0173152170357169E-006   6.4165954118306203     
 dijxc
  0.32079037403179389       -2.9671839693868094        24.986635108111066        1.1433333094761594E-005  -8.8653974423108804E-005  -1.1574923347606153E-002  -7.2969719013729819E-008   6.9389818683118202E-007  -4.1549657265236964E-008  -1.0877281106455590E-002  -8.8654552302630153E-006   1.8789025723037157E-005   4.2805177751053833E-005  -3.2816612698846840E-008  -1.1618076369628146E-002  -9.4986621369688750E-005   7.9178640872183854E-004 -0.36242193602337064        2.2417006295394242E-007  -2.5806324245009385E-004   6.4179831870526698        3.5558752744578777E-007  -3.5883625760002423E-006   2.2417006295394242E-007 -0.36658472769831357        1.7834801715313859E-007  -1.2816626356853390E-006   6.4412553061203921        1.7403305899791433E-004  -1.1849051232849122E-003  -2.5806324245009385E-004   1.7834801715313859E-007 -0.36217427316021605        1.4407029341088171E-003  -1.0178910814004447E-006   6.4165886122870210     
 dijxc
  0.32079242635158028       -2.9672038414368553        24.986824213661720        1.1427748005559831E-005  -8.8622803060448008E-005  -1.1575719852814692E-002  -7.2986689944791244E-008   6.9406439322589083E-007  -4.1548474648433508E-008  -1.0877927614235020E-002  -8.8913249397430036E-006   1.8846652614880880E-005   4.2854941384664415E-005  -3.2816887194918827E-008  -1.1618854895739161E-002  -9.4917825993979756E-005   7.9127202811883385E-004 -0.36241685038379762        2.2416446928420081E-007  -2.5835789862564939E-004   6.4179576313515296        3.5567467376451110E-007  -3.5892490119338008E-006   2.2416446928420081E-007 -0.36658050143215626        1.7834921321695892E-007  -1.2816320086258161E-006   6.4412344049001291        1.7453347462091022E-004  -1.1883802720355566E-003  -2.5835789862564939E-004   1.7834921321695892E-007 -0.36216929199351872        1.4423394242783888E-003  -1.0178979925291363E-006   6.4165636496902181     
 dijxc
  0.32078833874485679       -2.9671642558346956        24.986447442838500        1.1437871400069944E-005  -8.8665903808416243E-005  -1.1574138209711718E-002  -7.2954989235545311E-008   6.9375333024916621E-007  -4.1549943657770188E-008  -1.0876657293228960E-002  -8.8383050500356627E-006   1.8513026389243604E-005   4.2810879765603634E-005  -3.2818050609810709E-008  -1.1617304396466688E-002  -9.5068617242664659E-005   7.9235499967176713E-004 -0.36242694665294772        2.2417087123025342E-007  -2.5810023122021749E-004   6.4180083543981254        3.5551195579836877E-007  -3.5875903497185044E-006   2.2417087123025342E-007 -0.36658881248143538        1.7835494647155775E-007  -1.2816663086188221E-006   6.4412754454931465        1.7393710296164551E-004  -1.1838341906292888E-003  -2.5810023122021749E-004   1.7835494647155775E-007 -0.36217920178403118        1.4409189135184176E-003  -1.0179299127258154E-006   6.4166133183045826     
 dijxc
  0.32079038805188653       -2.9671840958922648        24.986636203363258        1.1432590732084334E-005  -8.8637304666450704E-005  -1.1574935261733268E-002  -7.2972175933767003E-008   6.9392159102413251E-007  -4.1548735919108108E-008  -1.0877304186684665E-002  -8.8648268460119368E-006   1.8579982314481018E-005   4.2862435062183230E-005  -3.2818381144898434E-008  -1.1618083490706921E-002  -9.5001863609780253E-005   7.9185814634593591E-004 -0.36242185905781027        2.2416513311876890E-007  -2.5840486315431387E-004   6.4179827917026122        3.5560016727429315E-007  -3.5884873284513591E-006   2.2416513311876890E-007 -0.36658458523498944        1.7835652496772295E-007  -1.2816348328042312E-006   6.4412545429863348        1.7443454634532196E-004  -1.1873130826078140E-003  -2.5840486315431387E-004   1.7835652496772295E-007 -0.36217421888742812        1.4426119167233722E-003  -1.0179390140339130E-006   6.4165883497259246     
 dijxc
  0.32079028133884430       -2.9671832609673836        24.986631279767842        1.1417146479793353E-005  -8.8555723839272546E-005  -1.1574736561048585E-002  -7.2978175240007692E-008   6.9397808569311400E-007  -4.1553148462688024E-008  -1.0877012809601988E-002  -7.3984826787616643E-006   6.9291948858401055E-006   4.2439714280628884E-005  -3.2799292218776304E-008  -1.1617849783819634E-002  -9.4795913552916749E-005   7.9033802843184024E-004 -0.36242302246929481        2.2418884903326241E-007  -2.5588861996401655E-004   6.4179886923722691        3.5562906507576441E-007  -3.5887738961567888E-006   2.2418884903326241E-007 -0.36658629826776606        1.7825052780487771E-007  -1.2817698213506905E-006   6.4412635310667916        1.6274600732849042E-004  -1.0889842024423859E-003  -2.5588861996401655E-004   1.7825052780487771E-007 -0.36217559250343101        1.4285378020382905E-003  -1.0173151810942562E-006   6.4165954162881391     
 dijxc
  0.32079232724720230       -2.9672030738538941        24.986819854930538        1.1412043269775372E-005  -8.8533676759291200E-005  -1.1575528194940884E-002  -7.2994192573823602E-008   6.9413525202991014E-007  -4.1552366123759936E-008  -1.0877648593732796E-002  -7.4245627097497870E-006   7.0938922257913312E-006   4.2462279339415742E-005  -3.2798628288561310E-008  -1.1618625466311885E-002  -9.4720485038927711E-005   7.8979521395077196E-004 -0.36241796899070328        2.2418538263492232E-007  -2.5602051837892315E-004   6.4179633047141476        3.5571119559621939E-007  -3.5896111754793104E-006   2.2418538263492232E-007 -0.36658213852632210        1.7824721693423098E-007  -1.2817511717044192E-006   6.4412429907111068        1.6303798657752008E-004  -1.0912155587260175E-003  -2.5602051837892315E-004   1.7824721693423098E-007 -0.36217063438902392        1.4292653785270833E-003  -1.0172967219737690E-006   6.4165705679410863     
 dijxc
  0.32078823584532501       -2.9671634520051948        24.986442741669716        1.1422244842463497E-005  -8.8577733327467289E-005  -1.1573944960327556E-002  -7.2962207594782643E-008   6.9382144883262069E-007  -4.1553888557184659E-008  -1.0876377061934867E-002  -7.3724201262361599E-006   6.7646408589272912E-006   4.2417150195032671E-005  -3.2799962423918222E-008  -1.1617074134025261E-002  -9.4871300585962107E-005   7.9088050562276663E-004 -0.36242807571457691        2.2419207140828030E-007  -2.5575672563365472E-004   6.4180140797651646        3.5554706968596782E-007  -3.5879384335427715E-006   2.2419207140828030E-007 -0.36659045774248811        1.7825387682138990E-007  -1.2817870962975628E-006   6.4412840708732357        1.6245416573416210E-004  -1.0867540022589921E-003  -2.5575672563365472E-004   1.7825387682138990E-007 -0.36218055038648000        1.4278102364819142E-003  -1.0173338513372712E-006   6.4166202643754513     
 dijxc
  0.32079027905431823       -2.9671832373728897        24.986631033072431        1.1417065837205261E-005  -8.8555027484233878E-005  -1.1574736850843884E-002  -7.2978184403447748E-008   6.9397822698943872E-007  -4.1553106781883060E-008  -1.0877013103903058E-002  -7.3986623915870180E-006   6.9307562641012183E-006   4.2439732059976716E-005  -3.2799301153872165E-008  -1.1617850081442407E-002  -9.4795378045415369E-005   7.9033323227402461E-004 -0.36242302161484341        2.2418860766149544E-007  -2.5588872242625598E-004   6.4179886883640149        3.5562898109110890E-007  -3.5887735477351299E-006   2.2418860766149544E-007 -0.36658629740895565        1.7825058108905330E-007  -1.2817684622282829E-006   6.4412635271800109        1.6274717691588258E-004  -1.0889947564491375E-003  -2.5588872242625598E-004   1.7825058108905330E-007 -0.36217559160409740        1.4285383911309540E-003  -1.0173154815885995E-006   6.4165954120229847     
 dijxc
  0.32079039041573226       -2.9671841207714706        24.986636469961404        1.1432559863949294E-005  -8.8636979619857926E-005  -1.1574934695254772E-002  -7.2972214711746058E-008   6.9392197204480245E-007  -4.1548727374444665E-008  -1.0877303632741503E-002  -8.8633799391594301E-006   1.8567214848334314E-005   4.2862233152261960E-005  -3.2818311423371512E-008  -1.1618082740326573E-002  -9.5001783801687705E-005   7.9185712045576416E-004 -0.36242186134750548        2.2416508955438275E-007  -2.5840377158005358E-004   6.4179828023316077        3.5560035574818219E-007  -3.5884892601202389E-006   2.2416508955438275E-007 -0.36658458744272998        1.7835612037883726E-007  -1.2816345930252898E-006   6.4412545530126932        1.7442553237395183E-004  -1.1872304993747794E-003  -2.5840377158005358E-004   1.7835612037883726E-007 -0.36217422210577194        1.4426056768392626E-003  -1.0179367018563953E-006   6.4165883657222667     
