 dijxc
  -9.5001507944991563E-003   9.7222704874608254E-002 -0.75971042124790533        9.2982880293298499E-005  -1.2230892255696139E-003  -1.3461339927878864E-003  -5.1392147680444682E-007   6.8126673932591563E-006   5.1949693304465237E-009  -1.3454438410547445E-003  -1.5912975812752334E-004   2.0929850471443820E-003   1.5043290577670322E-006  -9.3930872876880947E-009  -1.3478121867217230E-003
  -9.5001507944991563E-003   9.7222704874608254E-002 -0.75971042124790533        9.2982880293298499E-005  -1.2230892255696139E-003  -1.3461339927878864E-003  -5.1392147680444682E-007   6.8126673932591563E-006   5.1949693304465237E-009  -1.3454438410547445E-003  -1.5912975812752334E-004   2.0929850471443820E-003   1.5043290577670322E-006  -9.3930872876880947E-009  -1.3478121867217230E-003
 dijxc
  -9.5001507944991563E-003   9.7222704874608254E-002 -0.75971042124790533        9.2982880293298499E-005  -1.2230892255696139E-003  -1.3461339927878864E-003  -5.1392147680444682E-007   6.8126673932591563E-006   5.1949693304465237E-009  -1.3454438410547445E-003  -1.5912975812752334E-004   2.0929850471443820E-003   1.5043290577670322E-006  -9.3930872876880947E-009  -1.3478121867217230E-003
  -9.5001507944991563E-003   9.7222704874608254E-002 -0.75971042124790533        9.2982880293298499E-005  -1.2230892255696139E-003  -1.3461339927878864E-003  -5.1392147680444682E-007   6.8126673932591563E-006   5.1949693304465237E-009  -1.3454438410547445E-003  -1.5912975812752334E-004   2.0929850471443820E-003   1.5043290577670322E-006  -9.3930872876880947E-009  -1.3478121867217230E-003
 dijxc
  -9.5004883062590334E-003   9.7226163880862818E-002 -0.75973743309996489        9.2987901718570657E-005  -1.2231546096528577E-003  -1.3461817135899351E-003  -5.1394145068960359E-007   6.8129206911694686E-006   5.1952883107913979E-009  -1.3454914374749251E-003  -1.5913841682025856E-004   2.0930978867456243E-003   1.5044563043852270E-006  -9.3936384533743420E-009  -1.3478600547678654E-003
  -9.5004883062590334E-003   9.7226163880862818E-002 -0.75973743309996489        9.2987901718570657E-005  -1.2231546096528577E-003  -1.3461817135899351E-003  -5.1394145068960359E-007   6.8129206911694686E-006   5.1952883107913979E-009  -1.3454914374749251E-003  -1.5913841682025856E-004   2.0930978867456243E-003   1.5044563043852270E-006  -9.3936384533743420E-009  -1.3478600547678654E-003
 dijxc
  -9.4998134673111596E-003   9.7219244938865260E-002 -0.75968342059009608        9.2977859399412394E-005  -1.2230238480321156E-003  -1.3460865240780338E-003  -5.1390150429671460E-007   6.8124141108692328E-006   5.1946503913570377E-009  -1.3453964967128998E-003  -1.5912110037278826E-004   2.0928722191365210E-003   1.5042018310977143E-006  -9.3925361963249883E-009  -1.3477645707915373E-003
  -9.4998134673111596E-003   9.7219244938865260E-002 -0.75968342059009608        9.2977859399412394E-005  -1.2230238480321156E-003  -1.3460865240780338E-003  -5.1390150429671460E-007   6.8124141108692328E-006   5.1946503913570377E-009  -1.3453964967128998E-003  -1.5912110037278826E-004   2.0928722191365210E-003   1.5042018310977143E-006  -9.3925361963249883E-009  -1.3477645707915373E-003
 dijxc
  -9.5001512632344447E-003   9.7222706073940762E-002 -0.75971045481099930        9.2982885563433658E-005  -1.2230893215830177E-003  -1.3461342977485516E-003  -5.1392156786471619E-007   6.8126687421827782E-006   5.1949691986248044E-009  -1.3454441460999578E-003  -1.5912975945219415E-004   2.0929851109225224E-003   1.5043287866281143E-006  -9.3930865005597692E-009  -1.3478124912045795E-003
  -9.5001512632344447E-003   9.7222706073940762E-002 -0.75971045481099930        9.2982885563433658E-005  -1.2230893215830177E-003  -1.3461342977485516E-003  -5.1392156786471619E-007   6.8126687421827782E-006   5.1949691986248044E-009  -1.3454441460999578E-003  -1.5912975945219415E-004   2.0929851109225224E-003   1.5043287866281143E-006  -9.3930865005597692E-009  -1.3478124912045795E-003
 dijxc
  -9.5001512080389108E-003   9.7222704051096967E-002 -0.75971044794838294        9.2982861645446384E-005  -1.2230889972266682E-003  -1.3461344280355405E-003  -5.1392145664188196E-007   6.8126671340316371E-006   5.1949675495354694E-009  -1.3454442765954040E-003  -1.5912969292361517E-004   2.0929844742061179E-003   1.5043291592031460E-006  -9.3930849200686101E-009  -1.3478126353081608E-003
  -9.5001512080389108E-003   9.7222704051096967E-002 -0.75971044794838294        9.2982861645446384E-005  -1.2230889972266682E-003  -1.3461344280355405E-003  -5.1392145664188196E-007   6.8126671340316371E-006   5.1949675495354694E-009  -1.3454442765954040E-003  -1.5912969292361517E-004   2.0929844742061179E-003   1.5043291592031460E-006  -9.3930849200686101E-009  -1.3478126353081608E-003
 dijxc
  -9.5005568075840589E-003   9.7226820905723210E-002 -0.75974267122485006        9.2988668059907901E-005  -1.2231658929843770E-003  -1.3461922342796930E-003  -5.1394778260035617E-007   6.8130098097922597E-006   5.1953189513009345E-009  -1.3455019603923358E-003  -1.5914020919194027E-004   2.0931238128763883E-003   1.5044735442125548E-006  -9.3937425039245157E-009  -1.3478706340742605E-003
  -9.5005568075840589E-003   9.7226820905723210E-002 -0.75974267122485006        9.2988668059907901E-005  -1.2231658929843770E-003  -1.3461922342796930E-003  -5.1394778260035617E-007   6.8130098097922597E-006   5.1953189513009345E-009  -1.3455019603923358E-003  -1.5914020919194027E-004   2.0931238128763883E-003   1.5044735442125548E-006  -9.3937425039245157E-009  -1.3478706340742605E-003
 dijxc
  -9.4998820255978375E-003   9.7219901115271554E-002 -0.75968865836981192        9.2978631419570739E-005  -1.2230352034690031E-003  -1.3460971590749068E-003  -5.1390781313920312E-007   6.8125029242018586E-006   5.1946812268248151E-009  -1.3454071338324055E-003  -1.5912285927057029E-004   2.0928977025765970E-003   1.5042187443686778E-006  -9.3926382124024771E-009  -1.3477752632380590E-003
  -9.4998820255978375E-003   9.7219901115271554E-002 -0.75968865836981192        9.2978631419570739E-005  -1.2230352034690031E-003  -1.3460971590749068E-003  -5.1390781313920312E-007   6.8125029242018586E-006   5.1946812268248151E-009  -1.3454071338324055E-003  -1.5912285927057029E-004   2.0928977025765970E-003   1.5042187443686778E-006  -9.3926382124024771E-009  -1.3477752632380590E-003
 dijxc
  -9.5002849478140385E-003   9.7223993573185119E-002 -0.75972070138725067        9.2984949713361220E-005  -1.2231187785124084E-003  -1.3461549019171978E-003  -5.1393184040929675E-007   6.8128157025524762E-006   5.1950460845922310E-009  -1.3454647434509169E-003  -1.5913062867320676E-004   2.0930011428316520E-003   1.5043417918997237E-006  -9.3931122113563257E-009  -1.3478330926892316E-003
  -9.5002849478140385E-003   9.7223993573185119E-002 -0.75972070138725067        9.2984949713361220E-005  -1.2231187785124084E-003  -1.3461549019171978E-003  -5.1393184040929675E-007   6.8128157025524762E-006   5.1950460845922310E-009  -1.3454647434509169E-003  -1.5913062867320676E-004   2.0930011428316520E-003   1.5043417918997237E-006  -9.3931122113563257E-009  -1.3478330926892316E-003
 dijxc
  -9.5001507822749850E-003   9.7222704851082184E-002 -0.75971042214347728        9.2982880300924452E-005  -1.2230892253417998E-003  -1.3461339899407292E-003  -5.1392147630384770E-007   6.8126673850254556E-006   5.1949693349009500E-009  -1.3454438382064190E-003  -1.5912975813497460E-004   2.0929850466801761E-003   1.5043290603625467E-006  -9.3930872977425710E-009  -1.3478121838773249E-003
  -9.5001507822749850E-003   9.7222704851082184E-002 -0.75971042214347728        9.2982880300924452E-005  -1.2230892253417998E-003  -1.3461339899407292E-003  -5.1392147630384770E-007   6.8126673850254556E-006   5.1949693349009500E-009  -1.3454438382064190E-003  -1.5912975813497460E-004   2.0929850466801761E-003   1.5043290603625467E-006  -9.3930872977425710E-009  -1.3478121838773249E-003
 dijxc
  -9.5004883256094973E-003   9.7226162767872035E-002 -0.75973744116510666        9.2987901329755091E-005  -1.2231546035669637E-003  -1.3461818613371892E-003  -5.1394144252449206E-007   6.8129205786180354E-006   5.1952882635584320E-009  -1.3454915852238504E-003  -1.5913841647352336E-004   2.0930978804872950E-003   1.5044563099929835E-006  -9.3936383991896080E-009  -1.3478602025283771E-003
  -9.5004883256094973E-003   9.7226162767872035E-002 -0.75973744116510666        9.2987901329755091E-005  -1.2231546035669637E-003  -1.3461818613371892E-003  -5.1394144252449206E-007   6.8129205786180354E-006   5.1952882635584320E-009  -1.3454915852238504E-003  -1.5913841647352336E-004   2.0930978804872950E-003   1.5044563099929835E-006  -9.3936383991896080E-009  -1.3478602025283771E-003
 dijxc
  -9.4998134390380986E-003   9.7219244850886483E-002 -0.75968341981762977        9.2977859004944488E-005  -1.2230238420436750E-003  -1.3460865111808388E-003  -5.1390149628277929E-007   6.8124140012356120E-006   5.1946503419638375E-009  -1.3453964838178812E-003  -1.5912110001484322E-004   2.0928722130248074E-003   1.5042018355337942E-006  -9.3925361376607288E-009  -1.3477645579062624E-003
  -9.4998134390380986E-003   9.7219244850886483E-002 -0.75968341981762977        9.2977859004944488E-005  -1.2230238420436750E-003  -1.3460865111808388E-003  -5.1390149628277929E-007   6.8124140012356120E-006   5.1946503419638375E-009  -1.3453964838178812E-003  -1.5912110001484322E-004   2.0928722130248074E-003   1.5042018355337942E-006  -9.3925361376607288E-009  -1.3477645579062624E-003
 dijxc
  -9.5001512636653084E-003   9.7222705682389346E-002 -0.75971045125328118        9.2982884927605110E-005  -1.2230893113937609E-003  -1.3461343179776899E-003  -5.1392155574575122E-007   6.8126685728568314E-006   5.1949691395065179E-009  -1.3454441663311328E-003  -1.5912975891683531E-004   2.0929851006991152E-003   1.5043287977066704E-006  -9.3930864440812766E-009  -1.3478125114583213E-003
  -9.5001512636653084E-003   9.7222705682389346E-002 -0.75971045125328118        9.2982884927605110E-005  -1.2230893113937609E-003  -1.3461343179776899E-003  -5.1392155574575122E-007   6.8126685728568314E-006   5.1949691395065179E-009  -1.3454441663311328E-003  -1.5912975891683531E-004   2.0929851006991152E-003   1.5043287977066704E-006  -9.3930864440812766E-009  -1.3478125114583213E-003
 dijxc
  -9.5002855923979699E-003   9.7223999172454334E-002 -0.75972075002146422        9.2984779053687354E-005  -1.2231165318656533E-003  -1.3461549669970044E-003  -5.1393252772606204E-007   6.8128245278697410E-006   5.1950417897069156E-009  -1.3454648120077319E-003  -1.5913151649578068E-004   2.0930127107551010E-003   1.5043488114732581E-006  -9.3931722376368639E-009  -1.3478331923238590E-003
  -9.5002855923979699E-003   9.7223999172454334E-002 -0.75972075002146422        9.2984779053687354E-005  -1.2231165318656533E-003  -1.3461549669970044E-003  -5.1393252772606204E-007   6.8128245278697410E-006   5.1950417897069156E-009  -1.3454648120077319E-003  -1.5913151649578068E-004   2.0930127107551010E-003   1.5043488114732581E-006  -9.3931722376368639E-009  -1.3478331923238590E-003
 dijxc
  -9.5006877306684986E-003   9.7228088646729868E-002 -0.75975274550683314        9.2991083512568556E-005  -1.2231998801206069E-003  -1.3462123054640087E-003  -5.1395653656495474E-007   6.8131368469336591E-006   5.1954072900350291E-009  -1.3455220174623842E-003  -1.5913930273481219E-004   2.0931162883538195E-003   1.5044719973753306E-006  -9.3936497195339186E-009  -1.3478906182502217E-003
  -9.5006877306684986E-003   9.7228088646729868E-002 -0.75975274550683314        9.2991083512568556E-005  -1.2231998801206069E-003  -1.3462123054640087E-003  -5.1395653656495474E-007   6.8131368469336591E-006   5.1954072900350291E-009  -1.3455220174623842E-003  -1.5913930273481219E-004   2.0931162883538195E-003   1.5044719973753306E-006  -9.3936497195339186E-009  -1.3478906182502217E-003
 dijxc
  -9.5000101677368623E-003   9.7221149150687997E-002 -0.75969855030414624        9.2981497986327857E-005  -1.2230750317384234E-003  -1.3461166978832001E-003  -5.1391460859777996E-007   6.8126042912951217E-006   5.1947833782640203E-009  -1.3454266489492394E-003  -1.5911960306466433E-004   2.0928594061557864E-003   1.5041995374811298E-006  -9.3923909106095372E-009  -1.3477946243627822E-003
  -9.5000101677368623E-003   9.7221149150687997E-002 -0.75969855030414624        9.2981497986327857E-005  -1.2230750317384234E-003  -1.3461166978832001E-003  -5.1391460859777996E-007   6.8126042912951217E-006   5.1947833782640203E-009  -1.3454266489492394E-003  -1.5911960306466433E-004   2.0928594061557864E-003   1.5041995374811298E-006  -9.3923909106095372E-009  -1.3477946243627822E-003
 dijxc
  -9.5004069239577344E-003   9.7225196906676761E-002 -0.75973018822362504        9.2988612752465167E-005  -1.2231688427445792E-003  -1.3461732221857583E-003  -5.1393536838786585E-007   6.8128740239544595E-006   5.1951761398879017E-009  -1.3454830235098323E-003  -1.5912319719547062E-004   2.0929080447244603E-003   1.5042908217551767E-006  -9.3925963121036133E-009  -1.3478510735310232E-003
  -9.5004069239577344E-003   9.7225196906676761E-002 -0.75973018822362504        9.2988612752465167E-005  -1.2231688427445792E-003  -1.3461732221857583E-003  -5.1393536838786585E-007   6.8128740239544595E-006   5.1951761398879017E-009  -1.3454830235098323E-003  -1.5912319719547062E-004   2.0929080447244603E-003   1.5042908217551767E-006  -9.3925963121036133E-009  -1.3478510735310232E-003
 dijxc
  -9.5001508448386719E-003   9.7222704076979527E-002 -0.75971042497118635        9.2982879605920028E-005  -1.2230892147214161E-003  -1.3461341152787153E-003  -5.1392146301798823E-007   6.8126672023205506E-006   5.1949692561029341E-009  -1.3454439635482692E-003  -1.5912975752666069E-004   2.0929850360873743E-003   1.5043290683917643E-006  -9.3930872085857491E-009  -1.3478123092371095E-003
  -9.5001508448386719E-003   9.7222704076979527E-002 -0.75971042497118635        9.2982879605920028E-005  -1.2230892147214161E-003  -1.3461341152787153E-003  -5.1392146301798823E-007   6.8126672023205506E-006   5.1949692561029341E-009  -1.3454439635482692E-003  -1.5912975752666069E-004   2.0929850360873743E-003   1.5043290683917643E-006  -9.3930872085857491E-009  -1.3478123092371095E-003
 dijxc
  -9.5004882263885395E-003   9.7226163169813890E-002 -0.75973743082181100        9.2987900394196372E-005  -1.2231545886937246E-003  -1.3461817181800513E-003  -5.1394142519645160E-007   6.8129203366903781E-006   5.1952881779548471E-009  -1.3454914420701263E-003  -1.5913841568707511E-004   2.0930978656658128E-003   1.5044563253109105E-006  -9.3936383169526763E-009  -1.3478600594063921E-003
  -9.5004882263885395E-003   9.7226163169813890E-002 -0.75973743082181100        9.2987900394196372E-005  -1.2231545886937246E-003  -1.3461817181800513E-003  -5.1394142519645160E-007   6.8129203366903781E-006   5.1952881779548471E-009  -1.3454914420701263E-003  -1.5913841568707511E-004   2.0930978656658128E-003   1.5044563253109105E-006  -9.3936383169526763E-009  -1.3478600594063921E-003
 dijxc
  -9.4998132800938381E-003   9.7219245116675984E-002 -0.75968341291570729        9.2977858172807327E-005  -1.2230238289274390E-003  -1.3460863588598017E-003  -5.1390148176976855E-007   6.8124137985470957E-006   5.1946502725485660E-009  -1.3453963315002329E-003  -1.5912109932475819E-004   2.0928722001599524E-003   1.5042018484117601E-006  -9.3925360762848322E-009  -1.3477644056159473E-003
  -9.4998132800938381E-003   9.7219245116675984E-002 -0.75968341291570729        9.2977858172807327E-005  -1.2230238289274390E-003  -1.3460863588598017E-003  -5.1390148176976855E-007   6.8124137985470957E-006   5.1946502725485660E-009  -1.3453963315002329E-003  -1.5912109932475819E-004   2.0928722001599524E-003   1.5042018484117601E-006  -9.3925360762848322E-009  -1.3477644056159473E-003
 dijxc
  -9.5001509972029042E-003   9.7222707081376453E-002 -0.75971043407194683        9.2982884018326490E-005  -1.2230892972245261E-003  -1.3461339500579529E-003  -5.1392154174813747E-007   6.8126683768357416E-006   5.1949690793547767E-009  -1.3454437984155873E-003  -1.5912975817898998E-004   2.0929850871359511E-003   1.5043288107868835E-006  -9.3930864037751741E-009  -1.3478121435715744E-003
  -9.5001509972029042E-003   9.7222707081376453E-002 -0.75971043407194683        9.2982884018326490E-005  -1.2230892972245261E-003  -1.3461339500579529E-003  -5.1392154174813747E-007   6.8126683768357416E-006   5.1949690793547767E-009  -1.3454437984155873E-003  -1.5912975817898998E-004   2.0929850871359511E-003   1.5043288107868835E-006  -9.3930864037751741E-009  -1.3478121435715744E-003
 dijxc
  -9.5004074608549555E-003   9.7225203811050556E-002 -0.75973022013238989        9.2988448953771645E-005  -1.2231666892907069E-003  -1.3461730356107585E-003  -5.1393600274080582E-007   6.8128821663368882E-006   5.1951717862925689E-009  -1.3454828402510151E-003  -1.5912403845474819E-004   2.0929190074077415E-003   1.5042974345224039E-006  -9.3926529593063439E-009  -1.3478509197408040E-003
  -9.5004074608549555E-003   9.7225203811050556E-002 -0.75973022013238989        9.2988448953771645E-005  -1.2231666892907069E-003  -1.3461730356107585E-003  -5.1393600274080582E-007   6.8128821663368882E-006   5.1951717862925689E-009  -1.3454828402510151E-003  -1.5912403845474819E-004   2.0929190074077415E-003   1.5042974345224039E-006  -9.3926529593063439E-009  -1.3478509197408040E-003
 dijxc
  -9.5008010351575849E-003   9.7229226493455209E-002 -0.75976164826621317        9.2995914137949541E-005  -1.2232649451821426E-003  -1.3462291279391606E-003  -5.1395529212000477E-007   6.8131322906934312E-006   5.1955784362627712E-009  -1.3455387755384224E-003  -1.5912577061864860E-004   2.0929431150177101E-003   1.5043746975252008E-006  -9.3927415069935412E-009  -1.3479068649433529E-003
  -9.5008010351575849E-003   9.7229226493455209E-002 -0.75976164826621317        9.2995914137949541E-005  -1.2232649451821426E-003  -1.3462291279391606E-003  -5.1395529212000477E-007   6.8131322906934312E-006   5.1955784362627712E-009  -1.3455387755384224E-003  -1.5912577061864860E-004   2.0929431150177101E-003   1.5043746975252008E-006  -9.3927415069935412E-009  -1.3479068649433529E-003
 dijxc
  -9.5001216788163523E-003   9.7222276903762700E-002 -0.75970734908329030        9.2986500466748969E-005  -1.2231422023814161E-003  -1.3461329716785608E-003  -5.1391320198437679E-007   6.8125972571800905E-006   5.1949671076198983E-009  -1.3454428552399861E-003  -1.5910544758133299E-004   2.0926779069895766E-003   1.5040985063271402E-006  -9.3914512620304092E-009  -1.3478102972169373E-003
  -9.5001216788163523E-003   9.7222276903762700E-002 -0.75970734908329030        9.2986500466748969E-005  -1.2231422023814161E-003  -1.3461329716785608E-003  -5.1391320198437679E-007   6.8125972571800905E-006   5.1949671076198983E-009  -1.3454428552399861E-003  -1.5910544758133299E-004   2.0926779069895766E-003   1.5040985063271402E-006  -9.3914512620304092E-009  -1.3478102972169373E-003
 dijxc
  -9.5005095209345376E-003   9.7226258612898631E-002 -0.75973839252176767        9.2994574414185106E-005  -1.2232480413853118E-003  -1.3461878109272709E-003  -5.1393128129778358E-007   6.8128307577627666E-006   5.1954100938832289E-009  -1.3454975262497356E-003  -1.5910455256728292E-004   2.0926672027836235E-003   1.5041573203124346E-006  -9.3913908975254413E-009  -1.3478648848559498E-003
  -9.5005095209345376E-003   9.7226258612898631E-002 -0.75973839252176767        9.2994574414185106E-005  -1.2232480413853118E-003  -1.3461878109272709E-003  -5.1393128129778358E-007   6.8128307577627666E-006   5.1954100938832289E-009  -1.3454975262497356E-003  -1.5910455256728292E-004   2.0926672027836235E-003   1.5041573203124346E-006  -9.3913908975254413E-009  -1.3478648848559498E-003
 dijxc
  -9.5001507509015811E-003   9.7222704169637145E-002 -0.75971041783208948        9.2982878676145338E-005  -1.2230891998341225E-003  -1.3461340208484798E-003  -5.1392144813885850E-007   6.8126669921744944E-006   5.1949691992083117E-009  -1.3454438691210436E-003  -1.5912975678169603E-004   2.0929850216596106E-003   1.5043290848543551E-006  -9.3930871769589351E-009  -1.3478122148442230E-003
  -9.5001507509015811E-003   9.7222704169637145E-002 -0.75971041783208948        9.2982878676145338E-005  -1.2230891998341225E-003  -1.3461340208484798E-003  -5.1392144813885850E-007   6.8126669921744944E-006   5.1949691992083117E-009  -1.3454438691210436E-003  -1.5912975678169603E-004   2.0929850216596106E-003   1.5043290848543551E-006  -9.3930871769589351E-009  -1.3478122148442230E-003
 dijxc
  -9.5004881548056870E-003   9.7226162809249395E-002 -0.75973742901269825        9.2987899469871397E-005  -1.2231545742778130E-003  -1.3461816998722074E-003  -5.1394141286540832E-007   6.8129201624323439E-006   5.1952881381813447E-009  -1.3454914237664272E-003  -1.5913841496542267E-004   2.0930978522320696E-003   1.5044563391227462E-006  -9.3936383134901463E-009  -1.3478600411334595E-003
  -9.5004881548056870E-003   9.7226162809249395E-002 -0.75973742901269825        9.2987899469871397E-005  -1.2231545742778130E-003  -1.3461816998722074E-003  -5.1394141286540832E-007   6.8129201624323439E-006   5.1952881381813447E-009  -1.3454914237664272E-003  -1.5913841496542267E-004   2.0930978522320696E-003   1.5044563391227462E-006  -9.3936383134901463E-009  -1.3478600411334595E-003
 dijxc
  -9.4998133964174780E-003   9.7219243721775706E-002 -0.75968341856342125        9.2977857405446637E-005  -1.2230238166200625E-003  -1.3460865834065505E-003  -5.1390147269318530E-007   6.8124136673386818E-006   5.1946502621141301E-009  -1.3453965560492685E-003  -1.5912109875379374E-004   2.0928721887972712E-003   1.5042018629319515E-006  -9.3925361144729123E-009  -1.3477646301958445E-003
  -9.4998133964174780E-003   9.7219243721775706E-002 -0.75968341856342125        9.2977857405446637E-005  -1.2230238166200625E-003  -1.3460865834065505E-003  -5.1390147269318530E-007   6.8124136673386818E-006   5.1946502621141301E-009  -1.3453965560492685E-003  -1.5912109875379374E-004   2.0928721887972712E-003   1.5042018629319515E-006  -9.3925361144729123E-009  -1.3477646301958445E-003
 dijxc
  -9.5001510882379587E-003   9.7222705946141671E-002 -0.75971043783968728        9.2982883422264566E-005  -1.2230892874240467E-003  -1.3461341286413824E-003  -5.1392153754708847E-007   6.8126683113377374E-006   5.1949691117425969E-009  -1.3454439769997476E-003  -1.5912975778580097E-004   2.0929850785622282E-003   1.5043288250839444E-006  -9.3930865050880140E-009  -1.3478123221855281E-003
  -9.5001510882379587E-003   9.7222705946141671E-002 -0.75971043783968728        9.2982883422264566E-005  -1.2230892874240467E-003  -1.3461341286413824E-003  -5.1392153754708847E-007   6.8126683113377374E-006   5.1949691117425969E-009  -1.3454439769997476E-003  -1.5912975778580097E-004   2.0929850785622282E-003   1.5043288250839444E-006  -9.3930865050880140E-009  -1.3478123221855281E-003
 dijxc
  -9.5005097919270472E-003   9.7226260522275731E-002 -0.75973841457502667        9.2994514254401606E-005  -1.2232472775441708E-003  -1.3461879022037568E-003  -5.1393121633259449E-007   6.8128298777646371E-006   5.1954058324728674E-009  -1.3454976184274147E-003  -1.5910474048408101E-004   2.0926696745686003E-003   1.5041586215719654E-006  -9.3914005479985313E-009  -1.3478649841975009E-003
  -9.5005097919270472E-003   9.7226260522275731E-002 -0.75973841457502667        9.2994514254401606E-005  -1.2232472775441708E-003  -1.3461879022037568E-003  -5.1393121633259449E-007   6.8128298777646371E-006   5.1954058324728674E-009  -1.3454976184274147E-003  -1.5910474048408101E-004   2.0926696745686003E-003   1.5041586215719654E-006  -9.3914005479985313E-009  -1.3478649841975009E-003
 dijxc
  -9.5008926201785686E-003   9.7230208249696193E-002 -0.75976913182904604        9.3003073320839936E-005  -1.2233591897221872E-003  -1.3462415402600504E-003  -5.1394760998935542E-007   6.8130406648857152E-006   5.1958721775878387E-009  -1.3455510786391338E-003  -1.5910143934316065E-004   2.0926271634847332E-003   1.5041997957169163E-006  -9.3911947815125683E-009  -1.3479182771608993E-003
  -9.5008926201785686E-003   9.7230208249696193E-002 -0.75976913182904604        9.3003073320839936E-005  -1.2233591897221872E-003  -1.3462415402600504E-003  -5.1394760998935542E-007   6.8130406648857152E-006   5.1958721775878387E-009  -1.3455510786391338E-003  -1.5910143934316065E-004   2.0926271634847332E-003   1.5041997957169163E-006  -9.3911947815125683E-009  -1.3479182771608993E-003
 dijxc
  -9.5002140246371186E-003   9.7223260945736342E-002 -0.75971487619276756        9.2993453139497844E-005  -1.2232335505786890E-003  -1.3461458221346949E-003  -5.1390730159305910E-007   6.8125283686104829E-006   5.1952662533358011E-009  -1.3454556019293297E-003  -1.5908263750899151E-004   2.0923815719359569E-003   1.5039364588052404E-006  -9.3900196885156077E-009  -1.3478222043555033E-003
  -9.5002140246371186E-003   9.7223260945736342E-002 -0.75971487619276756        9.2993453139497844E-005  -1.2232335505786890E-003  -1.3461458221346949E-003  -5.1390730159305910E-007   6.8125283686104829E-006   5.1952662533358011E-009  -1.3454556019293297E-003  -1.5908263750899151E-004   2.0923815719359569E-003   1.5039364588052404E-006  -9.3900196885156077E-009  -1.3478222043555033E-003
 dijxc
  -9.5005939214037223E-003   9.7227183926195948E-002 -0.75974540602394880        9.3002044308872125E-005  -1.2233453042319461E-003  -1.3461991701139916E-003  -5.1392568925501248E-007   6.8127638664382060E-006   5.1957621445571302E-009  -1.3455087745174060E-003  -1.5908009744346684E-004   2.0923482468743313E-003   1.5039855853401778E-006  -9.3899017967685744E-009  -1.3478752317497428E-003
  -9.5005939214037223E-003   9.7227183926195948E-002 -0.75974540602394880        9.3002044308872125E-005  -1.2233453042319461E-003  -1.3461991701139916E-003  -5.1392568925501248E-007   6.8127638664382060E-006   5.1957621445571302E-009  -1.3455087745174060E-003  -1.5908009744346684E-004   2.0923482468743313E-003   1.5039855853401778E-006  -9.3899017967685744E-009  -1.3478752317497428E-003
 dijxc
  -9.5001508087823316E-003   9.7222702766848176E-002 -0.75971042285125578        9.2982878062584676E-005  -1.2230891898876021E-003  -1.3461342056071668E-003  -5.1392144383017099E-007   6.8126669257289254E-006   5.1949692288803688E-009  -1.3454440538808949E-003  -1.5912975637104112E-004   2.0929850129989933E-003   1.5043290984725341E-006  -9.3930872743235543E-009  -1.3478123996329607E-003
  -9.5001508087823316E-003   9.7222702766848176E-002 -0.75971042285125578        9.2982878062584676E-005  -1.2230891898876021E-003  -1.3461342056071668E-003  -5.1392144383017099E-007   6.8126669257289254E-006   5.1949692288803688E-009  -1.3454440538808949E-003  -1.5912975637104112E-004   2.0929850129989933E-003   1.5043290984725341E-006  -9.3930872743235543E-009  -1.3478123996329607E-003
 dijxc
  -9.5004882476766236E-003   9.7226162079650028E-002 -0.75973742952807355        9.2987899163174414E-005  -1.2231545685992254E-003  -1.3461818251964009E-003  -5.1394141595563290E-007   6.8129201947711581E-006   5.1952882346531150E-009  -1.3454915490884272E-003  -1.5913841486328532E-004   2.0930978480533909E-003   1.5044563535679707E-006  -9.3936385077017697E-009  -1.3478601664840260E-003
  -9.5004882476766236E-003   9.7226162079650028E-002 -0.75973742952807355        9.2987899163174414E-005  -1.2231545685992254E-003  -1.3461818251964009E-003  -5.1394141595563290E-007   6.8129201947711581E-006   5.1952882346531150E-009  -1.3454915490884272E-003  -1.5913841486328532E-004   2.0930978480533909E-003   1.5044563535679707E-006  -9.3936385077017697E-009  -1.3478601664840260E-003
 dijxc
  -9.4998134055638700E-003   9.7219243635558852E-002 -0.75968341403895057        9.2977857174312108E-005  -1.2230238126086162E-003  -1.3460865790560787E-003  -5.1390147666998784E-007   6.8124137151290642E-006   5.1946503506619163E-009  -1.3453965516975327E-003  -1.5912109868995960E-004   2.0928721862827357E-003   1.5042018730807646E-006  -9.3925362866433488E-009  -1.3477646258648779E-003
  -9.4998134055638700E-003   9.7219243635558852E-002 -0.75968341403895057        9.2977857174312108E-005  -1.2230238126086162E-003  -1.3460865790560787E-003  -5.1390147666998784E-007   6.8124137151290642E-006   5.1946503506619163E-009  -1.3453965516975327E-003  -1.5912109868995960E-004   2.0928721862827357E-003   1.5042018730807646E-006  -9.3925362866433488E-009  -1.3477646258648779E-003
 dijxc
  -9.5001510842679052E-003   9.7222705681854288E-002 -0.75971043813458361        9.2982883508398154E-005  -1.2230892878061928E-003  -1.3461341503636772E-003  -5.1392154704020684E-007   6.8126684330747686E-006   5.1949692496833847E-009  -1.3454439987170838E-003  -1.5912975800953460E-004   2.0929850802344414E-003   1.5043288364242245E-006  -9.3930867409770846E-009  -1.3478123439230108E-003
  -9.5001510842679052E-003   9.7222705681854288E-002 -0.75971043813458361        9.2982883508398154E-005  -1.2230892878061928E-003  -1.3461341503636772E-003  -5.1392154704020684E-007   6.8126684330747686E-006   5.1949692496833847E-009  -1.3454439987170838E-003  -1.5912975800953460E-004   2.0929850802344414E-003   1.5043288364242245E-006  -9.3930867409770846E-009  -1.3478123439230108E-003
 dijxc
  -9.5005934836095846E-003   9.7227181550532504E-002 -0.75974537458719205        9.3002119403672430E-005  -1.2233463318903003E-003  -1.3461990232751229E-003  -5.1392490234994349E-007   6.8127536348843672E-006   5.1957601177395445E-009  -1.3455086255049241E-003  -1.5907950756457729E-004   2.0923405904910942E-003   1.5039808386669157E-006  -9.3898578675937993E-009  -1.3478750633856167E-003
  -9.5005934836095846E-003   9.7227181550532504E-002 -0.75974537458719205        9.3002119403672430E-005  -1.2233463318903003E-003  -1.3461990232751229E-003  -5.1392490234994349E-007   6.8127536348843672E-006   5.1957601177395445E-009  -1.3455086255049241E-003  -1.5907950756457729E-004   2.0923405904910942E-003   1.5039808386669157E-006  -9.3898578675937993E-009  -1.3478750633856167E-003
 dijxc
  -9.5009687286006107E-003   9.7231075433631409E-002 -0.75977559400245143        9.3011015230302108E-005  -1.2234616526226852E-003  -1.3462509873566272E-003  -5.1394281355567992E-007   6.8129818869901260E-006   5.1962804363162852E-009  -1.3455604092655385E-003  -1.5907572153618408E-004   2.0922904317224131E-003   1.5040216274271029E-006  -9.3896794642688155E-009  -1.3479266575617240E-003
  -9.5009687286006107E-003   9.7231075433631409E-002 -0.75977559400245143        9.3011015230302108E-005  -1.2234616526226852E-003  -1.3462509873566272E-003  -5.1394281355567992E-007   6.8129818869901260E-006   5.1962804363162852E-009  -1.3455604092655385E-003  -1.5907572153618408E-004   2.0922904317224131E-003   1.5040216274271029E-006  -9.3896794642688155E-009  -1.3479266575617240E-003
 dijxc
  -9.5002927269263408E-003   9.7224147605485464E-002 -0.75972152612918142        9.3000940887685930E-005  -1.2233299700006759E-003  -1.3461558158910682E-003  -5.1390464217084810E-007   6.8124972606381074E-006   5.1956645154687006E-009  -1.3454654897996703E-003  -1.5905945016754600E-004   2.0920777464359013E-003   1.5037773718416654E-006  -9.3886752825522922E-009  -1.3478312278857505E-003
  -9.5002927269263408E-003   9.7224147605485464E-002 -0.75972152612918142        9.3000940887685930E-005  -1.2233299700006759E-003  -1.3461558158910682E-003  -5.1390464217084810E-007   6.8124972606381074E-006   5.1956645154687006E-009  -1.3454654897996703E-003  -1.5905945016754600E-004   2.0920777464359013E-003   1.5037773718416654E-006  -9.3886752825522922E-009  -1.3478312278857505E-003
 dijxc
  -9.5006694639071868E-003   9.7228051942507901E-002 -0.75975185635917453        9.3009260558797862E-005  -1.2234372486372989E-003  -1.3462081421722538E-003  -5.1392604662753452E-007   6.8127701617243240E-006   5.1961847946494021E-009  -1.3455176515224591E-003  -1.5905916965168286E-004   2.0920726928938924E-003   1.5038442762139177E-006  -9.3887502122927827E-009  -1.3478833156609169E-003
  -9.5006694639071868E-003   9.7228051942507901E-002 -0.75975185635917453        9.3009260558797862E-005  -1.2234372486372989E-003  -1.3462081421722538E-003  -5.1392604662753452E-007   6.8127701617243240E-006   5.1961847946494021E-009  -1.3455176515224591E-003  -1.5905916965168286E-004   2.0920726928938924E-003   1.5038442762139177E-006  -9.3887502122927827E-009  -1.3478833156609169E-003
 dijxc
  -9.5001507263386738E-003   9.7222703671264871E-002 -0.75971041383679982        9.2982878152311364E-005  -1.2230891907056216E-003  -1.3461340306197460E-003  -5.1392145408024141E-007   6.8126670596123007E-006   5.1949693647891164E-009  -1.3454438788896121E-003  -1.5912975659081261E-004   2.0929850152861165E-003   1.5043291069953025E-006  -9.3930875051439814E-009  -1.3478122246574054E-003
  -9.5001507263386738E-003   9.7222703671264871E-002 -0.75971041383679982        9.2982878152311364E-005  -1.2230891907056216E-003  -1.3461340306197460E-003  -5.1392145408024141E-007   6.8126670596123007E-006   5.1949693647891164E-009  -1.3454438788896121E-003  -1.5912975659081261E-004   2.0929850152861165E-003   1.5043291069953025E-006  -9.3930875051439814E-009  -1.3478122246574054E-003
 dijxc
  -9.5004882218619763E-003   9.7226162240668879E-002 -0.75973742656532040        9.2987899634227488E-005  -1.2231545751650846E-003  -1.3461817820112944E-003  -5.1394143253347619E-007   6.8129204161377064E-006   5.1952884148162106E-009  -1.3454915058964219E-003  -1.5913841540309354E-004   2.0930978558367994E-003   1.5044563599354915E-006  -9.3936387863476837E-009  -1.3478601233009751E-003
  -9.5004882218619763E-003   9.7226162240668879E-002 -0.75973742656532040        9.2987899634227488E-005  -1.2231545751650846E-003  -1.3461817820112944E-003  -5.1394143253347619E-007   6.8129204161377064E-006   5.1952884148162106E-009  -1.3454915058964219E-003  -1.5913841540309354E-004   2.0930978558367994E-003   1.5044563599354915E-006  -9.3936387863476837E-009  -1.3478601233009751E-003
 dijxc
  -9.4998132712075870E-003   9.7219244472388847E-002 -0.75968340806509371        9.2977857650798648E-005  -1.2230238187043150E-003  -1.3460863917049335E-003  -5.1390149153913115E-007   6.8124139109328493E-006   5.1946505275859819E-009  -1.3453963643377410E-003  -1.5912109922522916E-004   2.0928721930776489E-003   1.5042018834970352E-006  -9.3925365596153415E-009  -1.3477644385198615E-003
  -9.4998132712075870E-003   9.7219244472388847E-002 -0.75968340806509371        9.2977857650798648E-005  -1.2230238187043150E-003  -1.3460863917049335E-003  -5.1390149153913115E-007   6.8124139109328493E-006   5.1946505275859819E-009  -1.3453963643377410E-003  -1.5912109922522916E-004   2.0928721930776489E-003   1.5042018834970352E-006  -9.3925365596153415E-009  -1.3477644385198615E-003
 dijxc
  -9.5001510492135014E-003   9.7222706466687223E-002 -0.75971043253990989        9.2982884223158545E-005  -1.2230892977088108E-003  -1.3461340357799468E-003  -5.1392156391473570E-007   6.8126686590983193E-006   5.1949694305364631E-009  -1.3454438841233524E-003  -1.5912975869841441E-004   2.0929850902223429E-003   1.5043288438469362E-006  -9.3930869978078454E-009  -1.3478122293362144E-003
  -9.5001510492135014E-003   9.7222706466687223E-002 -0.75971043253990989        9.2982884223158545E-005  -1.2230892977088108E-003  -1.3461340357799468E-003  -5.1392156391473570E-007   6.8126686590983193E-006   5.1949694305364631E-009  -1.3454438841233524E-003  -1.5912975869841441E-004   2.0929850902223429E-003   1.5043288438469362E-006  -9.3930869978078454E-009  -1.3478122293362144E-003
 dijxc
  -9.5006683841341519E-003   9.7228042970571818E-002 -0.75975178511636376        9.3009420122624342E-005  -1.2234393487116333E-003  -1.3462080524581726E-003  -5.1392516021746731E-007   6.8127585310356980E-006   5.1961882158157556E-009  -1.3455175578839108E-003  -1.5905824217110135E-004   2.0920605910999218E-003   1.5038374953116813E-006  -9.3886879769706817E-009  -1.3478831912056154E-003
  -9.5006683841341519E-003   9.7228042970571818E-002 -0.75975178511636376        9.3009420122624342E-005  -1.2234393487116333E-003  -1.3462080524581726E-003  -5.1392516021746731E-007   6.8127585310356980E-006   5.1961882158157556E-009  -1.3455175578839108E-003  -1.5905824217110135E-004   2.0920605910999218E-003   1.5038374953116813E-006  -9.3886879769706817E-009  -1.3478831912056154E-003
 dijxc
  -9.5010432608236203E-003   9.7231933629171166E-002 -0.75978199329025919        9.3017652530905104E-005  -1.2235450212267093E-003  -1.3462600403950139E-003  -5.1394763728427471E-007   6.8130443947587363E-006   5.1967207929085133E-009  -1.3455693852942165E-003  -1.5905872590252430E-004   2.0920648945643677E-003   1.5039105496248890E-006  -9.3888342124123156E-009  -1.3479349688507022E-003
  -9.5010432608236203E-003   9.7231933629171166E-002 -0.75978199329025919        9.3017652530905104E-005  -1.2235450212267093E-003  -1.3462600403950139E-003  -5.1394763728427471E-007   6.8130443947587363E-006   5.1967207929085133E-009  -1.3455693852942165E-003  -1.5905872590252430E-004   2.0920648945643677E-003   1.5039105496248890E-006  -9.3888342124123156E-009  -1.3479349688507022E-003
 dijxc
  -9.5003711778609244E-003   9.7225038383760357E-002 -0.75972818978577727        9.3007145282650167E-005  -1.2234078146100232E-003  -1.3461653738803224E-003  -5.1391004108504514E-007   6.8125678054323254E-006   5.1960774704434013E-009  -1.3454749799511145E-003  -1.5904417278496017E-004   2.0918748010973032E-003   1.5036762915243273E-006  -9.3879239054120608E-009  -1.3478401114863491E-003
  -9.5003711778609244E-003   9.7225038383760357E-002 -0.75972818978577727        9.3007145282650167E-005  -1.2234078146100232E-003  -1.3461653738803224E-003  -5.1391004108504514E-007   6.8125678054323254E-006   5.1960774704434013E-009  -1.3454749799511145E-003  -1.5904417278496017E-004   2.0918748010973032E-003   1.5036762915243273E-006  -9.3879239054120608E-009  -1.3478401114863491E-003
 dijxc
  -9.5007526636198807E-003   9.7228977055170876E-002 -0.75975884974564545        9.3014499231834353E-005  -1.2235019207456972E-003  -1.3462188647031842E-003  -5.1393444233964006E-007   6.8128792945563127E-006   5.1965664373793812E-009  -1.3455283311131837E-003  -1.5904835553463297E-004   2.0919272510132409E-003   1.5037705584853336E-006  -9.3882914001953020E-009  -1.3478935349892089E-003
  -9.5007526636198807E-003   9.7228977055170876E-002 -0.75975884974564545        9.3014499231834353E-005  -1.2235019207456972E-003  -1.3462188647031842E-003  -5.1393444233964006E-007   6.8128792945563127E-006   5.1965664373793812E-009  -1.3455283311131837E-003  -1.5904835553463297E-004   2.0919272510132409E-003   1.5037705584853336E-006  -9.3882914001953020E-009  -1.3478935349892089E-003
 dijxc
  -9.5001506221470654E-003   9.7222704353238973E-002 -0.75971040810748081        9.2982878908312935E-005  -1.2230892011536579E-003  -1.3461338760576264E-003  -5.1392147202475626E-007   6.8126672997305660E-006   5.1949695563271721E-009  -1.3454437243168912E-003  -1.5912975732174594E-004   2.0929850258359973E-003   1.5043291148694078E-006  -9.3930877783778843E-009  -1.3478120700921277E-003
  -9.5001506221470654E-003   9.7222704353238973E-002 -0.75971040810748081        9.2982878908312935E-005  -1.2230892011536579E-003  -1.3461338760576264E-003  -5.1392147202475626E-007   6.8126672997305660E-006   5.1949695563271721E-009  -1.3454437243168912E-003  -1.5912975732174594E-004   2.0929850258359973E-003   1.5043291148694078E-006  -9.3930877783778843E-009  -1.3478120700921277E-003
 dijxc
  -9.5004881789835897E-003   9.7226162593878826E-002 -0.75973742754423301        9.2987900630783245E-005  -1.2231545891096922E-003  -1.3461817269248579E-003  -5.1394145133557347E-007   6.8129206694020704E-006   5.1952886062496512E-009  -1.3454914507971285E-003  -1.5913841628094604E-004   2.0930978689081502E-003   1.5044563669942927E-006  -9.3936390361911820E-009  -1.3478600682042916E-003
  -9.5004881789835897E-003   9.7226162593878826E-002 -0.75973742754423301        9.2987900630783245E-005  -1.2231545891096922E-003  -1.3461817269248579E-003  -5.1394145133557347E-007   6.8129206694020704E-006   5.1952886062496512E-009  -1.3454914507971285E-003  -1.5913841628094604E-004   2.0930978689081502E-003   1.5044563669942927E-006  -9.3936390361911820E-009  -1.3478600682042916E-003
 dijxc
  -9.4998133794302452E-003   9.7219243716568760E-002 -0.75968341399529993        9.2977858517560565E-005  -1.2230238309813191E-003  -1.3460865498457451E-003  -5.1390150722766184E-007   6.8124141234041642E-006   5.1946506879526585E-009  -1.3453965224675232E-003  -1.5912109995639616E-004   2.0928722042768883E-003   1.5042018890446237E-006  -9.3925367611338615E-009  -1.3477645966503125E-003
  -9.4998133794302452E-003   9.7219243716568760E-002 -0.75968341399529993        9.2977858517560565E-005  -1.2230238309813191E-003  -1.3460865498457451E-003  -5.1390150722766184E-007   6.8124141234041642E-006   5.1946506879526585E-009  -1.3453965224675232E-003  -1.5912109995639616E-004   2.0928722042768883E-003   1.5042018890446237E-006  -9.3925367611338615E-009  -1.3477645966503125E-003
 dijxc
  -9.5001510987412531E-003   9.7222705891924208E-002 -0.75971043709348185        9.2982885130858255E-005  -1.2230893106125154E-003  -1.3461341337085082E-003  -5.1392157734607171E-007   6.8126688422661702E-006   5.1949695665709156E-009  -1.3454439820405866E-003  -1.5912975939129674E-004   2.0929851010730851E-003   1.5043288484806600E-006  -9.3930871462419619E-009  -1.3478123272506837E-003
  -9.5001510987412531E-003   9.7222705891924208E-002 -0.75971043709348185        9.2982885130858255E-005  -1.2230893106125154E-003  -1.3461341337085082E-003  -5.1392157734607171E-007   6.8126688422661702E-006   5.1949695665709156E-009  -1.3454439820405866E-003  -1.5912975939129674E-004   2.0929851010730851E-003   1.5043288484806600E-006  -9.3930871462419619E-009  -1.3478123272506837E-003
 dijxc
  -9.5007509368098039E-003   9.7228965148431434E-002 -0.75975873403689820        9.3014645583494284E-005  -1.2235037603838437E-003  -1.3462184405401811E-003  -5.1393417372493044E-007   6.8128754544178267E-006   5.1965762616820492E-009  -1.3455279036566846E-003  -1.5904775937748507E-004   2.0919193702987047E-003   1.5037673845055982E-006  -9.3882598899885118E-009  -1.3478930880400075E-003
  -9.5007509368098039E-003   9.7228965148431434E-002 -0.75975873403689820        9.3014645583494284E-005  -1.2235037603838437E-003  -1.3462184405401811E-003  -5.1393417372493044E-007   6.8128754544178267E-006   5.1965762616820492E-009  -1.3455279036566846E-003  -1.5904775937748507E-004   2.0919193702987047E-003   1.5037673845055982E-006  -9.3882598899885118E-009  -1.3478930880400075E-003
 dijxc
  -9.5011339902274176E-003   9.7232918255218098E-002 -0.75978950758897634        9.3021530397492368E-005  -1.2235914215552731E-003  -1.3462720599777310E-003  -5.1396014901473566E-007   6.8132070345480652E-006   5.1970527282110523E-009  -1.3455813953962648E-003  -1.5905413764131252E-004   2.0920000456331194E-003   1.5038756724632575E-006  -9.3887757750042085E-009  -1.3479467248281658E-003
  -9.5011339902274176E-003   9.7232918255218098E-002 -0.75978950758897634        9.3021530397492368E-005  -1.2235914215552731E-003  -1.3462720599777310E-003  -5.1396014901473566E-007   6.8132070345480652E-006   5.1970527282110523E-009  -1.3455813953962648E-003  -1.5905413764131252E-004   2.0920000456331194E-003   1.5038756724632575E-006  -9.3887757750042085E-009  -1.3479467248281658E-003
 dijxc
  -9.5004660057351198E-003   9.7226057165156254E-002 -0.75973597606046650        9.3010846031468358E-005  -1.2234522944109482E-003  -1.3461779680444038E-003  -5.1392104151353379E-007   6.8127120333661308E-006   5.1963753174856266E-009  -1.3454875670901160E-003  -1.5903933174813125E-004   2.0918071249276765E-003   1.5036339800305975E-006  -9.3878117928987146E-009  -1.3478524354490666E-003
  -9.5004660057351198E-003   9.7226057165156254E-002 -0.75973597606046650        9.3010846031468358E-005  -1.2234522944109482E-003  -1.3461779680444038E-003  -5.1392104151353379E-007   6.8127120333661308E-006   5.1963753174856266E-009  -1.3454875670901160E-003  -1.5903933174813125E-004   2.0918071249276765E-003   1.5036339800305975E-006  -9.3878117928987146E-009  -1.3478524354490666E-003
 dijxc
  -9.5008591032014304E-003   9.7230085750311043E-002 -0.75976743116868350        9.3016982498965491E-005  -1.2235307113168707E-003  -1.3462337472702366E-003  -5.1394570879218975E-007   6.8130290242344978E-006   5.1967750072450702E-009  -1.3455432341644828E-003  -1.5904707822681342E-004   2.0919062655108704E-003   1.5037386083420147E-006  -9.3883495260572663E-009  -1.3479082898400401E-003
  -9.5008591032014304E-003   9.7230085750311043E-002 -0.75976743116868350        9.3016982498965491E-005  -1.2235307113168707E-003  -1.3462337472702366E-003  -5.1394570879218975E-007   6.8130290242344978E-006   5.1967750072450702E-009  -1.3455432341644828E-003  -1.5904707822681342E-004   2.0919062655108704E-003   1.5037386083420147E-006  -9.3883495260572663E-009  -1.3479082898400401E-003
 dijxc
  -9.5001507056462400E-003   9.7222703593037946E-002 -0.75971041634328529        9.2982879856005855E-005  -1.2230892145919116E-003  -1.3461340322092293E-003  -5.1392148587765009E-007   6.8126674885003896E-006   5.1949696955683946E-009  -1.3454438804567392E-003  -1.5912975805173530E-004   2.0929850371923398E-003   1.5043291196462076E-006  -9.3930879299527444E-009  -1.3478122262290874E-003
  -9.5001507056462400E-003   9.7222703593037946E-002 -0.75971041634328529        9.2982879856005855E-005  -1.2230892145919116E-003  -1.3461340322092293E-003  -5.1392148587765009E-007   6.8126674885003896E-006   5.1949696955683946E-009  -1.3454438804567392E-003  -1.5912975805173530E-004   2.0929850371923398E-003   1.5043291196462076E-006  -9.3930879299527444E-009  -1.3478122262290874E-003
 dijxc
  -9.5004881964218420E-003   9.7226163268185728E-002 -0.75973742102509079        9.2987901519820597E-005  -1.2231546017357914E-003  -1.3461816471245825E-003  -5.1394146062176158E-007   6.8129207976843590E-006   5.1952887019160478E-009  -1.3454913709857290E-003  -1.5913841686776580E-004   2.0930978783078877E-003   1.5044563708769572E-006  -9.3936391065415763E-009  -1.3478599883870563E-003
  -9.5004881964218420E-003   9.7226163268185728E-002 -0.75973742102509079        9.2987901519820597E-005  -1.2231546017357914E-003  -1.3461816471245825E-003  -5.1394146062176158E-007   6.8129207976843590E-006   5.1952887019160478E-009  -1.3454913709857290E-003  -1.5913841686776580E-004   2.0930978783078877E-003   1.5044563708769572E-006  -9.3936391065415763E-009  -1.3478599883870563E-003
 dijxc
  -9.4998134368346355E-003   9.7219243902951669E-002 -0.75968341413067220        9.2977859267768850E-005  -1.2230238414782191E-003  -1.3460865711906345E-003  -5.1390151479441775E-007   6.8124142273083118E-006   5.1946507725479681E-009  -1.3453965438025173E-003  -1.5912110043074656E-004   2.0928722116669539E-003   1.5042018933334346E-006  -9.3925368223109898E-009  -1.3477646179815114E-003
  -9.4998134368346355E-003   9.7219243902951669E-002 -0.75968341413067220        9.2977859267768850E-005  -1.2230238414782191E-003  -1.3460865711906345E-003  -5.1390151479441775E-007   6.8124142273083118E-006   5.1946507725479681E-009  -1.3453965438025173E-003  -1.5912110043074656E-004   2.0928722116669539E-003   1.5042018933334346E-006  -9.3925368223109898E-009  -1.3477646179815114E-003
 dijxc
  -9.5001510230811621E-003   9.7222706280645957E-002 -0.75971043676846972        9.2982885693074395E-005  -1.2230893183531196E-003  -1.3461340464855337E-003  -5.1392158087802969E-007   6.8126688912690430E-006   5.1949696150569509E-009  -1.3454438948099412E-003  -1.5912975964639271E-004   2.0929851050808944E-003   1.5043288514164227E-006  -9.3930871507286458E-009  -1.3478122400146411E-003
  -9.5001510230811621E-003   9.7222706280645957E-002 -0.75971043676846972        9.2982885693074395E-005  -1.2230893183531196E-003  -1.3461340464855337E-003  -5.1392158087802969E-007   6.8126688912690430E-006   5.1949696150569509E-009  -1.3454438948099412E-003  -1.5912975964639271E-004   2.0929851050808944E-003   1.5043288514164227E-006  -9.3930871507286458E-009  -1.3478122400146411E-003
 dijxc
  -9.5008572507899076E-003   9.7230073835425590E-002 -0.75976731180649193        9.3017033837615158E-005  -1.2235312159098257E-003  -1.3462332022272268E-003  -5.1394622695055926E-007   6.8130351689825882E-006   5.1967873806666345E-009  -1.3455426883126995E-003  -1.5904721515612710E-004   2.0919078423980455E-003   1.5037419188378716E-006  -9.3883729975705168E-009  -1.3479077494395579E-003
  -9.5008572507899076E-003   9.7230073835425590E-002 -0.75976731180649193        9.3017033837615158E-005  -1.2235312159098257E-003  -1.3462332022272268E-003  -5.1394622695055926E-007   6.8130351689825882E-006   5.1967873806666345E-009  -1.3455426883126995E-003  -1.5904721515612710E-004   2.0919078423980455E-003   1.5037419188378716E-006  -9.3883729975705168E-009  -1.3479077494395579E-003
 dijxc
  -9.5012554836727547E-003   9.7234144078013895E-002 -0.75979911772138076        9.3022528199928787E-005  -1.2236012833694179E-003  -1.3462898144144624E-003  -5.1397148243021425E-007   6.8133605312361468E-006   5.1971465993707469E-009  -1.3455992027968527E-003  -1.5905705641940251E-004   2.0920343153860775E-003   1.5038551127142297E-006  -9.3890240417446622E-009  -1.3479645198339848E-003
  -9.5012554836727547E-003   9.7234144078013895E-002 -0.75979911772138076        9.3022528199928787E-005  -1.2236012833694179E-003  -1.3462898144144624E-003  -5.1397148243021425E-007   6.8133605312361468E-006   5.1971465993707469E-009  -1.3455992027968527E-003  -1.5905705641940251E-004   2.0920343153860775E-003   1.5038551127142297E-006  -9.3890240417446622E-009  -1.3479645198339848E-003
 dijxc
  -9.5005900570827809E-003   9.7227305186790472E-002 -0.75974577022764755        9.3011985169609812E-005  -1.2234644878499324E-003  -1.3461961385643716E-003  -5.1393016445815928E-007   6.8128382061131383E-006   5.1964485066130953E-009  -1.3455057855589207E-003  -1.5904034853394855E-004   2.0918171516007000E-003   1.5035937594939765E-006  -9.3879047878681246E-009  -1.3478705762427869E-003
  -9.5005900570827809E-003   9.7227305186790472E-002 -0.75974577022764755        9.3011985169609812E-005  -1.2234644878499324E-003  -1.3461961385643716E-003  -5.1393016445815928E-007   6.8128382061131383E-006   5.1964485066130953E-009  -1.3455057855589207E-003  -1.5904034853394855E-004   2.0918171516007000E-003   1.5035937594939765E-006  -9.3879047878681246E-009  -1.3478705762427869E-003
 dijxc
  -9.5009983918298256E-003   9.7231456296258012E-002 -0.75977827125992037        9.3017154144468356E-005  -1.2235313117227628E-003  -1.3462546116726193E-003  -5.1395222027392672E-007   6.8131256621426126E-006   5.1967327515079537E-009  -1.3455641652477409E-003  -1.5904856086649836E-004   2.0919235408894460E-003   1.5036772201620135E-006  -9.3883711763874895E-009  -1.3479291513116582E-003
  -9.5009983918298256E-003   9.7231456296258012E-002 -0.75977827125992037        9.3017154144468356E-005  -1.2235313117227628E-003  -1.3462546116726193E-003  -5.1395222027392672E-007   6.8131256621426126E-006   5.1967327515079537E-009  -1.3455641652477409E-003  -1.5904856086649836E-004   2.0919235408894460E-003   1.5036772201620135E-006  -9.3883711763874895E-009  -1.3479291513116582E-003
 dijxc
  -9.5001507876695257E-003   9.7222703452804995E-002 -0.75971041774036940        9.2982880409923891E-005  -1.2230892226201271E-003  -1.3461341027676741E-003  -5.1392148876037913E-007   6.8126675311948363E-006   5.1949697292154739E-009  -1.3454439510086173E-003  -1.5912975827616491E-004   2.0929850414760326E-003   1.5043291199259881E-006  -9.3930879067016453E-009  -1.3478122967710748E-003
  -9.5001507876695257E-003   9.7222703452804995E-002 -0.75971041774036940        9.2982880409923891E-005  -1.2230892226201271E-003  -1.3461341027676741E-003  -5.1392148876037913E-007   6.8126675311948363E-006   5.1949697292154739E-009  -1.3454439510086173E-003  -1.5912975827616491E-004   2.0929850414760326E-003   1.5043291199259881E-006  -9.3930879067016453E-009  -1.3478122967710748E-003
