 dijxc
  0.32079028023935696       -2.9671832499667747        24.986631169863763        1.1417047247293428E-005  -8.8554982296995554E-005  -1.1574736662363694E-002  -7.2982461520400396E-008   6.9400514280238951E-007  -4.1518400359046338E-008  -1.0877013260324531E-002   7.3982495806790346E-006  -6.9273042568558988E-006  -4.2439667293877786E-005   3.2873713146189123E-008  -1.1617849023282403E-002  -9.4795026916685274E-005   7.9033077679183821E-004 -0.36242302216197358        2.2398497882533051E-007   2.5588835855312752E-004   6.4179886900374239        3.5567707556703175E-007  -3.5891452322659881E-006   2.2398497882533051E-007 -0.36658629591397796       -1.7868620656096416E-007  -1.2806258950142840E-006   6.4412635173523460       -1.6274419884669832E-004   1.0889687218975756E-003   2.5588835855312752E-004  -1.7868620656096416E-007 -0.36217559719383535       -1.4285363184237303E-003   1.0197607936298210E-006   6.4165954421654217     
 dijxc
  0.32079028023935696       -2.9671832499667747        24.986631169863763        1.1417047247293428E-005  -8.8554982296995554E-005  -1.1574736662363694E-002  -7.2982461520400396E-008   6.9400514280238951E-007  -4.1518400359046338E-008  -1.0877013260324531E-002   7.3982495806790346E-006  -6.9273042568558988E-006  -4.2439667293877786E-005   3.2873713146189123E-008  -1.1617849023282403E-002  -9.4795026916685274E-005   7.9033077679183821E-004 -0.36242302216197358        2.2398497882533051E-007   2.5588835855312752E-004   6.4179886900374239        3.5567707556703175E-007  -3.5891452322659881E-006   2.2398497882533051E-007 -0.36658629591397796       -1.7868620656096416E-007  -1.2806258950142840E-006   6.4412635173523460       -1.6274419884669832E-004   1.0889687218975756E-003   2.5588835855312752E-004  -1.7868620656096416E-007 -0.36217559719383535       -1.4285363184237303E-003   1.0197607936298210E-006   6.4165954421654217     
 dijxc
  0.32079232614885128       -2.9672030628509445        24.986819744867475        1.1411943291992931E-005  -8.8532929428130974E-005  -1.1575528298143234E-002  -7.2998448388392836E-008   6.9416200247519795E-007  -4.1517642453531152E-008  -1.0877649044977213E-002   7.4243306264125433E-006  -7.0920094968238655E-006  -4.2462232970646404E-005   3.2873036220036817E-008  -1.1618624707027833E-002  -9.4719592170550970E-005   7.8978791031582784E-004 -0.36241796866868309        2.2398165466862064E-007   2.5602026051202523E-004   6.4179633022896363        3.5575909232338161E-007  -3.5899812241588123E-006   2.2398165466862064E-007 -0.36658213616580099       -1.7868281648938428E-007  -1.2806080523547840E-006   6.4412429769517416       -1.6303618648446367E-004   1.0912001481860401E-003   2.5602026051202523E-004  -1.7868281648938428E-007 -0.36217063906842167       -1.4292639148913006E-003   1.0197418785496323E-006   6.4165705937493325     
 dijxc
  0.32078823474294160       -2.9671634409820116        24.986442631982136        1.1422145232359159E-005  -8.8576989644420775E-005  -1.1573945068392925E-002  -7.2966479219372226E-008   6.9384832943928019E-007  -4.1519158108801627E-008  -1.0876377518222152E-002   7.3721869355275449E-006  -6.7627481370443948E-006  -4.2417103726075652E-005   3.2874390657267655E-008  -1.1617073379011120E-002  -9.4870409252354924E-005   7.9087321855132427E-004 -0.36242807537049465        2.2398830214229970E-007   2.5575646719367599E-004   6.4180140773332814        3.5559508190005724E-007  -3.5883094834880987E-006   2.2398830214229970E-007 -0.36659045535876489       -1.7868959985074970E-007  -1.2806437319475281E-006   6.4412840570996117       -1.6245235926188375E-004   1.0867385317116546E-003   2.5575646719367599E-004  -1.7868959985074970E-007 -0.36218055504724406       -1.4278087695801210E-003   1.0197797263493328E-006   6.4166202901959055     
 dijxc
  0.32079027796654835       -2.9671832264584328        24.986630924035637        1.1416965934002342E-005  -8.8554282092575596E-005  -1.1574736955125474E-002  -7.2982441349074873E-008   6.9400493986408337E-007  -4.1518400630568288E-008  -1.0877013555220409E-002   7.3984291637493338E-006  -6.9288618660863781E-006  -4.2439686142349160E-005   3.2873715576213478E-008  -1.1617849321950501E-002  -9.4794483130770661E-005   7.9032591796826578E-004 -0.36242302126819664        2.2398498022808007E-007   2.5588846714156167E-004   6.4179886857942776        3.5567697880253869E-007  -3.5891442155274229E-006   2.2398498022808007E-007 -0.36658629502942230       -1.7868622040529126E-007  -1.2806259020345549E-006   6.4412635133061213       -1.6274537284097018E-004   1.0889792992750651E-003   2.5588846714156167E-004  -1.7868622040529126E-007 -0.36217559626627199       -1.4285369419857635E-003   1.0197608748759069E-006   6.4165954377278913     
 dijxc
  0.32079028016213190       -2.9671832495512187        24.986631172583152        1.1416992170371633E-005  -8.8554446753076962E-005  -1.1574735860531690E-002  -7.2982462279142361E-008   6.9400514750558505E-007  -4.1518395841411208E-008  -1.0877012440448419E-002   7.3982562723735303E-006  -6.9273619049119866E-006  -4.2439673359947361E-005   3.2873704776667398E-008  -1.1617847985857153E-002  -9.4794801859767198E-005   7.9032842608971448E-004 -0.36242302705222429        2.2398495478411412E-007   2.5588838928932057E-004   6.4179887162265601        3.5567708476260269E-007  -3.5891453005271853E-006   2.2398495478411412E-007 -0.36658630086744193       -1.7868615661630318E-007  -1.2806257597570641E-006   6.4412635439166621       -1.6274424666567328E-004   1.0889691530213273E-003   2.5588838928932057E-004  -1.7868615661630318E-007 -0.36217560317205111       -1.4285365024106016E-003   1.0197604962953500E-006   6.4165954739016691     
 dijxc
  0.32079232190300511       -2.9672030391641417        24.986819776644225        1.1410753953704356E-005  -8.8525332655484861E-005  -1.1575514194599297E-002  -7.2999117856414239E-008   6.9416815278189246E-007  -4.1518185515790216E-008  -1.0877629098145547E-002   7.1971316388666086E-006  -5.0973350344011778E-006  -4.2434535887970969E-005   3.2873850302155895E-008  -1.1618608498750037E-002  -9.4706471590615718E-005   7.8968813323011680E-004 -0.36241805024612378        2.2398458376258903E-007   2.5585679868967857E-004   6.4179637118859727        3.5576268286656801E-007  -3.5900159000055286E-006   2.2398458376258903E-007 -0.36658225226543317       -1.7868622055173597E-007  -1.2806248044695659E-006   6.4412435804425492       -1.6160207835737254E-004   1.0781846460946902E-003   2.5585679868967857E-004  -1.7868622055173597E-007 -0.36217073253264026       -1.4283477617571760E-003   1.0197569438001257E-006   6.4165710669759974     
 dijxc
  0.32078823043166682       -2.9671634166999388        24.986442657805291        1.1420954407697670E-005  -8.8569381062975728E-005  -1.1573930987052762E-002  -7.2967147942364359E-008   6.9385447307473854E-007  -4.1519700572066797E-008  -1.0876357592947479E-002   7.1454604072108135E-006  -4.7725474129477088E-006  -4.2389399007241686E-005   3.2875199237484780E-008  -1.1617057214346367E-002  -9.4857276480881175E-005   7.9077333770016345E-004 -0.36242815687679431        2.2399122785371025E-007   2.5559295804646536E-004   6.4180144866358049        3.5559866740207676E-007  -3.5883441123885285E-006   2.2399122785371025E-007 -0.36659057139292667       -1.7869297727410248E-007  -1.2806604644817775E-006   6.4412846603324443       -1.6102065889206886E-004   1.0737468539891791E-003   2.5559295804646536E-004  -1.7869297727410248E-007 -0.36218064833295738       -1.4268923427157936E-003   1.0197946509020594E-006   6.4166207625512355     
 dijxc
  0.32079026925758802       -2.9671831771561661        24.986630973071382        1.1414423623402365E-005  -8.8537579593025927E-005  -1.1574708870879788E-002  -7.2983905654165729E-008   6.9401846360510626E-007  -4.1519408067295762E-008  -1.0876973793908527E-002   6.9585029060974458E-006  -3.0781108742049181E-006  -4.2384559851367366E-005   3.2874862195957615E-008  -1.1617816640733407E-002  -9.4767305381444276E-005   7.9011721301913143E-004 -0.36242318321701822        2.2399041767633819E-007   2.5556302320578624E-004   6.4179894975316181        3.5568473920794193E-007  -3.5892194517890046E-006   2.2399041767633819E-007 -0.36658652606309422       -1.7869048331677685E-007  -1.2806570120895898E-006   6.4412647130658600       -1.5994562415714113E-004   1.0636447465053936E-003   2.5556302320578624E-004  -1.7869048331677685E-007 -0.36217578425029778       -1.4267130352669242E-003   1.0197769210430970E-006   6.4165963906497465     
 dijxc
  0.32079028023928624       -2.9671832500005184        24.986631170152940        1.1417047331188327E-005  -8.8554983042556069E-005  -1.1574736663360688E-002  -7.2982463721654730E-008   6.9400516486346818E-007  -4.1518400822110912E-008  -1.0877013261299105E-002   7.3982495470496802E-006  -6.9273039415271623E-006  -4.2439667233267991E-005   3.2873714697562934E-008  -1.1617849024332515E-002  -9.4795027430577777E-005   7.9033078154129859E-004 -0.36242302217222366        2.2398498160434439E-007   2.5588835820560809E-004   6.4179886900655667        3.5567708403454812E-007  -3.5891453257774539E-006   2.2398498160434439E-007 -0.36658629592431258       -1.7868621530680621E-007  -1.2806259105194739E-006   6.4412635173808557       -1.6274419865479957E-004   1.0889687200833133E-003   2.5588835820560809E-004  -1.7868621530680621E-007 -0.36217559720378700       -1.4285363164534060E-003   1.0197608431023609E-006   6.4165954421918805     
 dijxc
  0.32079232614985204       -2.9672030629464672        24.986819746051086        1.1411944048835522E-005  -8.8532936197849047E-005  -1.1575528304181334E-002  -7.2998452926052599E-008   6.9416204839867515E-007  -4.1517643461763787E-008  -1.0877649051083620E-002   7.4243288310508985E-006  -7.0919929226139790E-006  -4.2462232732053187E-005   3.2873039278722480E-008  -1.1618624713103723E-002  -9.4719596726489374E-005   7.8978795237228164E-004 -0.36241796866589987        2.2398166062434085E-007   2.5602025917661634E-004   6.4179633022466014        3.5575910895593433E-007  -3.5899814122301336E-006   2.2398166062434085E-007 -0.36658213616226876       -1.7868283373059510E-007  -1.2806080856433377E-006   6.4412429769041708       -1.6303617677118306E-004   1.0912000548455652E-003   2.5602025917661634E-004  -1.7868283373059510E-007 -0.36217063906529895       -1.4292639072709991E-003   1.0197419759866211E-006   6.4165705937045416     
 dijxc
  0.32078823475469570       -2.9671634411385921        24.986442633513949        1.1422145985682076E-005  -8.8576996382722423E-005  -1.1573945065720639E-002  -7.2966483838471163E-008   6.9384837619628768E-007  -4.1519159187689687E-008  -1.0876377515625091E-002   7.3721851489020929E-006  -6.7627316556473100E-006  -4.2417103487250098E-005   3.2874393685445885E-008  -1.1617073376377289E-002  -9.4870413786811637E-005   7.9087326041124399E-004 -0.36242807539272809        2.2398830839490586E-007   2.5575646585935695E-004   6.4180140773724954        3.5559509878303721E-007  -3.5883096748518798E-006   2.2398830839490586E-007 -0.36659045538024504       -1.7868961692898646E-007  -1.2806437670427611E-006   6.4412840571342755       -1.6245234959513295E-004   1.0867384388419635E-003   2.5575646585935695E-004  -1.7868961692898646E-007 -0.36218055506913488       -1.4278087619668464E-003   1.0197798228519337E-006   6.4166202902333467     
 dijxc
  0.32079027797859849       -2.9671832266459721        24.986630926366175        1.1416967314765133E-005  -8.8554294475993089E-005  -1.1574736957061127E-002  -7.2982448499783170E-008   6.9400501237306266E-007  -4.1518402439284644E-008  -1.0877013557369183E-002   7.3984258548041123E-006  -6.9288313567647465E-006  -4.2439685745319447E-005   3.2873720049562324E-008  -1.1617849323921216E-002  -9.4794491376354740E-005   7.9032599433718890E-004 -0.36242302127037113        2.2398499042680679E-007   2.5588846492225040E-004   6.4179886857979138        3.5567700480274589E-007  -3.5891445116724805E-006   2.2398499042680679E-007 -0.36658629502980100       -1.7868624565454474E-007  -1.2806259596306017E-006   6.4412635132990665       -1.6274535486207853E-004   1.0889791266882817E-003   2.5588846492225040E-004  -1.7868624565454474E-007 -0.36217559626803703       -1.4285369293157079E-003   1.0197610174990641E-006   6.4165954377294874     
 dijxc
  0.32079027157708828       -2.9671832008820385        24.986631217009212        1.1414576199856403E-005  -8.8538948302329618E-005  -1.1574708815592444E-002  -7.2983884779544475E-008   6.9401826858111652E-007  -4.1519435196076486E-008  -1.0876973738995058E-002   6.9541026339239001E-006  -3.0360067205239475E-006  -4.2384443979255737E-005   3.2875018203541091E-008  -1.1617816811788931E-002  -9.4768222729889299E-005   7.9012578949800715E-004 -0.36242318283043901        2.2399056288359487E-007   2.5556237628605920E-004   6.4179894954019305        3.5568464054005938E-007  -3.5892185059165040E-006   2.2399056288359487E-007 -0.36658652563616212       -1.7869131260580412E-007  -1.2806578381728468E-006   6.4412647105582046       -1.5992474726231830E-004   1.0634325643581301E-003   2.5556237628605920E-004  -1.7869131260580412E-007 -0.36217578265234102       -1.4267093544526885E-003   1.0197815223553782E-006   6.4165963815141032     
 dijxc
  0.32079231325657032       -2.9672029901689316        24.986819824513780        1.1408129048582633E-005  -8.8507885301986571E-005  -1.1575486720463012E-002  -7.3000658351478449E-008   6.9418242820795681E-007  -4.1519144012831771E-008  -1.0877589936039815E-002   6.7689130128809057E-006  -1.3579710443830122E-006  -4.2379576778625263E-005   3.2874680297896834E-008  -1.1618576357122705E-002  -9.4678772654556320E-005   7.8947443880145293E-004 -0.36241820825107529        2.2398975957214715E-007   2.5553227581333646E-004   6.4179645024745167        3.5577078009146123E-007  -3.5900946202955994E-006   2.2398975957214715E-007 -0.36658247949570022       -1.7868882940187839E-007  -1.2806544232937216E-006   6.4412447598112195       -1.5885904680486466E-004   1.0534207166481130E-003   2.5553227581333646E-004  -1.7868882940187839E-007 -0.36217091713958205       -1.4265291120857081E-003   1.0197638903598637E-006   6.4165720029081701     
 dijxc
  0.32078822100906396       -2.9671633605964973        24.986442648583012        1.1418148041567222E-005  -8.8550239814581602E-005  -1.1573902460249766E-002  -7.2968794119474173E-008   6.9386977721156489E-007  -4.1520587655097633E-008  -1.0876317419119812E-002   6.7298543613319586E-006  -1.1539116339965574E-006  -4.2334685197335866E-005   3.2875603480468771E-008  -1.1617023426647811E-002  -9.4828607238658100E-005   7.9055003890813550E-004 -0.36242832076441206        2.2399602181771842E-007   2.5526977576028888E-004   6.4180153069807515        3.5560725564674374E-007  -3.5884277982055449E-006   2.2399602181771842E-007 -0.36659080431728580       -1.7869333035755003E-007  -1.2806879120138952E-006   6.4412858684795005       -1.5833750696429187E-004   1.0495913380991644E-003   2.5526977576028888E-004  -1.7869333035755003E-007 -0.36218084201136896       -1.4250813130192116E-003   1.0197890958882677E-006   6.4166217466973805     
 dijxc
  0.32079025953115214       -2.9671831183762931        24.986630947109198        1.1411317298138759E-005  -8.8515645063576775E-005  -1.1574679575193640E-002  -7.2985719914364737E-008   6.9403541997745463E-007  -4.1520168176339784E-008  -1.0876932818236755E-002   6.5706669609815910E-006   2.7637957755429279E-007  -4.2330321643485618E-005   3.2874487323343836E-008  -1.1617781205146088E-002  -9.4737012205500321E-005   7.8987786366185202E-004 -0.36242335120027475        2.2399453186315353E-007   2.5524243661527939E-004   6.4179903390961268        3.5569408749953650E-007  -3.5893109152699837E-006   2.2399453186315353E-007 -0.36658676336096341       -1.7868674716696642E-007  -1.2806805909043061E-006   6.4412659439983990       -1.5739724395181075E-004   1.0408445976295303E-003   2.5524243661527939E-004  -1.7868674716696642E-007 -0.36217598679579893       -1.4249168329056674E-003   1.0197488065805635E-006   6.4165974237794092     
 dijxc
  0.32079028025913209       -2.9671832501993651        24.986631172523840        1.1417048724594534E-005  -8.8554995530231784E-005  -1.1574736660083032E-002  -7.2982470801896410E-008   6.9400523672427170E-007  -4.1518402582330550E-008  -1.0877013258211193E-002   7.3982461667272927E-006  -6.9272727617625273E-006  -4.2439666830880984E-005   3.2873719181078995E-008  -1.1617849021086084E-002  -9.4795035770471332E-005   7.9033085869816249E-004 -0.36242302217004635        2.2398499160004976E-007   2.5588835595717667E-004   6.4179886900449929        3.5567710964943669E-007  -3.5891456180676662E-006   2.2398499160004976E-007 -0.36658629592043018       -1.7868624060837854E-007  -1.2806259668715154E-006   6.4412635173501291       -1.6274418031264479E-004   1.0889685439532963E-003   2.5588835595717667E-004  -1.7868624060837854E-007 -0.36217559720120834       -1.4285363036156706E-003   1.0197609860206338E-006   6.4165954421693296     
 dijxc
  0.32079232617987030       -2.9672030632910964        24.986819749782875        1.1411946057817555E-005  -8.8532954221905822E-005  -1.1575528298078674E-002  -7.2998462509672653E-008   6.9416214582398684E-007  -4.1517645985183794E-008  -1.0877649045303146E-002   7.4243239566199632E-006  -7.0919479864483778E-006  -4.2462232172803248E-005   3.2873045171331879E-008  -1.1618624707029956E-002  -9.4719608710250647E-005   7.8978806339948481E-004 -0.36241796869044196        2.2398167467929470E-007   2.5602025605180913E-004   6.4179633022750995        3.5575914336531109E-007  -3.5899818069689691E-006   2.2398167467929470E-007 -0.36658213618410807       -1.7868286700558606E-007  -1.2806081652296869E-006   6.4412429769165938       -1.6303615026264903E-004   1.0911998004278648E-003   2.5602025605180913E-004  -1.7868286700558606E-007 -0.36217063908936742       -1.4292638894229303E-003   1.0197421639004597E-006   6.4165705937307687     
 dijxc
  0.32078823478290241       -2.9671634414257348        24.986442636860964        1.1422147948933608E-005  -8.8577014018957005E-005  -1.1573945060315068E-002  -7.2966493503341647E-008   6.9384847442080322E-007  -4.1519161844812064E-008  -1.0876377510582312E-002   7.3721804948906264E-006  -6.7626887784381755E-006  -4.2417102945766356E-005   3.2874399527653767E-008  -1.1617073371012150E-002  -9.4870425450973650E-005   7.9087336868922063E-004 -0.36242807539660310        2.2398832299003946E-007   2.5575646282773176E-004   6.4180140773632406        3.5559513357229618E-007  -3.5883100739881008E-006   2.2398832299003946E-007 -0.36659045538124768       -1.7868964993692129E-007  -1.2806438499716874E-006   6.4412840571079180       -1.6245232420335922E-004   1.0867381953358006E-003   2.5575646282773176E-004  -1.7868964993692129E-007 -0.36218055507250740       -1.4278087446546941E-003   1.0197800092548751E-006   6.4166202902216130     
 dijxc
  0.32079027801816012       -2.9671832270311946        24.986630930580269        1.1416969797028374E-005  -8.8554316816279313E-005  -1.1574736946176001E-002  -7.2982460566613954E-008   6.9400513517286252E-007  -4.1518405988688198E-008  -1.0877013547058972E-002   7.3984201282941952E-006  -6.9287786926336338E-006  -4.2439685079402636E-005   3.2873727227662170E-008  -1.1617849313096520E-002  -9.4794506038611514E-005   7.9032613083142539E-004 -0.36242302129083781        2.2398500953066920E-007   2.5588846119255904E-004   6.4179886858219461        3.5567704788472316E-007  -3.5891450088563752E-006   2.2398500953066920E-007 -0.36658629504615814       -1.7868628623040161E-007  -1.2806260686991209E-006   6.4412635132985709       -1.6274532346116375E-004   1.0889788259795165E-003   2.5588846119255904E-004  -1.7868628623040161E-007 -0.36217559628786844       -1.4285369080162514E-003   1.0197612466208485E-006   6.4165954377503294     
 dijxc
  0.32079026185211745       -2.9671831420982318        24.986631190848435        1.1411465420139558E-005  -8.8516971888126853E-005  -1.1574679505767460E-002  -7.2985701727459731E-008   6.9403525061896362E-007  -4.1520194114874906E-008  -1.0876932749027596E-002   6.5664224712932303E-006   3.1696139650327546E-007  -4.2330208129219591E-005   3.2874637168523056E-008  -1.1617781357377253E-002  -9.4737906623740313E-005   7.8988621460490010E-004 -0.36242335087743266        2.2399467076788929E-007   2.5524180355352468E-004   6.4179903372128724        3.5569400200236496E-007  -3.5893101002353158E-006   2.2399467076788929E-007 -0.36658676299898246       -1.7868754382055314E-007  -1.2806813810472098E-006   6.4412659417449722       -1.5737704218402639E-004   1.0406395418610429E-003   2.5524180355352468E-004  -1.7868754382055314E-007 -0.36217598528640932       -1.4249132301716629E-003   1.0197532265091866E-006   6.4165974150385168     
 dijxc
  0.32079230301086309       -2.9672029266410100        24.986819766203734        1.1404586601938878E-005  -8.8481890769893132E-005  -1.1575456161978963E-002  -7.3002716873684532E-008   6.9420178537188725E-007  -4.1519717565582477E-008  -1.0877547660146425E-002   6.4217678689528011E-006   1.6094797453195518E-006  -4.2326040472891390E-005   3.2873162325529344E-008  -1.1618538344725246E-002  -9.4646115254695803E-005   7.8921172599364286E-004 -0.36241838294180823        2.2399287501493021E-007   2.5521551580499701E-004   6.4179653785080282        3.5578123335244146E-007  -3.5901973863526766E-006   2.2399287501493021E-007 -0.36658272384459045       -1.7867909302820186E-007  -1.2806723179716812E-006   6.4412460271643983       -1.5650820001601620E-004   1.0326069667418775E-003   2.5521551580499701E-004  -1.7867909302820186E-007 -0.36217113352513525       -1.4247547672610926E-003   1.0197026717446985E-006   6.4165731119811005     
 dijxc
  0.32078820999998059       -2.9671632897534765        24.986442522524328        1.1414588677142686E-005  -8.8524091630683924E-005  -1.1573871374470461E-002  -7.2970864945145391E-008   6.9388926366420634E-007  -4.1521137633337102E-008  -1.0876274666895433E-002   6.3908389519208716E-006   1.7368570583206199E-006  -4.2281305993724036E-005   3.2873916915876510E-008  -1.1616984684133635E-002  -9.4795840887154263E-005   7.9028620895149788E-004 -0.36242849865625820        2.2399901000823549E-007   2.5495383632797013E-004   6.4180161997888279        3.5561774992877548E-007  -3.5885310231122535E-006   2.2399901000823549E-007 -0.36659105159376454       -1.7868272557837381E-007  -1.2807050802768721E-006   6.4412871511323431       -1.5602753780160987E-004   1.0291828719793540E-003   2.5495383632797013E-004  -1.7868272557837381E-007 -0.36218106274256517       -1.4233116725320565E-003   1.0197231299587857E-006   6.4166228791472664     
 dijxc
  0.32079024788446986       -2.9671830406849860        24.986630754734438        1.1407523601590675E-005  -8.8487335498519586E-005  -1.1574647765890428E-002  -7.2987919204917455E-008   6.9405620627231433E-007  -4.1520569679950805E-008  -1.0876889319339250E-002   6.2755771228767336E-006   2.7521957962689720E-006  -4.2277679530419525E-005   3.2871824347396907E-008  -1.1617740794132053E-002  -9.4702907195565308E-005   7.8960077490194025E-004 -0.36242353298238178        2.2399672211071273E-007   2.5493043309229369E-004   6.4179912532205297        3.5570510687349344E-007  -3.5894197049799995E-006   2.2399672211071273E-007 -0.36658701477139455       -1.7867109024882891E-007  -1.2806932094278028E-006   6.4412672493365957       -1.5530619215808761E-004   1.0226129156548885E-003   2.5493043309229369E-004  -1.7867109024882891E-007 -0.36217621668891503       -1.4231697856613369E-003   1.0196551613061916E-006   6.4165986082502569     
 dijxc
  0.32079028028664935       -2.9671832505656774        24.986631176682593        1.1417051219579989E-005  -8.8555017975727577E-005  -1.1574736658736609E-002  -7.2982482853616629E-008   6.9400535943234404E-007  -4.1518406104507711E-008  -1.0877013257417079E-002   7.3982403723224079E-006  -6.9272194502133417E-006  -4.2439666159226100E-005   3.2873726364667132E-008  -1.1617849019796664E-002  -9.4795050526840568E-005   7.9033099598386993E-004 -0.36242302218666234        2.2398501059667991E-007   2.5588835219323298E-004   6.4179886900453145        3.5567715260031555E-007  -3.5891461141179098E-006   2.2398501059667991E-007 -0.36658629593299225       -1.7868628121824805E-007  -1.2806260752784524E-006   6.4412635173262895       -1.6274414855681145E-004   1.0889682397904397E-003   2.5588835219323298E-004  -1.7868628121824805E-007 -0.36217559721719483       -1.4285362821215121E-003   1.0197612153306541E-006   6.4165954421665088     
 dijxc
  0.32079232622347692       -2.9672030637524123        24.986819754819294        1.1411949010553015E-005  -8.8532980832711016E-005  -1.1575528287056790E-002  -7.2998476849105169E-008   6.9416229212227870E-007  -4.1517650469804736E-008  -1.0877649035072275E-002   7.4243173217921069E-006  -7.0918870564274749E-006  -4.2462231392861145E-005   3.2873053626077891E-008  -1.1618624696097049E-002  -9.4719626078652055E-005   7.8978822543892863E-004 -0.36241796872325988        2.2398169841688335E-007   2.5602025167391666E-004   6.4179633023396772        3.5575919389948190E-007  -3.5899823950036877E-006   2.2398169841688335E-007 -0.36658213621152919       -1.7868291483387579E-007  -1.2806083013079058E-006   6.4412429769490593       -1.6303611367169334E-004   1.0911994505856263E-003   2.5602025167391666E-004  -1.7868291483387579E-007 -0.36217063912138309       -1.4292638644343451E-003   1.0197424339506937E-006   6.4165705937912296     
 dijxc
  0.32078823481827040       -2.9671634418429838        24.986442641471498        1.1422150812039809E-005  -8.8577039841900100E-005  -1.1573945054567707E-002  -7.2966507610846524E-008   6.9384861854765296E-007  -4.1519166384659488E-008  -1.0876377505691912E-002   7.3721742025762159E-006  -6.7626310697159074E-006  -4.2417102191488857E-005   3.2874407916870855E-008  -1.1617073365372058E-002  -9.4870442250098838E-005   7.9087352563333426E-004 -0.36242807542175909        2.2398834685262571E-007   2.5575645859027155E-004   6.4180140773929830        3.5559518286960979E-007  -3.5883106504830145E-006   2.2398834685262571E-007 -0.36659045540078594       -1.7868969739902063E-007  -1.2806439870026019E-006   6.4412840571042231       -1.6245228936546152E-004   1.0867378626486038E-003   2.5575645859027155E-004  -1.7868969739902063E-007 -0.36218055509680486       -1.4278087204744180E-003   1.0197802772549174E-006   6.4166202902468648     
 dijxc
  0.32079027805371424       -2.9671832274562888        24.986630935385943        1.1416972972722734E-005  -8.8554345490654673E-005  -1.1574736942337037E-002  -7.2982476178156007E-008   6.9400529559951222E-007  -4.1518411377307991E-008  -1.0877013544356107E-002   7.3984134431540117E-006  -6.9287175647034694E-006  -4.2439684246963592E-005   3.2873736789467717E-008  -1.1617849309422001E-002  -9.4794524603037444E-005   7.9032630465950037E-004 -0.36242302130652770        2.2398503741686041E-007   2.5588845650129685E-004   6.4179886858204913        3.5567710060657039E-007  -3.5891456373388834E-006   2.2398503741686041E-007 -0.36658629505475410       -1.7868634034999640E-007  -1.2806262294644134E-006   6.4412635132548548       -1.6274528606827890E-004   1.0889784699683782E-003   2.5588845650129685E-004  -1.7868634034999640E-007 -0.36217559630242691       -1.4285368812590469E-003   1.0197615522349549E-006   6.4165954377427976     
 dijxc
  0.32079025017826057       -2.9671830644342587        24.986631002585380        1.1407609760152372E-005  -8.8488082495286708E-005  -1.1574647525911967E-002  -7.2987936349497015E-008   6.9405637707440475E-007  -4.1520577432690468E-008  -1.0876889075476529E-002   6.2729429656440623E-006   2.7769223033355806E-006  -4.2277597623517448E-005   3.2871877682113153E-008  -1.1617740629575102E-002  -9.4703477251672431E-005   7.8960593222673014E-004 -0.36242353359958829        2.2399676426067630E-007   2.5492998721571281E-004   6.4179912559355925        3.5570519178028874E-007  -3.5894205959905743E-006   2.2399676426067630E-007 -0.36658701538276511       -1.7867136572120941E-007  -1.2806934504127067E-006   6.4412672518756624       -1.5529274053660826E-004   1.0224803539884537E-003   2.5492998721571281E-004  -1.7867136572120941E-007 -0.36217621688282070       -1.4231672313322443E-003   1.0196566663857768E-006   6.4165986085349394     
 dijxc
  0.32079229050997510       -2.9672028403287731        24.986819493190815        1.1400493002404770E-005  -8.8450817033700361E-005  -1.1575423407976772E-002  -7.3005080344513482E-008   6.9422422974580136E-007  -4.1519930172451879E-008  -1.0877503190962950E-002   6.1805618688990686E-006   3.5761485924219033E-006  -4.2274305105843424E-005   3.2869273661457318E-008  -1.1618495769329953E-002  -9.4610296784828555E-005   7.8891769521745542E-004 -0.36241856997827693        2.2399405054596621E-007   2.5490835494177127E-004   6.4179663210983131        3.5579292839484146E-007  -3.5903133175207559E-006   2.2399405054596621E-007 -0.36658298079192503       -1.7865708340367980E-007  -1.2806791512719405E-006   6.4412473625646021       -1.5468548654486549E-004   1.0170443670743272E-003   2.5490835494177127E-004  -1.7865708340367980E-007 -0.36217137544287425       -1.4230355133398212E-003   1.0195741910898637E-006   6.4165743643319697     
 dijxc
  0.32078819684783799       -2.9671631964726255        24.986442172435073        1.1410684843568354E-005  -8.8494802777424800E-005  -1.1573838776386895E-002  -7.2973124870358925E-008   6.9391071777948552E-007  -4.1521386440259300E-008  -1.0876230410953057E-002   6.1511647298835620E-006   3.6912540857128942E-006  -4.2229586446062520E-005   3.2870198288517970E-008  -1.1616942619152172E-002  -9.4760991136814054E-005   7.9000173859233109E-004 -0.36242868522415767        2.2400037668738691E-007   2.5464667795355471E-004   6.4180171409355697        3.5562893106648679E-007  -3.5886418419668634E-006   2.2400037668738691E-007 -0.36659130771834270       -1.7866167055825814E-007  -1.2807129927714933E-006   6.4412884831409478       -1.5421690542233451E-004   1.0137215557250172E-003   2.5464667795355471E-004  -1.7866167055825814E-007 -0.36218130238389229       -1.4215925209069913E-003   1.0196000725590343E-006   6.4166241195857037     
 dijxc
  0.32079023393200151       -2.9671829376940062        24.986630285237215        1.1403755682537453E-005  -8.8459382647852167E-005  -1.1574615608862339E-002  -7.2990095357192015E-008   6.9407693581212760E-007  -4.1520735954568157E-008  -1.0876845494958307E-002   6.0836799703591520E-006   4.2600878441135376E-006  -4.2226688473687361E-005   3.2867456614721045E-008  -1.1617699023966595E-002  -9.4668582116356375E-005   7.8932156934802310E-004 -0.36242371748412677        2.2399763911405140E-007   2.5462701095324753E-004   6.4179921869053329        3.5571575518689096E-007  -3.5895255987455279E-006   2.2399763911405140E-007 -0.36658726893946303       -1.7864682734074717E-007  -1.2806985355515230E-006   6.4412685744706195       -1.5374329097745038E-004   1.0095735089182621E-003   2.5462701095324753E-004  -1.7864682734074717E-007 -0.36217645539459281       -1.4214723020999323E-003   1.0195149149829108E-006   6.4165998480662587     
 dijxc
  0.32079028032178342       -2.9671832510045060        24.986631181685507        1.1417054408675837E-005  -8.8555046774291453E-005  -1.1574736654572954E-002  -7.2982498575151284E-008   6.9400552089452392E-007  -4.1518411521393265E-008  -1.0877013254394295E-002   7.3982336484083341E-006  -6.9271579596602681E-006  -4.2439665324279426E-005   3.2873735929110769E-008  -1.1617849015794025E-002  -9.4795069164721181E-005   7.9033117051522891E-004 -0.36242302221252315        2.2398503862600270E-007   2.5588834749034207E-004   6.4179886901064265        3.5567720587361204E-007  -3.5891467480566884E-006   2.2398503862600270E-007 -0.36658629595174241       -1.7868633535560472E-007  -1.2806262368666074E-006   6.4412635173451145       -1.6274411097230888E-004   1.0889678818946783E-003   2.5588834749034207E-004  -1.7868633535560472E-007 -0.36217559724194043       -1.4285362553013374E-003   1.0197615210341219E-006   6.4165954422216362     
 dijxc
  0.32079232626691173       -2.9672030642031806        24.986819759876244        1.1411952406644654E-005  -8.8533011539483400E-005  -1.1575528277112480E-002  -7.2998493653529572E-008   6.9416246597790236E-007  -4.1517656725360983E-008  -1.0877649026581018E-002   7.4243105576475646E-006  -7.0918254528318236E-006  -4.2462230505711782E-005   3.2873064276119823E-008  -1.1618624686388052E-002  -9.4719645842484391E-005   7.8978841101004819E-004 -0.36241796874712601        2.2398173026560444E-007   2.5602024665828601E-004   6.4179633024031020        3.5575924833378686E-007  -3.5899830594809334E-006   2.2398173026560444E-007 -0.36658213622672403       -1.7868297514535310E-007  -1.2806084856762885E-006   6.4412429769608366       -1.6303607534069096E-004   1.0911990870502736E-003   2.5602024665828601E-004  -1.7868297514535310E-007 -0.36217063914380337       -1.4292638358469768E-003   1.0197427745508832E-006   6.4165705938467106     
 dijxc
  0.32078823486545804       -2.9671634423157913        24.986442646457608        1.1422154084073436E-005  -8.8577069415143395E-005  -1.1573945041186980E-002  -7.2966523646425857E-008   6.9384878528963622E-007  -4.1519172492983715E-008  -1.0876377493800285E-002   7.3721677786396210E-006  -6.7625726621381693E-006  -4.2417101326146472E-005   3.2874418477449816E-008  -1.1617073352246314E-002  -9.4870461314122188E-005   7.9087370460110857E-004 -0.36242807545825112        2.2398837784588371E-007   2.5575645369323987E-004   6.4180140774602936        3.5559523312514562E-007  -3.5883112749155292E-006   2.2398837784588371E-007 -0.36659045542849605       -1.7868975719999614E-007  -1.2806441665649693E-006   6.4412840571193186       -1.6245225278168132E-004   1.0867375162794519E-003   2.5575645369323987E-004  -1.7868975719999614E-007 -0.36218055513176467       -1.4278086925761748E-003   1.0197806149982367E-006   6.4166202903057101     
 dijxc
  0.32079027808825950       -2.9671832278986563        24.986630940209682        1.1416976285151885E-005  -8.8554375410650882E-005  -1.1574736937394373E-002  -7.2982491848668309E-008   6.9400546139153087E-007  -4.1518417909173540E-008  -1.0877013541197841E-002   7.3984072998888684E-006  -6.9286620462260943E-006  -4.2439683346062242E-005   3.2873748298945899E-008  -1.1617849304825685E-002  -9.4794543935178732E-005   7.9032648621717660E-004 -0.36242302134544924        2.2398507005436389E-007   2.5588845138297788E-004   6.4179886859196333        3.5567714408925740E-007  -3.5891462160395967E-006   2.2398507005436389E-007 -0.36658629508343521       -1.7868640554441338E-007  -1.2806264192893889E-006   6.4412635132932401       -1.6274525040978237E-004   1.0889781344068804E-003   2.5588845138297788E-004  -1.7868640554441338E-007 -0.36217559633938112       -1.4285368521322504E-003   1.0197619204879915E-006   6.4165954378309227     
 dijxc
  0.32079023622128400       -2.9671829615438523        24.986630538652708        1.1403766940514713E-005  -8.8459427536418148E-005  -1.1574615105389777E-002  -7.2990154042568511E-008   6.9407750812389031E-007  -4.1520721954255207E-008  -1.0876844985046111E-002   6.0832932897837955E-006   4.2628286908395492E-006  -4.2226654579468135E-005   3.2867387647328426E-008  -1.1617698391048960E-002  -9.4668761264817252E-005   7.8932285677212207E-004 -0.36242371944011553        2.2399756543717292E-007   2.5462684431005610E-004   6.4179921962291377        3.5571603904552685E-007  -3.5895284873360377E-006   2.2399756543717292E-007 -0.36658727092003052       -1.7864644313560531E-007  -1.2806981197579782E-006   6.4412685837957477       -1.5373954637946087E-004   1.0095438847999082E-003   2.5462684431005610E-004  -1.7864644313560531E-007 -0.36217645801018572       -1.4214713166161249E-003   1.0195127366136584E-006   6.4165998612200443     
 dijxc
  0.32079227573687319       -2.9672027268144561        24.986818890957110        1.1396941709241932E-005  -8.8424972219536450E-005  -1.1575391872552111E-002  -7.3007120946672674E-008   6.9424374784406668E-007  -4.1520017883835873E-008  -1.0877459983466092E-002   6.0406259652522001E-006   4.5993927177002524E-006  -4.2224086013092164E-005   3.2864259807765852E-008  -1.1618454576628551E-002  -9.4576880676649957E-005   7.8864761433536672E-004 -0.36241875135128981        2.2399453783045088E-007   2.5460885444516303E-004   6.4179672423521792        3.5580277556930562E-007  -3.5904116575789371E-006   2.2399453783045088E-007 -0.36658323190668268       -1.7862966137106345E-007  -1.2806819992415616E-006   6.4412486756562615       -1.5339394571440811E-004   1.0066498846121280E-003   2.5460885444516303E-004  -1.7862966137106345E-007 -0.36217161164186779       -1.4213608277340712E-003   1.0194171092210098E-006   6.4165755956418051     
 dijxc
  0.32078818155374866       -2.9671630770352038        24.986441496699104        1.1407419133146160E-005  -8.8471651882621058E-005  -1.1573807861438301E-002  -7.2975004215820545E-008   6.9392868072749298E-007  -4.1521541038082782E-008  -1.0876187874340651E-002   6.0070584091718628E-006   4.7570007442580169E-006  -4.2179225337689518E-005   3.2865555959008829E-008  -1.1616902793050540E-002  -9.4729031291806312E-005   7.8974619431230119E-004 -0.36242886364865617        2.2400121920759853E-007   2.5434629944651481E-004   6.4180180479606292        3.5563799482126928E-007  -3.5887323364557711E-006   2.2400121920759853E-007 -0.36659155553020933       -1.7863627524078092E-007  -1.2807178493130099E-006   6.4412897800524815       -1.5291077839001794E-004   1.0031549243601924E-003   2.5434629944651481E-004  -1.7863627524078092E-007 -0.36218153168476303       -1.4199129478856369E-003   1.0194543510274848E-006   6.4166253138868727     
 dijxc
  0.32079021799915103       -2.9671828084485719        24.986629459179152        1.1401079865220768E-005  -8.8441878608540851E-005  -1.1574586819302381E-002  -7.2991610799720067E-008   6.9409147854053254E-007  -4.1520910593416204E-008  -1.0876805076819034E-002   5.9806168874498549E-006   4.9485721073633899E-006  -4.2176731230132269E-005   3.2862758379486427E-008  -1.1617662470276818E-002  -9.4639414010077414E-005   7.8909417831225087E-004 -0.36242388486480448        2.2399857734257498E-007   2.5432843163948734E-004   6.4179930416683391        3.5572291877727720E-007  -3.5895975109297533E-006   2.2399857734257498E-007 -0.36658750568529180       -1.7862145657811233E-007  -1.2807038870836459E-006   6.4412698189433275       -1.5266251045987654E-004   1.0011567221381982E-003   2.5432843163948734E-004  -1.7862145657811233E-007 -0.36217666785847347       -1.4198035944704163E-003   1.0193701109790008E-006   6.4166009571121148     
 dijxc
  0.32079028037390855       -2.9671832514328766        24.986631186260571        1.1417057733041862E-005  -8.8555076814134922E-005  -1.1574736636777716E-002  -7.2982514431350148E-008   6.9400568840199308E-007  -4.1518418124896407E-008  -1.0877013238385913E-002   7.3982275106560607E-006  -6.9271024886360640E-006  -4.2439664424883118E-005   3.2873747445963736E-008  -1.1617848998345705E-002  -9.4795088541473608E-005   7.9033135259180571E-004 -0.36242302223114964        2.2398507160943888E-007   2.5588834237817129E-004   6.4179886901369745        3.5567725038465084E-007  -3.5891473367113737E-006   2.2398507160943888E-007 -0.36658629596011016       -1.7868640059700760E-007  -1.2806264287284202E-006   6.4412635173147326       -1.6274407533339400E-004   1.0889675465048105E-003   2.5588834237817129E-004  -1.7868640059700760E-007 -0.36217559725860504       -1.4285362262066439E-003   1.0197618895500192E-006   6.4165954422411904     
 dijxc
  0.32079232629043691       -2.9672030645291505        24.986819763598874        1.1411955637919776E-005  -8.8533040701888096E-005  -1.1575528279082321E-002  -7.2998508252388150E-008   6.9416262429225104E-007  -4.1517663558309919E-008  -1.0877649030653906E-002   7.4243050474565317E-006  -7.0917761187908209E-006  -4.2462229591381186E-005   3.2873076629351902E-008  -1.1618624688815353E-002  -9.4719664744655208E-005   7.8978858862823798E-004 -0.36241796875129156        2.2398176377608876E-007   2.5602024143619095E-004   6.4179633023664575        3.5575928123272467E-007  -3.5899835560025377E-006   2.2398176377608876E-007 -0.36658213621912333       -1.7868304514725299E-007  -1.2806086815203344E-006   6.4412429768545465       -1.6303604241340051E-004   1.0911987799879454E-003   2.5602024143619095E-004  -1.7868304514725299E-007 -0.36217063914548470       -1.4292638061730663E-003   1.0197431700185533E-006   6.4165705937959983     
 dijxc
  0.32078823490201686       -2.9671634426704570        24.986442650391886        1.1422157185656806E-005  -8.8577097354880304E-005  -1.1573945032407176E-002  -7.2966537037359747E-008   6.9384893251361206E-007  -4.1519178947093214E-008  -1.0876377487094024E-002   7.3721624978214425E-006  -6.7625254635833175E-006  -4.2417100422632155E-005   3.2874430709703203E-008  -1.1617073343938113E-002  -9.4870479559718669E-005   7.9087387568825909E-004 -0.36242807547279182        2.2398840936594648E-007   2.5575644852946920E-004   6.4180140774985430        3.5559525932580703E-007  -3.5883117072973029E-006   2.2398840936594648E-007 -0.36659045543140556       -1.7868982651623696E-007  -1.2806443509638161E-006   6.4412840570888044       -1.6245222106271294E-004   1.0867372210591215E-003   2.5575644852946920E-004  -1.7868982651623696E-007 -0.36218055514373021       -1.4278086632407913E-003   1.0197810066103470E-006   6.4166202903293899     
 dijxc
  0.32079027810893940       -2.9671832281466126        24.986630943181250        1.1416979160657195E-005  -8.8554401187180542E-005  -1.1574736938263393E-002  -7.2982502332815874E-008   6.9400558431094026E-007  -4.1518423962753716E-008  -1.0877013544368708E-002   7.3984027576059808E-006  -6.9286219941689915E-006  -4.2439682424454319E-005   3.2873761195414796E-008  -1.1617849306284497E-002  -9.4794561100847264E-005   7.9032664649237086E-004 -0.36242302133821952        2.2398509883169767E-007   2.5588844609635968E-004   6.4179886858827988        3.5567714945726401E-007  -3.5891464679468737E-006   2.2398509883169767E-007 -0.36658629506347673       -1.7868647865439177E-007  -1.2806265888035397E-006   6.4412635131815712       -1.6274522205544098E-004   1.0889778738406230E-003   2.5588844609635968E-004  -1.7868647865439177E-007 -0.36217559632896418       -1.4285368221544268E-003   1.0197623335769224E-006   6.4165954377759862     
 dijxc
  0.32079022026429616       -2.9671828321406619        24.986629713325438        1.1401058018651874E-005  -8.8441609589424053E-005  -1.1574586144334105E-002  -7.2991688214009666E-008   6.9409223471661448E-007  -4.1520886337567658E-008  -1.0876804398311818E-002   5.9820691164754735E-006   4.9336369608957457E-006  -4.2176748772281378E-005   3.2862620764486138E-008  -1.1617661522492474E-002  -9.4639424504681691E-005   7.8909374365884939E-004 -0.36242388772092848        2.2399844886064326E-007   2.5432855229975553E-004   6.4179930555419356        3.5572328975499618E-007  -3.5896012847644031E-006   2.2399844886064326E-007 -0.36658750856376593       -1.7862070583743928E-007  -1.2807031611927280E-006   6.4412698328051503       -1.5266733291467542E-004   1.0012151010663664E-003   2.5432855229975553E-004  -1.7862070583743928E-007 -0.36217667215741600       -1.4198042358240686E-003   1.0193659009064425E-006   6.4166009793131673     
 dijxc
  0.32079225924245219       -2.9672025878214177        24.986817903246386        1.1395043914339530E-005  -8.8414902192036299E-005  -1.1575365811910827E-002  -7.3008147973747599E-008   6.9425367695602614E-007  -4.1520255996605045E-008  -1.0877422297929686E-002   5.9766918284258681E-006   4.9312177414851180E-006  -4.2174412969847243E-005   3.2859738184055647E-008  -1.1618422355504532E-002  -9.4551440329049207E-005   7.8845780011044090E-004 -0.36241890445672142        2.2399580264457790E-007   2.5431134569416151E-004   6.4179680287289891        3.5580742699130308E-007  -3.5904588913637645E-006   2.2399580264457790E-007 -0.36658345425505212       -1.7860558520243403E-007  -1.2806891518536430E-006   6.4412498509894069       -1.5253398683075261E-004   1.0003160812345991E-003   2.5431134569416151E-004  -1.7860558520243403E-007 -0.36217180161753693       -1.4196989387244021E-003   1.0192803539941076E-006   6.4165765893472582     
 dijxc
  0.32078816468080568       -2.9671629337880860        24.986440457086481        1.1405709070855725E-005  -8.8463380591525157E-005  -1.1573782317663067E-002  -7.2975901244614780E-008   6.9393734619220553E-007  -4.1521831789323324E-008  -1.0876150744776922E-002   5.9362187071041124E-006   5.1561998441497221E-006  -4.2129252401103018E-005   3.2861354284809885E-008  -1.1616871800493193E-002  -9.4704509368310585E-005   7.8956588561537237E-004 -0.36242901421349322        2.2400276483531913E-007   2.5404707631134231E-004   6.4180188213203841        3.5564202390549019E-007  -3.5887732989965425E-006   2.2400276483531913E-007 -0.36659177503808077       -1.7861391722534203E-007  -1.2807265898979579E-006   6.4412909407387229       -1.5202064081955261E-004   9.9650121125074726E-004   2.5404707631134231E-004  -1.7861391722534203E-007 -0.36218171524056891       -1.4182413789039536E-003   1.0193271483803959E-006   6.4166262722976892     
 dijxc
  0.32079020090510418       -2.9671826588419865        24.986628287171499        1.1400176262931365E-005  -8.8441383259745367E-005  -1.1574564620159100E-002  -7.2991929742415991E-008   6.9409464806341886E-007  -4.1521296544445707E-008  -1.0876771286035605E-002   5.9385932783004728E-006   5.0895064486889264E-006  -4.2126505143735397E-005   3.2858965794840625E-008  -1.1617637008001253E-002  -9.4618659457905446E-005   7.8895268659681130E-004 -0.36242401773858068        2.2400062149302593E-007   2.5402731357490030E-004   6.4179937278341708        3.5572401741868672E-007  -3.5896095414848164E-006   2.2400062149302593E-007 -0.36658770735646351       -1.7860159385835413E-007  -1.2807154039774493E-006   6.4412708915690491       -1.5194367798312155E-004   9.9608266526448838E-004   2.5402731357490030E-004  -1.7860159385835413E-007 -0.36217682217062996       -1.4181220131407215E-003   1.0192575077807787E-006   6.4166017623207026     
 dijxc
  0.32079028040112184       -2.9671832517550643        24.986631189702006        1.1417060610272292E-005  -8.8555102619927728E-005  -1.1574736632306654E-002  -7.2982525067482423E-008   6.9400581267848849E-007  -4.1518424259443536E-008  -1.0877013236242725E-002   7.3982230081590916E-006  -6.9270628261511248E-006  -4.2439663507230981E-005   3.2873760353933236E-008  -1.1617848994466440E-002  -9.4795105689465646E-005   7.9033151282227924E-004 -0.36242302225665829        2.2398510077784449E-007   2.5588833711573741E-004   6.4179886901993735        3.5567725662558599E-007  -3.5891475969518469E-006   2.2398510077784449E-007 -0.36658629597281844       -1.7868647376822570E-007  -1.2806266005378136E-006   6.4412635173018238       -1.6274404717901421E-004   1.0889672878979921E-003   2.5588833711573741E-004  -1.7868647376822570E-007 -0.36217559728092880       -1.4285361963654124E-003   1.0197623029914959E-006   6.4165954422854856     
 dijxc
  0.32079232631485360       -2.9672030647648109        24.986819766197563        1.1411958158055410E-005  -8.8533063115383377E-005  -1.1575528273540248E-002  -7.2998514740371489E-008   6.9416271285413787E-007  -4.1517668893629211E-008  -1.0877649027618570E-002   7.4243015251801365E-006  -7.0917458371373070E-006  -4.2462228668825487E-005   3.2873090061386438E-008  -1.1618624683996340E-002  -9.4719680136687583E-005   7.8978873138104214E-004 -0.36241796876115528        2.2398178807157386E-007   2.5602023612054204E-004   6.4179633024079319        3.5575925981401583E-007  -3.5899835703015969E-006   2.2398178807157386E-007 -0.36658213621530983       -1.7868312132589908E-007  -1.2806088262599939E-006   6.4412429768158956       -1.6303601890511744E-004   1.0911985684970889E-003   2.5602023612054204E-004  -1.7868312132589908E-007 -0.36217063915147163       -1.4292637760843954E-003   1.0197436005057675E-006   6.4165705938153881     
 dijxc
  0.32078823491594172       -2.9671634428710405        24.986442652740951        1.1422159613413659E-005  -8.8577118874548676E-005  -1.1573945034611358E-002  -7.2966542267451183E-008   6.9384900962747644E-007  -4.1519183750361042E-008  -1.0876377491723800E-002   7.3721590398405282E-006  -6.7624957372657999E-006  -4.2417099496960113E-005   3.2874443995654737E-008  -1.1617073346870281E-002  -9.4870494530598890E-005   7.9087401401113546E-004 -0.36242807547457301        2.2398843087232536E-007   2.5575644319762557E-004   6.4180140775032921        3.5559523076244426E-007  -3.5883116535486379E-006   2.2398843087232536E-007 -0.36659045541985241       -1.7868990188322042E-007  -1.2806444796519415E-006   6.4412840570155758       -1.6245219796463264E-004   1.0867370134314575E-003   2.5575644319762557E-004  -1.7868990188322042E-007 -0.36218055514157099       -1.4278086330625254E-003   1.0197814324973934E-006   6.4166202903117302     
 dijxc
  0.32079027813919708       -2.9671832283841058        24.986630945506683        1.1416981182349821E-005  -8.8554418824221093E-005  -1.1574736925129711E-002  -7.2982502201804560E-008   6.9400561473197059E-007  -4.1518427306258542E-008  -1.0877013533720795E-002   7.3984001954647146E-006  -6.9286007767241982E-006  -4.2439681480290579E-005   3.2873774822915293E-008  -1.1617849294002926E-002  -9.4794574128610743E-005   7.9032676514960020E-004 -0.36242302136683563        2.2398511195496377E-007   2.5588844064401559E-004   6.4179886859947137        3.5567708622504457E-007  -3.5891461017154603E-006   2.2398511195496377E-007 -0.36658629507842222       -1.7868655603048905E-007  -1.2806266702826952E-006   6.4412635132140412       -1.6274520332627037E-004   1.0889777101895418E-003   2.5588844064401559E-004  -1.7868655603048905E-007 -0.36217559635294011       -1.4285367913452328E-003   1.0197627708100183E-006   6.4165954378615160     
 dijxc
  0.32079020311858186       -2.9671826819226785        24.986628533804708        1.1400190890249638E-005  -8.8441448204320028E-005  -1.1574563991596565E-002  -7.2991993649759209E-008   6.9409527774069492E-007  -4.1521278698027366E-008  -1.0876770658938009E-002   5.9408084584829197E-006   5.0677396670732614E-006  -4.2126573360131789E-005   3.2858852789585508E-008  -1.1617636117646268E-002  -9.4618870137690804E-005   7.8895412698498971E-004 -0.36242402039176497        2.2400052668594956E-007   2.5402770128683398E-004   6.4179937410660353        3.5572431974797833E-007  -3.5896126417419711E-006   2.2400052668594956E-007 -0.36658771000729307       -1.7860098553793985E-007  -1.2807148689326263E-006   6.4412709046435683       -1.5195305587301184E-004   9.9618351932733102E-004   2.5402770128683398E-004  -1.7860098553793985E-007 -0.36217682624992659       -1.4181241856142928E-003   1.0192541217034973E-006   6.4166017837423706     
 dijxc
  0.32079224204991069       -2.9672024325942341        24.986816595729056        1.1395109685056590E-005  -8.8423747456358462E-005  -1.1575347648974221E-002  -7.3007754862706679E-008   6.9425005773198550E-007  -4.1520790550119932E-008  -1.0877392551210611E-002   5.9574696472106586E-006   4.8730790344607173E-006  -4.2123647735982916E-005   3.2856655981759414E-008  -1.1618403664843721E-002  -9.4535242872856540E-005   7.8836329375683270E-004 -0.36241901596188353        2.2399863065022273E-007   2.5400670267136281E-004   6.4179686090173096        3.5580494779017051E-007  -3.5904355034444934E-006   2.2399863065022273E-007 -0.36658363427985780       -1.7858983418721503E-007  -1.2807050631022571E-006   6.4412508161198314       -1.5196118763102982E-004   9.9654923214260310E-004   2.5400670267136281E-004  -1.7858983418721503E-007 -0.36217192003423104       -1.4179981580778730E-003   1.0191913542977957E-006   6.4165772055315777     
 dijxc
  0.32078814719461923       -2.9671627761693395        24.986439132346508        1.1405713643621509E-005  -8.8471717000526700E-005  -1.1573763976929788E-002  -7.2975463691909307E-008   6.9393328548582588E-007  -4.1522378400223611E-008  -1.0876120867775049E-002   5.9105048077996700E-006   5.1593295962669146E-006  -4.2078033636089491E-005   3.2858349227385112E-008  -1.1616853148872786E-002  -9.4687896912316915E-005   7.8946799622484239E-004 -0.36242912680504757        2.2400565963293752E-007   2.5373993533792593E-004   6.4180194059096882        3.5563934029061892E-007  -3.5887478115446582E-006   2.2400565963293752E-007 -0.36659195583671861       -1.7859853374885674E-007  -1.2807428841158462E-006   6.4412919084839997       -1.5141534426877892E-004   9.9240953346666611E-004   2.5373993533792593E-004  -1.7859853374885674E-007 -0.36218183341344157       -1.4165263863906736E-003   1.0192400801157911E-006   6.4166268852439687     
 dijxc
  0.32079018368661794       -2.9671825007052068        24.986626901598122        1.1400750301111601E-005  -8.8455413701501244E-005  -1.1574549456800538E-002  -7.2990838735145298E-008   6.9408435184100709E-007  -4.1521955509678592E-008  -1.0876744625528720E-002   5.9293264175853647E-006   4.9509810342898133E-006  -4.2074061309226268E-005   3.2856451274550954E-008  -1.1617623782510932E-002  -9.4604372292358214E-005   7.8888082776507507E-004 -0.36242411322004731        2.2400411312123083E-007   2.5371296025817534E-004   6.4179942253211628        3.5571805269893695E-007  -3.5895515585014267E-006   2.2400411312123083E-007 -0.36658787060483217       -1.7858902974691501E-007  -1.2807350508355365E-006   6.4412717697128645       -1.5144751856903689E-004   9.9295100197444139E-004   2.5371296025817534E-004  -1.7858902974691501E-007 -0.36217691102656013       -1.4163667632192058E-003   1.0191866059120600E-006   6.4166022185314660     
 dijxc
  0.32079028042105318       -2.9671832519383843        24.986631191615498        1.1417062618945849E-005  -8.8555120141436033E-005  -1.1574736626567432E-002  -7.2982524946337376E-008   6.9400584316473770E-007  -4.1518427652689928E-008  -1.0877013233005772E-002   7.3982205025411454E-006  -6.9270421429169467E-006  -4.2439662567771513E-005   3.2873773989469661E-008  -1.1617848989582541E-002  -9.4795118636470090E-005   7.9033163075404884E-004 -0.36242302226988887        2.2398511416401638E-007   2.5588833168628094E-004   6.4179886902513061        3.5567719351778330E-007  -3.5891472317742825E-006   2.2398511416401638E-007 -0.36658629597228864       -1.7868655118572429E-007  -1.2806266835323049E-006   6.4412635172737778       -1.6274402871621418E-004   1.0889671269185873E-003   2.5588833168628094E-004  -1.7868655118572429E-007 -0.36217559728950910       -1.4285361656886349E-003   1.0197627404709977E-006   6.4165954423109666     
 dijxc
  0.32079232633372651       -2.9672030649508372        24.986819767950912        1.1411959670598178E-005  -8.8533075893733708E-005  -1.1575528265004020E-002  -7.2998508034392310E-008   6.9416268545661589E-007  -4.1517670295901930E-008  -1.0877649021570075E-002   7.4242999920048655E-006  -7.0917343304665822E-006  -4.2462227710525607E-005   3.2873103881026208E-008  -1.1618624676442764E-002  -9.4719690708113655E-005   7.8978882521086658E-004 -0.36241796880060279        2.2398179025634860E-007   2.5602023057135024E-004   6.4179633025755294        3.5575915517660326E-007  -3.5899828270247706E-006   2.2398179025634860E-007 -0.36658213624100594       -1.7868319987671851E-007  -1.2806088458805126E-006   6.4412429769041459       -1.6303600530053790E-004   1.0911984560455256E-003   2.5602023057135024E-004  -1.7868319987671851E-007 -0.36217063918552378       -1.4292637447808321E-003   1.0197440443665745E-006   6.4165705939523319     
 dijxc
  0.32078823492918396       -2.9671634429769638        24.986442653867705        1.1422161105227837E-005  -8.8577131444054333E-005  -1.1573945030748836E-002  -7.2966534737943744E-008   6.9384897483269926E-007  -4.1519184621582458E-008  -1.0876377490260561E-002   7.3721574226726215E-006  -6.7624833795180809E-006  -4.2417098527314485E-005   3.2874457666883191E-008  -1.1617073343983694E-002  -9.4870505025900647E-005   7.9087410690650590E-004 -0.36242807547799055        2.2398843019942497E-007   2.5575643759440553E-004   6.4180140775337264        3.5559512122717807E-007  -3.5883108641368611E-006   2.2398843019942497E-007 -0.36659045540995649       -1.7868997962273441E-007  -1.2806444829101999E-006   6.4412840569693426       -1.6245218407088993E-004   1.0867368977394813E-003   2.5575643759440553E-004  -1.7868997962273441E-007 -0.36218055513959951       -1.4278086014498552E-003   1.0197818717215320E-006   6.4166202903115774     
 dijxc
  0.32079027815061206       -2.9671832284866997        24.986630946342668        1.1416982230922906E-005  -8.8554427159997294E-005  -1.1574736919190434E-002  -7.2982487781236465E-008   6.9400551943056141E-007  -4.1518425681036507E-008  -1.0877013530064039E-002   7.3983993524409234E-006  -6.9285956379735807E-006  -4.2439680478620749E-005   3.2873788521229221E-008  -1.1617849289147268E-002  -9.4794582492775992E-005   7.9032683641275746E-004 -0.36242302139319788        2.2398509725886268E-007   2.5588843485844245E-004   6.4179886861021167        3.5567693308443083E-007  -3.5891449152662763E-006   2.2398509725886268E-007 -0.36658629509200641       -1.7868663405794580E-007  -1.2806265941630725E-006   6.4412635132483320       -1.6274519346778804E-004   1.0889776342013849E-003   2.5588843485844245E-004  -1.7868663405794580E-007 -0.36217559637326585       -1.4285367587282541E-003   1.0197632115629921E-006   6.4165954379346966     
 dijxc
  0.32079018586937574       -2.9671825231806173        24.986627136513924        1.1400853569388543E-005  -8.8456299785771804E-005  -1.1574549081443182E-002  -7.2990871478977442E-008   6.9408468183874501E-007  -4.1521953058891158E-008  -1.0876744249399224E-002   5.9312420738637937E-006   4.9328393295773024E-006  -4.2074180429604963E-005   3.2856430213198522E-008  -1.1617623321700771E-002  -9.4605058804030513E-005   7.8888686286341281E-004 -0.36242411457897111        2.2400409961911633E-007   2.5371360607837800E-004   6.4179942323783177        3.5571820345788548E-007  -3.5895531443397807E-006   2.2400409961911633E-007 -0.36658787196174575       -1.7858893150739039E-007  -1.2807349740373917E-006   6.4412717766087964       -1.5145698674254543E-004   9.9304620934869661E-004   2.5371360607837800E-004  -1.7858893150739039E-007 -0.36217691290516424       -1.4163704298796958E-003   1.0191860958221115E-006   6.4166022285323692     
 dijxc
  0.32079222527531254       -2.9672022757612577        24.986815166544858        1.1396250412555767E-005  -8.8443499105451785E-005  -1.1575335928184265E-002  -7.3005932409503508E-008   6.9423276642678540E-007  -4.1521594054059551E-008  -1.0877369394874326E-002   5.9575334631921427E-006   4.6610691123332489E-006  -4.2069548230203693E-005   3.2854817083248221E-008  -1.1618396410313703E-002  -9.4523189260982811E-005   7.8831712620929461E-004 -0.36241909285620300        2.2400289331696228E-007   2.5368275445264161E-004   6.4179690111687560        3.5579533388713843E-007  -3.5903413072202317E-006   2.2400289331696228E-007 -0.36658377833592332       -1.7858104856465714E-007  -1.2807290567432035E-006   6.4412515955071443       -1.5154055029252566E-004   9.9403391231450548E-004   2.5368275445264161E-004  -1.7858104856465714E-007 -0.36217197649874311       -1.4161891326215750E-003   1.0191418889581976E-006   6.4165774875959034     
 dijxc
  0.32078813009570195       -2.9671626177994614        24.986437712750714        1.1406532810515311E-005  -8.8488534913040129E-005  -1.1573751105265262E-002  -7.2973674748173943E-008   6.9391631296558910E-007  -4.1523161214730643E-008  -1.0876096652718090E-002   5.9062692768276567E-006   4.9859362227363743E-006  -4.2023354980055503E-005   3.2856341300461584E-008  -1.1616844237256778E-002  -9.4674045538710073E-005   7.8940489173838610E-004 -0.36242920998388423        2.2400981693883430E-007   2.5341285387060801E-004   6.4180198380431790        3.5562989520551513E-007  -3.5886552815340038E-006   2.2400981693883430E-007 -0.36659210568273609       -1.7858875346193208E-007  -1.2807663001419577E-006   6.4412927151403707       -1.5096928852885192E-004   9.8965695711360148E-004   2.5341285387060801E-004  -1.7858875346193208E-007 -0.36218189870936285       -1.4146994605079904E-003   1.0191849164651662E-006   6.4166272119929975     
 dijxc
  0.32079016713446029       -2.9671823475948553        24.986625523055348        1.1401477166177371E-005  -8.8471874417844082E-005  -1.1574537938700578E-002  -7.2988447256901849E-008   6.9406163591589176E-007  -4.1522825898202798E-008  -1.0876721946187572E-002   5.9322380392467849E-006   4.7206139048882375E-006  -4.2016968971067926E-005   3.2854675935202437E-008  -1.1617617300355945E-002  -9.4589170387113474E-005   7.8880893074229498E-004 -0.36242418887933281        2.2400874652926489E-007   2.5337224484821443E-004   6.4179946157751857        3.5570558466915166E-007  -3.5894291073603817E-006   2.2400874652926489E-007 -0.36658801176922307       -1.7858051006471911E-007  -1.2807611831980526E-006   6.4412725281457135       -1.5105791730755908E-004   9.9065998928092439E-004   2.5337224484821443E-004  -1.7858051006471911E-007 -0.36217696263989707       -1.4144629325032261E-003   1.0191386502716485E-006   6.4166024686718277     
 dijxc
  0.32079028042522051       -2.9671832520094852        24.986631192368304        1.1417063642786646E-005  -8.8555128240688910E-005  -1.1574736626504864E-002  -7.2982510371786142E-008   6.9400574642538686E-007  -4.1518426024247269E-008  -1.0877013235221070E-002   7.3982197088097420E-006  -6.9270374717754621E-006  -4.2439661569925285E-005   3.2873787689149767E-008  -1.1617848990607138E-002  -9.4795126881509900E-005   7.9033170080757790E-004 -0.36242302228363327        2.2398509947936876E-007   2.5588832591939614E-004   6.4179886903364354        3.5567703958020076E-007  -3.5891460375423045E-006   2.2398509947936876E-007 -0.36658629597325798       -1.7868662921535248E-007  -1.2806266074440965E-006   6.4412635172857806       -1.6274401909208104E-004   1.0889670533033033E-003   2.5588832591939614E-004  -1.7868662921535248E-007 -0.36217559729719523       -1.4285361331766837E-003   1.0197631812494488E-006   6.4165954423617544     
 dijxc
  0.32079232632798876       -2.9672030648811494        24.986819767449120        1.1411960229764925E-005  -8.8533079557108068E-005  -1.1575528269441894E-002  -7.2998485784875858E-008   6.9416252112873678E-007  -4.1517665641010246E-008  -1.0877649028110725E-002   7.4242998977458635E-006  -7.0917361192434725E-006  -4.2462226672261908E-005   3.2873117451027634E-008  -1.1618624682065239E-002  -9.4719696719874297E-005   7.8978887254527890E-004 -0.36241796877597215        2.2398175868791791E-007   2.5602022458814586E-004   6.4179633025420246        3.5575895302412886E-007  -3.5899811920832878E-006   2.2398175868791791E-007 -0.36658213620447616       -1.7868327732956732E-007  -1.2806086740384201E-006   6.4412429768033572       -1.6303599948641240E-004   1.0911984195110566E-003   2.5602022458814586E-004  -1.7868327732956732E-007 -0.36217063915421860       -1.4292637110837414E-003   1.0197444817297312E-006   6.4165705938810493     
 dijxc
  0.32078823492810821       -2.9671634430340053        24.986442654362978        1.1422161718738813E-005  -8.8577135639253412E-005  -1.1573945031617669E-002  -7.2966512391867681E-008   6.9384880980119952E-007  -4.1519179570723332E-008  -1.0876377493152664E-002   7.3721571685348699E-006  -6.7624835897073146E-006  -4.2417097481187745E-005   3.2874471115584523E-008  -1.1617073346018823E-002  -9.4870511271971907E-005   7.9087415669989005E-004 -0.36242807550839679        2.2398839640345126E-007   2.5575643157589318E-004   6.4180140776839183        3.5559491817805741E-007  -3.5883092215526105E-006   2.2398839640345126E-007 -0.36659045542888558       -1.7869005642270333E-007  -1.2806442984493519E-006   6.4412840570545615       -1.6245217759226554E-004   1.0867368540545554E-003   2.5575643157589318E-004  -1.7869005642270333E-007 -0.36218055516343090       -1.4278085675332034E-003   1.0197823053394347E-006   6.4166202904245626     
 dijxc
  0.32079027813645228       -2.9671832284200490        24.986630945806738        1.1416982499072795E-005  -8.8554428107086164E-005  -1.1574736927753841E-002  -7.2982458402778730E-008   6.9400529287032855E-007  -4.1518417349794464E-008  -1.0877013540409645E-002   7.3983995949069946E-006  -6.9286003010556214E-006  -4.2439679394300554E-005   3.2873801740889958E-008  -1.1617849298942100E-002  -9.4794586980427196E-005   7.9032686872946894E-004 -0.36242302138996885        2.2398504503709153E-007   2.5588842863917424E-004   6.4179886861497089        3.5567668512093726E-007  -3.5891428642531287E-006   2.2398504503709153E-007 -0.36658629507852974       -1.7868670975249199E-007  -1.2806263053708231E-006   6.4412635132385372       -1.6274518991358245E-004   1.0889776181029075E-003   2.5588842863917424E-004  -1.7868670975249199E-007 -0.36217559636305430       -1.4285367236904090E-003   1.0197636387208496E-006   6.4165954379428030     
 dijxc
  0.32079016932303467       -2.9671823697547066        24.986625748221769        1.1401670585702742E-005  -8.8473598979095671E-005  -1.1574537913496059E-002  -7.2988454241425431E-008   6.9406171386784876E-007  -4.1522834895638663E-008  -1.0876721904125017E-002   5.9333245102522699E-006   4.7109735433908148E-006  -4.2017132454585956E-005   3.2854743773418802E-008  -1.1617617446593259E-002  -9.4590337836300168E-005   7.8881967243273825E-004 -0.36242418838879359        2.2400879324418104E-007   2.5337311551356279E-004   6.4179946136793511        3.5570561308970833E-007  -3.5894294554812542E-006   2.2400879324418104E-007 -0.36658801134248159       -1.7858090374257327E-007  -1.2807614422956890E-006   6.4412725262604393       -1.5106457647184491E-004   9.9072135089388596E-004   2.5337311551356279E-004  -1.7858090374257327E-007 -0.36217696129180427       -1.4144679035591723E-003   1.0191408949144996E-006   6.4166024616183428     
