 dijxc
  -3.2252548135869079E-002 -0.15119051933171684        10.471609761876904        1.6517675754801795E-004  -2.2100886729610743E-003  -3.8392130078895934E-004  -6.8126841663351514E-007   9.1778846648900166E-006   1.4045016798529671E-008  -3.8100544499787927E-004   4.9594637228433831E-006  -6.6286955039854948E-005  -1.0328514269143163E-007   2.8786019796484560E-010  -3.8080897288563897E-004
 dijxc
  -3.2252548135869079E-002 -0.15119051933171684        10.471609761876904        1.6517675754801795E-004  -2.2100886729610743E-003  -3.8392130078895934E-004  -6.8126841663351514E-007   9.1778846648900166E-006   1.4045016798529671E-008  -3.8100544499787927E-004   4.9594637228433831E-006  -6.6286955039854948E-005  -1.0328514269143163E-007   2.8786019796484560E-010  -3.8080897288563897E-004
 dijxc
  -3.2252832638281589E-002 -0.15118759758266076        10.471590002252396        1.6518508867569050E-004  -2.2102018551095086E-003  -3.8396915268155258E-004  -6.8129087232432391E-007   9.1781834863789863E-006   1.4045860905194933E-008  -3.8105297391726378E-004   4.9596201268134746E-006  -6.6289078052975516E-005  -1.0329046683574006E-007   2.8787703672108489E-010  -3.8085655371123100E-004
 dijxc
  -3.2252263655158875E-002 -0.15119343986034653        10.471629529898586        1.6516842717865341E-004  -2.2099755015847172E-003  -3.8387332828301185E-004  -6.8124596274774841E-007   9.1775858690925183E-006   1.4044172798058014E-008  -3.8095779542370609E-004   4.9593073292191722E-006  -6.6284832185971085E-005  -1.0327981929550490E-007   2.8784336057428589E-010  -3.8076127140827365E-004
 dijxc
  -3.2252548511043554E-002 -0.15119051679272999        10.471609746283383        1.6517675230397937E-004  -2.2100886629195671E-003  -3.8392136339804187E-004  -6.8126850101275783E-007   9.1778860296807992E-006   1.4045014439601904E-008  -3.8100550850059202E-004   4.9594706607414592E-006  -6.6287049316591525E-005  -1.0328526330833008E-007   2.8786077581451815E-010  -3.8080903643544078E-004
 dijxc
  -3.2252548169309753E-002 -0.15119051813498019        10.471609764609624        1.6517674107341688E-004  -2.2100884571378890E-003  -3.8392118393706833E-004  -6.8126839493840627E-007   9.1778843692522940E-006   1.4045013158303463E-008  -3.8100532907560478E-004   4.9594664638209017E-006  -6.6287010993843989E-005  -1.0328519885885338E-007   2.8785800172353370E-010  -3.8080886781354829E-004
 dijxc
  -3.2252828276813139E-002 -0.15118762778667863        10.471590254467314        1.6518489866479313E-004  -2.2101985857194664E-003  -3.8396830500161884E-004  -6.8128078777468121E-007   9.1780457805296722E-006   1.4045691837128195E-008  -3.8105212448602251E-004   4.9560782571951997E-006  -6.6241699880809020E-005  -1.0320487249017015E-007   2.8756256959597155E-010  -3.8085570672039654E-004
 dijxc
  -3.2252259100663941E-002 -0.15119346855459503        10.471629795819892        1.6516823811586677E-004  -2.2099722454013266E-003  -3.8387216368889778E-004  -6.8123591398406962E-007   9.1774486489784440E-006   1.4044004450524893E-008  -3.8095662907361861E-004   4.9558178143711238E-006  -6.6238150581299842E-005  -1.0319535107612913E-007   2.8753348135821468E-010  -3.8076010794204089E-004
 dijxc
  -3.2252540417761918E-002 -0.15119057032590383        10.471610217325509        1.6517649257408564E-004  -2.2100838636419607E-003  -3.8391951311392519E-004  -6.8125154111785068E-007   9.1776540751520083E-006   1.4044741711462116E-008  -3.8100365244954305E-004   4.9570797891834587E-006  -6.6254646223485239E-005  -1.0320795402288877E-007   2.8763640327149482E-010  -3.8080718180122364E-004
 dijxc
  -3.2252548124636224E-002 -0.15119051906681563        10.471609763814730        1.6517675754198986E-004  -2.2100886727347770E-003  -3.8392126377464661E-004  -6.8126841781512388E-007   9.1778846796368602E-006   1.4045016829183491E-008  -3.8100540798213258E-004   4.9594637157878655E-006  -6.6286954941809244E-005  -1.0328514259461968E-007   2.8786019726073721E-010  -3.8080893586969441E-004
 dijxc
  -3.2252832808274040E-002 -0.15118759848386654        10.471589997838386        1.6518508858405246E-004  -2.2102018515342426E-003  -3.8396936181058525E-004  -6.8129086837953668E-007   9.1781834235618693E-006   1.4045860964989442E-008  -3.8105318302385943E-004   4.9596198068886045E-006  -6.6289073730871941E-005  -1.0329046129758173E-007   2.8787700736674885E-010  -3.8085676281385782E-004
 dijxc
  -3.2252263379802172E-002 -0.15119343837991278        10.471629544271421        1.6516842708763627E-004  -2.2099754981424404E-003  -3.8387295949256488E-004  -6.8124595883998372E-007   9.1775858073072585E-006   1.4044172850685974E-008  -3.8095742661231884E-004   4.9593070119629564E-006  -6.6284827903203070E-005  -1.0327981375952370E-007   2.8784333154030264E-010  -3.8076090259304344E-004
 dijxc
  -3.2252548470936740E-002 -0.15119051689090734        10.471609747723013        1.6517675221054776E-004  -2.2100886580804112E-003  -3.8392134061014476E-004  -6.8126849449057501E-007   9.1778859272781802E-006   1.4045014531877090E-008  -3.8100548567509868E-004   4.9594701129088864E-006  -6.6287041929971821E-005  -1.0328525375494675E-007   2.8786072674848440E-010  -3.8080901360366753E-004
 dijxc
  -3.2252539917716011E-002 -0.15119057520426094        10.471610248062611        1.6517646422672312E-004  -2.2100833801705373E-003  -3.8391955031172374E-004  -6.8125043583304783E-007   9.1776388882143396E-006   1.4044724307138335E-008  -3.8100368919504542E-004   4.9555652278878064E-006  -6.6234515244476089E-005  -1.0317775709400457E-007   2.8750670778377365E-010  -3.8080721632205818E-004
 dijxc
  -3.2252820878166222E-002 -0.15118767777619768        10.471590698494371        1.6518472155949279E-004  -2.2101949766967074E-003  -3.8396664252959302E-004  -6.8126593352487797E-007   9.1778423725013516E-006   1.4045462922468411E-008  -3.8105045456470453E-004   4.9567605614744953E-006  -6.6250125232374774E-005  -1.0318935057922904E-007   2.8760418856008821E-010  -3.8085403235740183E-004
 dijxc
  -3.2252252348882654E-002 -0.15119351382459228        10.471630191726426        1.6516814486839955E-004  -2.2099698819641419E-003  -3.8387059836152181E-004  -6.8122373223155694E-007   9.1772814654045728E-006   1.4043826454737189E-008  -3.8095505540802126E-004   4.9604916892975576E-006  -6.6299611405083595E-005  -1.0325941012532072E-007   2.8791710676428872E-010  -3.8075853536511718E-004
 dijxc
  -3.2252535284236002E-002 -0.15119060566836595        10.471610525423490        1.6517654055589638E-004  -2.2100836265098942E-003  -3.8391829223948545E-004  -6.8124403645069861E-007   9.1775504233955477E-006   1.4044651130275160E-008  -3.8100242218929012E-004   4.9687812963820759E-006  -6.6409469789109978E-005  -1.0341250417013945E-007   2.8862294592881885E-010  -3.8080596296627379E-004
 dijxc
  -3.2252548128316599E-002 -0.15119051929381805        10.471609766439492        1.6517675739555749E-004  -2.2100886670053709E-003  -3.8392127456319950E-004  -6.8126841042895560E-007   9.1778845649770865E-006   1.4045016916561509E-008  -3.8100541873231132E-004   4.9594631446762235E-006  -6.6286947240461967E-005  -1.0328513264878756E-007   2.8786014576801812E-010  -3.8080894661313613E-004
 dijxc
  -3.2252832662774865E-002 -0.15118759876941770        10.471589999481848        1.6518508845370368E-004  -2.2102018438355372E-003  -3.8396928541141895E-004  -6.8129085850420147E-007   9.1781832665792203E-006   1.4045861114795466E-008  -3.8105310656525663E-004   4.9596190140257274E-006  -6.6289063019558961E-005  -1.0329044767334572E-007   2.8787693714489374E-010  -3.8085668634568162E-004
 dijxc
  -3.2252263436597914E-002 -0.15119343918741240        10.471629541709600        1.6516842702022323E-004  -2.2099754919597645E-003  -3.8387308064749678E-004  -6.8124595114324319E-007   9.1775856821472173E-006   1.4044173007073900E-008  -3.8095754771245299E-004   4.9593062965430092E-006  -6.6284818242646129E-005  -1.0327980147278948E-007   2.8784326920491539E-010  -3.8076102368472993E-004
 dijxc
  -3.2252548392143955E-002 -0.15119051715225854        10.471609750333361        1.6517675222743874E-004  -2.2100886525808347E-003  -3.8392130211133515E-004  -6.8126848791410438E-007   9.1778858151371437E-006   1.4045014740496141E-008  -3.8100544711320119E-004   4.9594693171038972E-006  -6.6287031192545235E-005  -1.0328524011220971E-007   2.8786065934286784E-010  -3.8080897503270578E-004
 dijxc
  -3.2252534626466142E-002 -0.15119060895438061        10.471610567750247        1.6517651432062543E-004  -2.2100831722255214E-003  -3.8391803780764950E-004  -6.8124298689832853E-007   9.1775359878120039E-006   1.4044634949601785E-008  -3.8100216725419798E-004   4.9673430195588395E-006  -6.6390356139205088E-005  -1.0338390302470762E-007   2.8849978464338771E-010  -3.8080570601333298E-004
 dijxc
  -3.2252818194104485E-002 -0.15118769965126175        10.471590863642884        1.6518497515013501E-004  -2.2101978401778883E-003  -3.8396614207784614E-004  -6.8126526746161786E-007   9.1778316233508077E-006   1.4045499914587906E-008  -3.8104994325832285E-004   4.9787379955441638E-006  -6.6541460852849791E-005  -1.0359923314139464E-007   2.8947236164554033E-010  -3.8085354750005387E-004
 dijxc
  -3.2252250172674309E-002 -0.15119353351457385        10.471630337589998        1.6516840456417742E-004  -2.2099729003522933E-003  -3.8387026306174873E-004  -6.8122368290584750E-007   9.1772792742549165E-006   1.4043871425371087E-008  -3.8095471007574134E-004   4.9835584971400668E-006  -6.6605362569107526E-005  -1.0369046856469115E-007   2.8987947346955366E-010  -3.8075821780252420E-004
 dijxc
  -3.2252535302356194E-002 -0.15119061129362674        10.471610542976942        1.6517691370019770E-004  -2.2100885156500806E-003  -3.8391843355966866E-004  -6.8124881063849096E-007   9.1776142535436630E-006   1.4044777081130706E-008  -3.8100255492278076E-004   4.9994280678999532E-006  -6.6815785897892814E-005  -1.0399404025199943E-007   2.9123799994690586E-010  -3.8080613438130277E-004
 dijxc
  -3.2252547976816481E-002 -0.15119051846651754        10.471609778902797        1.6517675738265684E-004  -2.2100886611638756E-003  -3.8392105173685348E-004  -6.8126840302323622E-007   9.1778844420412182E-006   1.4045017113076400E-008  -3.8100519584308601E-004   4.9594623209913837E-006  -6.6286936133558335E-005  -1.0328511846177709E-007   2.8786007542904307E-010  -3.8080872371460957E-004
 dijxc
  -3.2252832582157005E-002 -0.15118759846087143        10.471590008767039        1.6518508858406712E-004  -2.2102018397475421E-003  -3.8396916604059800E-004  -6.8129085387431260E-007   9.1781831799282818E-006   1.4045861375960326E-008  -3.8105298712510778E-004   4.9596181765860331E-006  -6.6289051730774099E-005  -1.0329043336263635E-007   2.8787686848283656E-010  -3.8085656689638297E-004
 dijxc
  -3.2252263468343860E-002 -0.15119344012042080        10.471629538230562        1.6516842721161319E-004  -2.2099754893266325E-003  -3.8387319854904609E-004  -6.8124594914105456E-007   9.1775856331378062E-006   1.4044173277922600E-008  -3.8095766555044084E-004   4.9593055720603388E-006  -6.6284808474922484E-005  -1.0327978917094831E-007   2.8784321156028038E-010  -3.8076114151486035E-004
 dijxc
  -3.2252548332042025E-002 -0.15119051685286122        10.471609757283696        1.6517675256893708E-004  -2.2100886527739259E-003  -3.8392120739138961E-004  -6.8126849061366879E-007   9.1778858321586790E-006   1.4045015062173548E-008  -3.8100535233260148E-004   4.9594686982708848E-006  -6.6287022857964122E-005  -1.0328522973302483E-007   2.8786061406750092E-010  -3.8080888024574267E-004
 dijxc
  -3.2252534728319265E-002 -0.15119061353536808        10.471610579513754        1.6517691747491975E-004  -2.2100884806699980E-003  -3.8391814051216822E-004  -6.8124854665764999E-007   9.1776103824725154E-006   1.4044777410876202E-008  -3.8100226068887692E-004   4.9990875999436131E-006  -6.6811282281681395E-005  -1.0398752204386402E-007   2.9120854578523915E-010  -3.8080583971964875E-004
 dijxc
  -3.2252820904488833E-002 -0.15118768761555476        10.471590732739186        1.6518549880802297E-004  -2.2102051755059364E-003  -3.8396678167952180E-004  -6.8127622911642500E-007   9.1779800272789497E-006   1.4045731233792655E-008  -3.8105057568577376E-004   5.0189943724800162E-006  -6.7075280299280915E-005  -1.0437132364633011E-007   2.9291454289320573E-010  -3.8085423230188955E-004
 dijxc
  -3.2252252694265945E-002 -0.15119352298104050        10.471630215160388        1.6516884634011240E-004  -2.2099791258254138E-003  -3.8387092138394215E-004  -6.8123281367367596E-007   9.1774031805290090E-006   1.4044061661677066E-008  -3.8095536360369250E-004   5.0212775806789622E-006  -6.7105375642388196E-005  -1.0441116507817995E-007   2.9310592643103014E-010  -3.8075891993569341E-004
 dijxc
  -3.2252539574951236E-002 -0.15119058920359196        10.471610320706525        1.6517732670053278E-004  -2.2100946599181133E-003  -3.8391947316125858E-004  -6.8125948797280870E-007   9.1777602181887087E-006   1.4044976368832700E-008  -3.8100359501039814E-004   5.0399295583975393E-006  -6.7352472623498296E-005  -1.0476815867600132E-007   2.9470920055601180E-010  -3.8080722700613485E-004
 dijxc
  -3.2252548048705747E-002 -0.15119051988413762        10.471609769571678        1.6517675773809236E-004  -2.2100886613569308E-003  -3.8392126370375616E-004  -6.8126840564222853E-007   9.1778844572228252E-006   1.4045017440363759E-008  -3.8100540774760393E-004   4.9594616905964927E-006  -6.6286927640077568E-005  -1.0328510790516244E-007   2.8786002925396964E-010  -3.8080893561263322E-004
 dijxc
  -3.2252832637523793E-002 -0.15118759873694831        10.471590010416946        1.6518508912790581E-004  -2.2102018438075015E-003  -3.8396922235944841E-004  -6.8129086319738551E-007   9.1781832900219430E-006   1.4045861761332047E-008  -3.8105304338902231E-004   4.9596177478920960E-006  -6.6289045963200790E-005  -1.0329042646427319E-007   2.8787684394373234E-010  -3.8085662315633399E-004
 dijxc
  -3.2252263443189884E-002 -0.15119344009357430        10.471629540440945        1.6516842774418183E-004  -2.2099754938460399E-003  -3.8387317050524834E-004  -6.8124595941990461E-007   9.1775857584801612E-006   1.4044173649338677E-008  -3.8095763745814152E-004   4.9593052245194230E-006  -6.6284803801512307E-005  -1.0327978366170860E-007   2.8784319400486132E-010  -3.8076111341940817E-004
 dijxc
  -3.2252548436413057E-002 -0.15119051809360967        10.471609748505628        1.6517675317565122E-004  -2.2100886597320700E-003  -3.8392142173051071E-004  -6.8126850633920741E-007   9.1778860360748663E-006   1.4045015457109485E-008  -3.8100556663610112E-004   4.9594685845267834E-006  -6.6287021335038849E-005  -1.0328522840568289E-007   2.8786061946823826E-010  -3.8080909454848478E-004
 dijxc
  -3.2252539369327600E-002 -0.15119059127909878        10.471610334747085        1.6517736309462210E-004  -2.2100950919244269E-003  -3.8391946814712885E-004  -6.8126011832907845E-007   9.1777684152486930E-006   1.4044994714317508E-008  -3.8100358820356115E-004   5.0409051151594196E-006  -6.7365467568618239E-005  -1.0478792098856928E-007   2.9479217397548635E-010  -3.8080722161747073E-004
 dijxc
  -3.2252827059405721E-002 -0.15118765445545645        10.471590397911747        1.6518585798546906E-004  -2.2102109177548493E-003  -3.8396839237382781E-004  -6.8128802976773005E-007   9.1781424408301838E-006   1.4045928384466462E-008  -3.8105219311594847E-004   5.0616446775745121E-006  -6.7640166867439011E-005  -1.0518543194307624E-007   2.9657720433274652E-010  -3.8085590514147895E-004
 dijxc
  -3.2252257919736772E-002 -0.15119349360348136        10.471629927252028        1.6516910151024038E-004  -2.2099833706219641E-003  -3.8387216424325783E-004  -6.8124183708945269E-007   9.1775280637212753E-006   1.4044203239252744E-008  -3.8095661506300888E-004   5.0596376272480460E-006  -6.7613228561627420E-005  -1.0513957379516664E-007   2.9640237689191805E-010  -3.8076022063536399E-004
 dijxc
  -3.2252545251628462E-002 -0.15119055635963777        10.471610002360178        1.6517741390657305E-004  -2.2100967584158088E-003  -3.8392085823359210E-004  -6.8126603289278963E-007   9.1778525098528760E-006   1.4045050249471620E-008  -3.8100499560463584E-004   5.0743930645862945E-006  -6.7808271012434200E-005  -1.0541668051244510E-007   2.9767992017693513E-010  -3.8080867116906916E-004
 dijxc
  -3.2252548083146503E-002 -0.15119052002438138        10.471609772050229        1.6517675839712405E-004  -2.2100886687155415E-003  -3.8392128757094824E-004  -6.8126842208655253E-007   9.1778846694654141E-006   1.4045017855549943E-008  -3.8100543157642912E-004   4.9594615877737513E-006  -6.6286926254418931E-005  -1.0328510685952213E-007   2.8786003625994841E-010  -3.8080895944075867E-004
 dijxc
  -3.2252832702904063E-002 -0.15118759968419360        10.471590000544213        1.6518508984538733E-004  -2.2102018541075683E-003  -3.8396938999988694E-004  -6.8129088588948107E-007   9.1781835944593503E-006   1.4045862179559357E-008  -3.8105321101121784E-004   4.9596179470927449E-006  -6.6289048653719971E-005  -1.0329043070617787E-007   2.8787687962944128E-010  -3.8085679078106005E-004
 dijxc
  -3.2252263491591444E-002 -0.15119344040641475        10.471629540098405        1.6516842835492582E-004  -2.2099755027700980E-003  -3.8387322686457960E-004  -6.8124598078491702E-007   9.1775860454306308E-006   1.4044174040607045E-008  -3.8095769380253931E-004   4.9593054320831442E-006  -6.6284806600264463E-005  -1.0327978801545749E-007   2.8784322918143176E-010  -3.8076116976606348E-004
 dijxc
  -3.2252548387859653E-002 -0.15119051764409541        10.471609751068247        1.6517675374718934E-004  -2.2100886684785319E-003  -3.8392133925494452E-004  -6.8126853087004781E-007   9.1778863665803105E-006   1.4045015860993881E-008  -3.8100548415554054E-004   4.9594690173157936E-006  -6.6287027129497729E-005  -1.0328523693113858E-007   2.8786067521880901E-010  -3.8080901207153991E-004
 dijxc
  -3.2252545287663623E-002 -0.15119055818053764        10.471609998055238        1.6517745743446831E-004  -2.2100973180490054E-003  -3.8392104271146768E-004  -6.8126697315007570E-007   9.1778649802414064E-006   1.4045073172577683E-008  -3.8100517848323537E-004   5.0759581993476501E-006  -6.7829074382289964E-005  -1.0544789837739481E-007   2.9781350818356804E-010  -3.8080885627078643E-004
 dijxc
  -3.2252832609356671E-002 -0.15118761982095402        10.471590083475757        1.6518570969121466E-004  -2.2102099053556358E-003  -3.8396961077275687E-004  -6.8129027673534046E-007   9.1781775609386738E-006   1.4045897665830915E-008  -3.8105343519848718E-004   5.0893767952713162E-006  -6.8006212598983420E-005  -1.0569701192345604E-007   2.9898034473981171E-010  -3.8085718096760967E-004
 dijxc
  -3.2252262507743303E-002 -0.15119346454540766        10.471629667219766        1.6516891629362874E-004  -2.2099817142140249E-003  -3.8387311977181309E-004  -6.8124252669899100E-007   9.1775417314231316E-006   1.4044148677532450E-008  -3.8095759340924949E-004   5.0843727602874299E-006  -6.7939575949261741E-005  -1.0559254279421318E-007   2.9854849093798607E-010  -3.8076122846001823E-004
 dijxc
  -3.2252548723805313E-002 -0.15119053280768086        10.471609802395545        1.6517704968147643E-004  -2.2100925499481351E-003  -3.8392150094181804E-004  -6.8126257272202540E-007   9.1778100822260261E-006   1.4044910572618213E-008  -3.8100566477768333E-004   5.0913014105739289E-006  -6.8030624849091655E-005  -1.0571348186203947E-007   2.9916213173587342E-010  -3.8080935851800952E-004
 dijxc
  -3.2252547968003788E-002 -0.15119051916963824        10.471609775936255        1.6517675896505227E-004  -2.2100886782258859E-003  -3.8392112270173740E-004  -6.8126844733905801E-007   9.1778850129683858E-006   1.4045018242195764E-008  -3.8100526670817325E-004   4.9594620478766306E-006  -6.6286932437054796E-005  -1.0328511572178035E-007   2.8786009446167731E-010  -3.8080879457680003E-004
 dijxc
  -3.2252832607369115E-002 -0.15118759876893323        10.471590007457980        1.6518509027134266E-004  -2.2102018624378952E-003  -3.8396921305426158E-004  -6.8129091334872856E-007   9.1781839702451870E-006   1.4045862544399161E-008  -3.8105303408238656E-004   4.9596186407723778E-006  -6.6289057950712563E-005  -1.0329044375503442E-007   2.8787695800324767E-010  -3.8085661385789632E-004
 dijxc
  -3.2252263455876062E-002 -0.15119344053739064        10.471629535503098        1.6516842869647769E-004  -2.2099755087142308E-003  -3.8387323680952117E-004  -6.8124600600372076E-007   9.1775863861217800E-006   1.4044174407721839E-008  -3.8095770375809446E-004   4.9593060581286193E-006  -6.6284814957904808E-005  -1.0327979998725918E-007   2.8784330060459523E-010  -3.8076117972593159E-004
 dijxc
  -3.2252548445572155E-002 -0.15119051812133755        10.471609744990428        1.6517675380343651E-004  -2.2100886715527702E-003  -3.8392144437026125E-004  -6.8126855545575382E-007   9.1778867026748931E-006   1.4045016158856810E-008  -3.8100558929981686E-004   4.9594697382128346E-006  -6.6287036764377740E-005  -1.0328525031723429E-007   2.8786075296663752E-010  -3.8080911722064570E-004
 dijxc
  -3.2252548880929932E-002 -0.15119053399536247        10.471609797591999        1.6517706715712228E-004  -2.2100927775246804E-003  -3.8392171812047103E-004  -6.8126302241816635E-007   9.1778160793988128E-006   1.4044920934340910E-008  -3.8100588139223363E-004   5.0923372910700939E-006  -6.8044339332400409E-005  -1.0573364923900183E-007   2.9925097484180236E-010  -3.8080957657944756E-004
 dijxc
  -3.2252834414977762E-002 -0.15118760762265671        10.471589968005311        1.6518511492883230E-004  -2.2102023458745014E-003  -3.8397009061304883E-004  -6.8128088565762193E-007   9.1780547640600649E-006   1.4045641178523563E-008  -3.8105394519111603E-004   5.0954209547209342E-006  -6.8084276862552843E-005  -1.0577756390605410E-007   2.9953856082618761E-010  -3.8085769346079266E-004
 dijxc
  -3.2252263775364991E-002 -0.15119345665546524        10.471629590372428        1.6516839042108244E-004  -2.2099749619154847E-003  -3.8387349424261034E-004  -6.8123391049235560E-007   9.1774287364248468E-006   1.4043919711699011E-008  -3.8095799419120659E-004   5.0906980564556368E-006  -6.8021629476754756E-005  -1.0568073449156494E-007   2.9912847081917597E-010  -3.8076163221976316E-004
 dijxc
  -3.2252548188347059E-002 -0.15119053747752470        10.471609825091790        1.6517648857452481E-004  -2.2100850039345889E-003  -3.8392161122919265E-004  -6.8125157908379056E-007   9.1776638204334317E-006   1.4044652605634782E-008  -3.8100579781947923E-004   5.0910584128023043E-006  -6.8025867024682477E-005  -1.0567397709480397E-007   2.9918122355395731E-010  -3.8080948515494158E-004
 dijxc
  -3.2252548039377729E-002 -0.15119051980579162        10.471609769193403        1.6517675904679060E-004  -2.2100886813785844E-003  -3.8392124881862593E-004  -6.8126847235793868E-007   9.1778853537150105E-006   1.4045018557565187E-008  -3.8100539285146611E-004   4.9594627960222404E-006  -6.6286942425493962E-005  -1.0328512972241099E-007   2.8786017499522953E-010  -3.8080892072491412E-004
 dijxc
  -3.2252832748874333E-002 -0.15118759962907005        10.471589998057786        1.6518508998635174E-004  -2.2102018612190845E-003  -3.8396942278915336E-004  -6.8129093590618325E-007   9.1781842802789748E-006   1.4045862773471432E-008  -3.8105324386086554E-004   4.9596194240324465E-006  -6.6289068407324091E-005  -1.0329045805579525E-007   2.8787703853290780E-010  -3.8085682364095703E-004
 dijxc
  -3.2252263398228669E-002 -0.15119343962388654        10.471629541575096        1.6516842839258211E-004  -2.2099755063651979E-003  -3.8387309158510242E-004  -6.8124602704803664E-007   9.1775866723465288E-006   1.4044174648249289E-008  -3.8095755856986974E-004   4.9593067326816705E-006  -6.6284823944694202E-005  -1.0327981238819248E-007   2.8784337134685924E-010  -3.8076103454123952E-004
 dijxc
  -3.2252548411121275E-002 -0.15119051778170214        10.471609746476261        1.6517675323119132E-004  -2.2100886652983739E-003  -3.8392138601751934E-004  -6.8126857407186384E-007   9.1778869550659627E-006   1.4045016359503439E-008  -3.8100553098834348E-004   4.9594703270198207E-006  -6.6287044593467913E-005  -1.0328526096110189E-007   2.8786081437541772E-010  -3.8080905891174372E-004
 dijxc
  -3.2252548080688018E-002 -0.15119053846839364        10.471609832798302        1.6517646663451535E-004  -2.2100846901964353E-003  -3.8392160673797352E-004  -6.8125115779845349E-007   9.1776581444719066E-006   1.4044643842536598E-008  -3.8100579386784919E-004   5.0908751359416329E-006  -6.8023335631202622E-005  -1.0566955258999828E-007   2.9916636688985650E-010  -3.8080948088239843E-004
 dijxc
  -3.2252831100401259E-002 -0.15118762552975989        10.471590153968792        1.6518453214591931E-004  -2.2101940794326466E-003  -3.8396914423194167E-004  -6.8126710633550006E-007   9.1778692960978199E-006   1.4045354144246420E-008  -3.8105301601393617E-004   5.0874331554165478E-006  -6.7977247972689057E-005  -1.0558845302509852E-007   2.9889454212363495E-010  -3.8085674684629428E-004
 dijxc
  -3.2252260551651646E-002 -0.15119347544324974        10.471629771153058        1.6516793440789755E-004  -2.2099683869995349E-003  -3.8387265496070779E-004  -6.8122246352724772E-007   9.1772743038657819E-006   1.4043688165081156E-008  -3.8095716774859585E-004   5.0858181283703094E-006  -6.7956136823074976E-005  -1.0555510990994416E-007   2.9874721610287456E-010  -3.8076079296706848E-004
 dijxc
  -3.2252543273879095E-002 -0.15119056596148017        10.471610109677151        1.6517619367689877E-004  -2.2100802922515031E-003  -3.8392020315987407E-004  -6.8124129305900136E-007   9.1775233540105553E-006   1.4044474402930993E-008  -3.8100439262440629E-004   5.0846927945567934E-006  -6.7941468690523911E-005  -1.0552427222814010E-007   2.9866820863576581E-010  -3.8080806537597758E-004
 dijxc
  -3.2252548093899450E-002 -0.15119051996896482        10.471609768794634        1.6517675844964939E-004  -2.2100886745868341E-003  -3.8392129947304083E-004  -6.8126849069177476E-007   9.1778856014917886E-006   1.4045018752350868E-008  -3.8100544354814723E-004   4.9594634004243829E-006  -6.6286950454394640E-005  -1.0328514066156180E-007   2.8786023741735137E-010  -3.8080897142403871E-004
