 dijxc
  -9.5001508407655949E-003   9.7222704068204810E-002 -0.75971043145808970       -9.2982964231710371E-005   1.2230904356771162E-003  -1.3461341895645228E-003  -5.1389573321227127E-007   6.8123137317001108E-006  -5.1945119207388550E-009  -1.3454440371412552E-003  -1.5912952216215936E-004   2.0929818974202807E-003  -1.5043287202814476E-006  -9.3926435306053839E-009  -1.3478123748655471E-003
  -9.5001508407655949E-003   9.7222704068204810E-002 -0.75971043145808970       -9.2982964231710371E-005   1.2230904356771162E-003  -1.3461341895645228E-003  -5.1389573321227127E-007   6.8123137317001108E-006  -5.1945119207388550E-009  -1.3454440371412552E-003  -1.5912952216215936E-004   2.0929818974202807E-003  -1.5043287202814476E-006  -9.3926435306053839E-009  -1.3478123748655471E-003
 dijxc
  -9.5001508407655949E-003   9.7222704068204810E-002 -0.75971043145808970       -9.2982964231710371E-005   1.2230904356771162E-003  -1.3461341895645228E-003  -5.1389573321227127E-007   6.8123137317001108E-006  -5.1945119207388550E-009  -1.3454440371412552E-003  -1.5912952216215936E-004   2.0929818974202807E-003  -1.5043287202814476E-006  -9.3926435306053839E-009  -1.3478123748655471E-003
  -9.5001508407655949E-003   9.7222704068204810E-002 -0.75971043145808970       -9.2982964231710371E-005   1.2230904356771162E-003  -1.3461341895645228E-003  -5.1389573321227127E-007   6.8123137317001108E-006  -5.1945119207388550E-009  -1.3454440371412552E-003  -1.5912952216215936E-004   2.0929818974202807E-003  -1.5043287202814476E-006  -9.3926435306053839E-009  -1.3478123748655471E-003
 dijxc
  -9.5004881532574567E-003   9.7226165009112686E-002 -0.75973742489626395       -9.2987985646677838E-005   1.2231558198220853E-003  -1.3461815275252428E-003  -5.1391570528161651E-007   6.8125670076388679E-006  -5.1948308724778211E-009  -1.3454912507206711E-003  -1.5913818082514955E-004   2.0930947369646393E-003  -1.5044559656242434E-006  -9.3931946456437742E-009  -1.3478598600685141E-003
  -9.5004881532574567E-003   9.7226165009112686E-002 -0.75973742489626395       -9.2987985646677838E-005   1.2231558198220853E-003  -1.3461815275252428E-003  -5.1391570528161651E-007   6.8125670076388679E-006  -5.1948308724778211E-009  -1.3454912507206711E-003  -1.5913818082514955E-004   2.0930947369646393E-003  -1.5044559656242434E-006  -9.3931946456437742E-009  -1.3478598600685141E-003
 dijxc
  -9.4998133311715617E-003   9.7219245891128098E-002 -0.75968341373361847       -9.2977943326972269E-005   1.2230250582189292E-003  -1.3460863691013938E-003  -5.1387576069345636E-007   6.8120604494749648E-006  -5.1941929844928463E-009  -1.3453963410468251E-003  -1.5912086439872554E-004   2.0928690696813321E-003  -1.5042014921092802E-006  -9.3920924423982841E-009  -1.3477644071807839E-003
  -9.4998133311715617E-003   9.7219245891128098E-002 -0.75968341373361847       -9.2977943326972269E-005   1.2230250582189292E-003  -1.3460863691013938E-003  -5.1387576069345636E-007   6.8120604494749648E-006  -5.1941929844928463E-009  -1.3453963410468251E-003  -1.5912086439872554E-004   2.0928690696813321E-003  -1.5042014921092802E-006  -9.3920924423982841E-009  -1.3477644071807839E-003
 dijxc
  -9.5001511027437285E-003   9.7222707490794924E-002 -0.75971044382071262       -9.2982969488357770E-005   1.2230905316871535E-003  -1.3461340693231075E-003  -5.1389582086056244E-007   6.8123150364490392E-006  -5.1945117524017646E-009  -1.3454439169850963E-003  -1.5912952345887056E-004   2.0929819611284267E-003  -1.5043284476761461E-006  -9.3926426755021664E-009  -1.3478122541445991E-003
  -9.5001511027437285E-003   9.7222707490794924E-002 -0.75971044382071262       -9.2982969488357770E-005   1.2230905316871535E-003  -1.3461340693231075E-003  -5.1389582086056244E-007   6.8123150364490392E-006  -5.1945117524017646E-009  -1.3454439169850963E-003  -1.5912952345887056E-004   2.0929819611284267E-003  -1.5043284476761461E-006  -9.3926426755021664E-009  -1.3478122541445991E-003
 dijxc
  -9.5001510335268359E-003   9.7222705557439767E-002 -0.75971043686034012       -9.2982945575176276E-005   1.2230902074009840E-003  -1.3461341831420505E-003  -5.1389571300787452E-007   6.8123134729448413E-006  -5.1945101355762181E-009  -1.3454440310123796E-003  -1.5912945694381093E-004   2.0929813246018400E-003  -1.5043288204361966E-006  -9.3926411553379395E-009  -1.3478123817805131E-003
  -9.5001510335268359E-003   9.7222705557439767E-002 -0.75971043686034012       -9.2982945575176276E-005   1.2230902074009840E-003  -1.3461341831420505E-003  -5.1389571300787452E-007   6.8123134729448413E-006  -5.1945101355762181E-009  -1.3454440310123796E-003  -1.5912945694381093E-004   2.0929813246018400E-003  -1.5043288204361966E-006  -9.3926411553379395E-009  -1.3478123817805131E-003
 dijxc
  -9.5005568174194033E-003   9.7226820729289773E-002 -0.75974267478117186       -9.2988751937783358E-005   1.2231671024048297E-003  -1.3461923195872683E-003  -5.1392203927207966E-007   6.8126561509296851E-006  -5.1948615277522984E-009  -1.3455020450095678E-003  -1.5913997287353969E-004   2.0931206586963951E-003  -1.5044732014788449E-006  -9.3932987187854796E-009  -1.3478707107364844E-003
  -9.5005568174194033E-003   9.7226820729289773E-002 -0.75974267478117186       -9.2988751937783358E-005   1.2231671024048297E-003  -1.3461923195872683E-003  -5.1392203927207966E-007   6.8126561509296851E-006  -5.1948615277522984E-009  -1.3455020450095678E-003  -1.5913997287353969E-004   2.0931206586963951E-003  -1.5044732014788449E-006  -9.3932987187854796E-009  -1.3478707107364844E-003
 dijxc
  -9.4998819231958860E-003   9.7219901840828765E-002 -0.75968865560056609       -9.2978715282382644E-005   1.2230364128923245E-003  -1.3460970679278613E-003  -5.1388207155400935E-007   6.8121492876566768E-006  -5.1942238309163819E-009  -1.3454070419957164E-003  -1.5912262294848602E-004   2.0928945486982046E-003  -1.5042184002678892E-006  -9.3921944743779943E-009  -1.3477751634449480E-003
  -9.4998819231958860E-003   9.7219901840828765E-002 -0.75968865560056609       -9.2978715282382644E-005   1.2230364128923245E-003  -1.3460970679278613E-003  -5.1388207155400935E-007   6.8121492876566768E-006  -5.1942238309163819E-009  -1.3454070419957164E-003  -1.5912262294848602E-004   2.0928945486982046E-003  -1.5042184002678892E-006  -9.3921944743779943E-009  -1.3477751634449480E-003
 dijxc
  -9.5002847723900732E-003   9.7223994338319256E-002 -0.75972069878807225       -9.2985033531847727E-005   1.2231199874698300E-003  -1.3461547596211902E-003  -5.1390609662328469E-007   6.8124620366141899E-006  -5.1945886488806823E-009  -1.3454646004654230E-003  -1.5913039209661887E-004   2.0929979857957563E-003  -1.5043414437038535E-006  -9.3926684163403031E-009  -1.3478329417378220E-003
  -9.5002847723900732E-003   9.7223994338319256E-002 -0.75972069878807225       -9.2985033531847727E-005   1.2231199874698300E-003  -1.3461547596211902E-003  -5.1390609662328469E-007   6.8124620366141899E-006  -5.1945886488806823E-009  -1.3454646004654230E-003  -1.5913039209661887E-004   2.0929979857957563E-003  -1.5043414437038535E-006  -9.3926684163403031E-009  -1.3478329417378220E-003
 dijxc
  -9.5001507263868246E-003   9.7222705594449732E-002 -0.75971041806161010       -9.2982964221156192E-005   1.2230904355506531E-003  -1.3461339226452859E-003  -5.1389572924501300E-007   6.8123136795588208E-006  -5.1945118839776582E-009  -1.3454437702221009E-003  -1.5912952213317867E-004   2.0929818970597757E-003  -1.5043287201698082E-006  -9.3926434645037880E-009  -1.3478121079459459E-003
  -9.5001507263868246E-003   9.7222705594449732E-002 -0.75971041806161010       -9.2982964221156192E-005   1.2230904355506531E-003  -1.3461339226452859E-003  -5.1389572924501300E-007   6.8123136795588208E-006  -5.1945118839776582E-009  -1.3454437702221009E-003  -1.5912952213317867E-004   2.0929818970597757E-003  -1.5043287201698082E-006  -9.3926434645037880E-009  -1.3478121079459459E-003
 dijxc
  -9.5004882328747157E-003   9.7226163589487088E-002 -0.75973743533537086       -9.2987985250015507E-005   1.2231558136793033E-003  -1.3461817524821245E-003  -5.1391569036954896E-007   6.8125668061914446E-006  -5.1948307591233987E-009  -1.3454914756795967E-003  -1.5913818045413744E-004   2.0930947304669263E-003  -1.5044559704816889E-006  -9.3931944688967675E-009  -1.3478600850376082E-003
  -9.5004882328747157E-003   9.7226163589487088E-002 -0.75973743533537086       -9.2987985250015507E-005   1.2231558136793033E-003  -1.3461817524821245E-003  -5.1391569036954896E-007   6.8125668061914446E-006  -5.1948307591233987E-009  -1.3454914756795967E-003  -1.5913818045413744E-004   2.0930947304669263E-003  -1.5044559704816889E-006  -9.3931944688967675E-009  -1.3478600850376082E-003
 dijxc
  -9.4998133294625989E-003   9.7219245667887755E-002 -0.75968341490549340       -9.2977942925113940E-005   1.2230250521339540E-003  -1.3460863959554516E-003  -5.1387574599079653E-007   6.8120602515658962E-006  -5.1941928703444860E-009  -1.3453963679033237E-003  -1.5912086401701772E-004   2.0928690632589760E-003  -1.5042014960688177E-006  -9.3920922643708779E-009  -1.3477644340460211E-003
  -9.4998133294625989E-003   9.7219245667887755E-002 -0.75968341490549340       -9.2977942925113940E-005   1.2230250521339540E-003  -1.3460863959554516E-003  -5.1387574599079653E-007   6.8120602515658962E-006  -5.1941928703444860E-009  -1.3453963679033237E-003  -1.5912086401701772E-004   2.0928690632589760E-003  -1.5042014960688177E-006  -9.3920922643708779E-009  -1.3477644340460211E-003
 dijxc
  -9.5001511254009414E-003   9.7222706602793460E-002 -0.75971044592573533       -9.2982968848964406E-005   1.2230905214096288E-003  -1.3461341731351294E-003  -5.1389579880542655E-007   6.8123147360287746E-006  -5.1945115981906203E-009  -1.3454440207992459E-003  -1.5912952290247939E-004   2.0929819505592006E-003  -1.5043284585716670E-006  -9.3926424457833355E-009  -1.3478123579807311E-003
  -9.5001511254009414E-003   9.7222706602793460E-002 -0.75971044592573533       -9.2982968848964406E-005   1.2230905214096288E-003  -1.3461341731351294E-003  -5.1389579880542655E-007   6.8123147360287746E-006  -5.1945115981906203E-009  -1.3454440207992459E-003  -1.5912952290247939E-004   2.0929819505592006E-003  -1.5043284585716670E-006  -9.3926424457833355E-009  -1.3478123579807311E-003
 dijxc
  -9.5002854963442390E-003   9.7223999871395586E-002 -0.75972074820363467       -9.2984862875100015E-005   1.2231177406486298E-003  -1.3461548880359352E-003  -5.1390678424281079E-007   6.8124708646210867E-006  -5.1945843622739651E-009  -1.3454647323563845E-003  -1.5913127989940708E-004   2.0930095530984814E-003  -1.5043484643923179E-006  -9.3927284516906716E-009  -1.3478331047079516E-003
  -9.5002854963442390E-003   9.7223999871395586E-002 -0.75972074820363467       -9.2984862875100015E-005   1.2231177406486298E-003  -1.3461548880359352E-003  -5.1390678424281079E-007   6.8124708646210867E-006  -5.1945843622739651E-009  -1.3454647323563845E-003  -1.5913127989940708E-004   2.0930095530984814E-003  -1.5043484643923179E-006  -9.3927284516906716E-009  -1.3478331047079516E-003
 dijxc
  -9.5006877204433342E-003   9.7228088959266643E-002 -0.75975274583069419       -9.2991167280505858E-005   1.2232010884288800E-003  -1.3462123236308613E-003  -5.1393078918322228E-007   6.8127831325371845E-006  -5.1949498034241837E-009  -1.3455220349396261E-003  -1.5913906586482708E-004   2.0931131274800350E-003  -1.5044716451771598E-006  -9.3932058410642478E-009  -1.3478906277517029E-003
  -9.5006877204433342E-003   9.7228088959266643E-002 -0.75975274583069419       -9.2991167280505858E-005   1.2232010884288800E-003  -1.3462123236308613E-003  -5.1393078918322228E-007   6.8127831325371845E-006  -5.1949498034241837E-009  -1.3455220349396261E-003  -1.5913906586482708E-004   2.0931131274800350E-003  -1.5044716451771598E-006  -9.3932058410642478E-009  -1.3478906277517029E-003
 dijxc
  -9.5000099516762537E-003   9.7221150347062260E-002 -0.75969854483333721       -9.2981581765855972E-005   1.2230762401676072E-003  -1.3461164799156607E-003  -5.1388886240169585E-007   6.8122505910668733E-006  -5.1943259169617088E-009  -1.3454264302923118E-003  -1.5911936630087420E-004   2.0928562466218299E-003  -1.5041991866901728E-006  -9.3919470921361249E-009  -1.3477943977340417E-003
  -9.5000099516762537E-003   9.7221150347062260E-002 -0.75969854483333721       -9.2981581765855972E-005   1.2230762401676072E-003  -1.3461164799156607E-003  -5.1388886240169585E-007   6.8122505910668733E-006  -5.1943259169617088E-009  -1.3454264302923118E-003  -1.5911936630087420E-004   2.0928562466218299E-003  -1.5041991866901728E-006  -9.3919470921361249E-009  -1.3477943977340417E-003
 dijxc
  -9.5004067951812640E-003   9.7225197692467555E-002 -0.75973018744255560       -9.2988696497240441E-005   1.2231700509846655E-003  -1.3461731180198005E-003  -5.1390961552428640E-007   6.8125202372353049E-006  -5.1947185896741274E-009  -1.3454829186556449E-003  -1.5912296030754332E-004   2.0929048839911529E-003  -1.5042904679118102E-006  -9.3921523779328375E-009  -1.3478509606988979E-003
  -9.5004067951812640E-003   9.7225197692467555E-002 -0.75973018744255560       -9.2988696497240441E-005   1.2231700509846655E-003  -1.3461731180198005E-003  -5.1390961552428640E-007   6.8125202372353049E-006  -5.1947185896741274E-009  -1.3454829186556449E-003  -1.5912296030754332E-004   2.0929048839911529E-003  -1.5042904679118102E-006  -9.3921523779328375E-009  -1.3478509606988979E-003
 dijxc
  -9.5001506149290631E-003   9.7222705191058953E-002 -0.75971041840478026       -9.2982963524221142E-005   1.2230904247155041E-003  -1.3461338883240656E-003  -5.1389570602088196E-007   6.8123133648106764E-006  -5.1945117145829636E-009  -1.3454437359042642E-003  -1.5912952150586249E-004   2.0929818858944861E-003  -1.5043287293181296E-006  -9.3926432096396573E-009  -1.3478120736474726E-003
  -9.5001506149290631E-003   9.7222705191058953E-002 -0.75971041840478026       -9.2982963524221142E-005   1.2230904247155041E-003  -1.3461338883240656E-003  -5.1389570602088196E-007   6.8123133648106764E-006  -5.1945117145829636E-009  -1.3454437359042642E-003  -1.5912952150586249E-004   2.0929818858944861E-003  -1.5043287293181296E-006  -9.3926432096396573E-009  -1.3478120736474726E-003
 dijxc
  -9.5004881445969885E-003   9.7226163582198738E-002 -0.75973743241438429       -9.2987984304948471E-005   1.2231557987106749E-003  -1.3461816852404068E-003  -5.1391565984125291E-007   6.8125663907567910E-006  -5.1948305450768494E-009  -1.3454914084417278E-003  -1.5913817963117440E-004   2.0930947152182217E-003  -1.5044559849055847E-006  -9.3931941540672090E-009  -1.3478600178296579E-003
  -9.5004881445969885E-003   9.7226163582198738E-002 -0.75973743241438429       -9.2987984304948471E-005   1.2231557987106749E-003  -1.3461816852404068E-003  -5.1391565984125291E-007   6.8125663907567910E-006  -5.1948305450768494E-009  -1.3454914084417278E-003  -1.5913817963117440E-004   2.0930947152182217E-003  -1.5044559849055847E-006  -9.3931941540672090E-009  -1.3478600178296579E-003
 dijxc
  -9.4998133231402829E-003   9.7219245038666455E-002 -0.75968341443855392       -9.2977942072428545E-005   1.2230250389644573E-003  -1.3460864486062453E-003  -5.1387571827058412E-007   6.8120598765695222E-006  -5.1941926690159147E-009  -1.3453964205584442E-003  -1.5912086327188145E-004   2.0928690500438617E-003  -1.5042015069529397E-006  -9.3920919660219535E-009  -1.3477644867249325E-003
  -9.4998133231402829E-003   9.7219245038666455E-002 -0.75968341443855392       -9.2977942072428545E-005   1.2230250389644573E-003  -1.3460864486062453E-003  -5.1387571827058412E-007   6.8120598765695222E-006  -5.1941926690159147E-009  -1.3453964205584442E-003  -1.5912086327188145E-004   2.0928690500438617E-003  -1.5042015069529397E-006  -9.3920919660219535E-009  -1.3477644867249325E-003
 dijxc
  -9.5001510895631591E-003   9.7222706518939092E-002 -0.75971044240774233       -9.2982967932780705E-005   1.2230905071484231E-003  -1.3461341432869651E-003  -5.1389576847750685E-007   6.8123143258693863E-006  -5.1945113809798546E-009  -1.3454439909553906E-003  -1.5912952212917045E-004   2.0929819365314178E-003  -1.5043284713024723E-006  -9.3926421272592095E-009  -1.3478123281647038E-003
  -9.5001510895631591E-003   9.7222706518939092E-002 -0.75971044240774233       -9.2982967932780705E-005   1.2230905071484231E-003  -1.3461341432869651E-003  -5.1389576847750685E-007   6.8123143258693863E-006  -5.1945113809798546E-009  -1.3454439909553906E-003  -1.5912952212917045E-004   2.0929819365314178E-003  -1.5043284713024723E-006  -9.3926421272592095E-009  -1.3478123281647038E-003
 dijxc
  -9.5004074132297601E-003   9.7225203602163149E-002 -0.75973022645661736       -9.2988532724100779E-005   1.2231678972908259E-003  -1.3461731011920261E-003  -5.1391025025353441E-007   6.8125283811587136E-006  -5.1947142512925552E-009  -1.3454829051422834E-003  -1.5912380158665453E-004   2.0929158459532032E-003  -1.5042970839443793E-006  -9.3922090465425623E-009  -1.3478509766588916E-003
  -9.5004074132297601E-003   9.7225203602163149E-002 -0.75973022645661736       -9.2988532724100779E-005   1.2231678972908259E-003  -1.3461731011920261E-003  -5.1391025025353441E-007   6.8125283811587136E-006  -5.1947142512925552E-009  -1.3454829051422834E-003  -1.5912380158665453E-004   2.0929158459532032E-003  -1.5042970839443793E-006  -9.3922090465425623E-009  -1.3478509766588916E-003
 dijxc
  -9.5008008773014331E-003   9.7229227166042348E-002 -0.75976164631493270       -9.2995997888186985E-005   1.2232661530793495E-003  -1.3462290046941424E-003  -5.1392953081362484E-007   6.8127783904548787E-006  -5.1951207919046522E-009  -1.3455386516045232E-003  -1.5912553370275268E-004   2.0929399531793179E-003  -1.5043743454422651E-006  -9.3922974548938440E-009  -1.3479067330333628E-003
  -9.5008008773014331E-003   9.7229227166042348E-002 -0.75976164631493270       -9.2995997888186985E-005   1.2232661530793495E-003  -1.3462290046941424E-003  -5.1392953081362484E-007   6.8127783904548787E-006  -5.1951207919046522E-009  -1.3455386516045232E-003  -1.5912553370275268E-004   2.0929399531793179E-003  -1.5043743454422651E-006  -9.3922974548938440E-009  -1.3479067330333628E-003
 dijxc
  -9.5001217258481752E-003   9.7222276267587185E-002 -0.75970735668575973       -9.2986584228138680E-005   1.2231434105598946E-003  -1.3461331407627216E-003  -5.1388744169527867E-007   6.8122433702230409E-006  -5.1945094820271805E-009  -1.3454430236360460E-003  -1.5910521079784548E-004   2.0926747471190863E-003  -1.5040981548904853E-006  -9.3910072648458052E-009  -1.3478104576401372E-003
  -9.5001217258481752E-003   9.7222276267587185E-002 -0.75970735668575973       -9.2986584228138680E-005   1.2231434105598946E-003  -1.3461331407627216E-003  -5.1388744169527867E-007   6.8122433702230409E-006  -5.1945094820271805E-009  -1.3454430236360460E-003  -1.5910521079784548E-004   2.0926747471190863E-003  -1.5040981548904853E-006  -9.3910072648458052E-009  -1.3478104576401372E-003
 dijxc
  -9.5005094703045079E-003   9.7226258515522038E-002 -0.75973839547910005       -9.2994658178467414E-005   1.2232492495968818E-003  -1.3461878504954150E-003  -5.1390550995053470E-007   6.8124767263552321E-006  -5.1949523379023347E-009  -1.3454975651305916E-003  -1.5910431586889820E-004   2.0926640439863538E-003  -1.5041569700858903E-006  -9.3909467461843795E-009  -1.3478649157668741E-003
  -9.5005094703045079E-003   9.7226258515522038E-002 -0.75973839547910005       -9.2994658178467414E-005   1.2232492495968818E-003  -1.3461878504954150E-003  -5.1390550995053470E-007   6.8124767263552321E-006  -5.1949523379023347E-009  -1.3454975651305916E-003  -1.5910431586889820E-004   2.0926640439863538E-003  -1.5041569700858903E-006  -9.3909467461843795E-009  -1.3478649157668741E-003
 dijxc
  -9.5001507804560788E-003   9.7222703638740332E-002 -0.75971042307144165       -9.2982962572841908E-005   1.2230904098897608E-003  -1.3461341544829617E-003  -5.1389567472658925E-007   6.8123129413219422E-006  -5.1945114913174558E-009  -1.3454440020675370E-003  -1.5912952070023354E-004   2.0929818712640104E-003  -1.5043287427320957E-006  -9.3926428825681914E-009  -1.3478123398398541E-003
  -9.5001507804560788E-003   9.7222703638740332E-002 -0.75971042307144165       -9.2982962572841908E-005   1.2230904098897608E-003  -1.3461341544829617E-003  -5.1389567472658925E-007   6.8123129413219422E-006  -5.1945114913174558E-009  -1.3454440020675370E-003  -1.5912952070023354E-004   2.0929818712640104E-003  -1.5043287427320957E-006  -9.3926428825681914E-009  -1.3478123398398541E-003
 dijxc
  -9.5004880579321101E-003   9.7226163714096911E-002 -0.75973742353971552       -9.2987983390966866E-005   1.2231557841372166E-003  -1.3461815839965452E-003  -5.1391562811578973E-007   6.8125659610151893E-006  -5.1948303255503593E-009  -1.3454913072010264E-003  -1.5913817890018234E-004   2.0930947011644232E-003  -1.5044560006315482E-006  -9.3931938368075478E-009  -1.3478599166223035E-003
  -9.5004880579321101E-003   9.7226163714096911E-002 -0.75973742353971552       -9.2987983390966866E-005   1.2231557841372166E-003  -1.3461815839965452E-003  -5.1391562811578973E-007   6.8125659610151893E-006  -5.1948303255503593E-009  -1.3454913072010264E-003  -1.5913817890018234E-004   2.0930947011644232E-003  -1.5044560006315482E-006  -9.3931938368075478E-009  -1.3478599166223035E-003
 dijxc
  -9.4998132543211954E-003   9.7219245295388487E-002 -0.75968340592595296       -9.2977941312166940E-005   1.2230250266393257E-003  -1.3460863460352194E-003  -5.1387568974527197E-007   6.8120594903614795E-006  -5.1941924737573445E-009  -1.3453963179893057E-003  -1.5912086268673765E-004   2.0928690383099058E-003  -1.5042015220101652E-006  -9.3920916833480040E-009  -1.3477643841871183E-003
  -9.4998132543211954E-003   9.7219245295388487E-002 -0.75968340592595296       -9.2977941312166940E-005   1.2230250266393257E-003  -1.3460863460352194E-003  -5.1387568974527197E-007   6.8120594903614795E-006  -5.1941924737573445E-009  -1.3453963179893057E-003  -1.5912086268673765E-004   2.0928690383099058E-003  -1.5042015220101652E-006  -9.3920916833480040E-009  -1.3477643841871183E-003
 dijxc
  -9.5001510039704230E-003   9.7222706426998540E-002 -0.75971043724211207       -9.2982967335814476E-005   1.2230904973965764E-003  -1.3461340771868872E-003  -5.1389574158445811E-007   6.8123139643443064E-006  -5.1945111936489569E-009  -1.3454439248562079E-003  -1.5912952170280456E-004   2.0929819276314242E-003  -1.5043284848543546E-006  -9.3926418520203482E-009  -1.3478122620936717E-003
  -9.5001510039704230E-003   9.7222706426998540E-002 -0.75971043724211207       -9.2982967335814476E-005   1.2230904973965764E-003  -1.3461340771868872E-003  -5.1389574158445811E-007   6.8123139643443064E-006  -5.1945111936489569E-009  -1.3454439248562079E-003  -1.5912952170280456E-004   2.0929819276314242E-003  -1.5043284848543546E-006  -9.3926418520203482E-009  -1.3478122620936717E-003
 dijxc
  -9.5005095775653071E-003   9.7226262183810100E-002 -0.75973840249940250       -9.2994598031875456E-005   1.2232484856865230E-003  -1.3461876139583492E-003  -5.1390544505651882E-007   6.8124758457954875E-006  -5.1949480827850417E-009  -1.3454973294938718E-003  -1.5910450379880966E-004   2.0926665155294182E-003  -1.5041582729793359E-006  -9.3909564059217485E-009  -1.3478646872964550E-003
  -9.5005095775653071E-003   9.7226262183810100E-002 -0.75973840249940250       -9.2994598031875456E-005   1.2232484856865230E-003  -1.3461876139583492E-003  -5.1390544505651882E-007   6.8124758457954875E-006  -5.1949480827850417E-009  -1.3454973294938718E-003  -1.5910450379880966E-004   2.0926665155294182E-003  -1.5041582729793359E-006  -9.3909564059217485E-009  -1.3478646872964550E-003
 dijxc
  -9.5008927168459770E-003   9.7230207256458673E-002 -0.75976914136961926       -9.3003157118645585E-005   1.2233603981774025E-003  -1.3462417816429693E-003  -5.1392182531651127E-007   6.8126864586329248E-006  -5.1954142713668065E-009  -1.3455513193350761E-003  -1.5910120284614934E-004   2.0926240069560581E-003  -1.5041994492996101E-006  -9.3907504569394946E-009  -1.3479185098950199E-003
  -9.5008927168459770E-003   9.7230207256458673E-002 -0.75976914136961926       -9.3003157118645585E-005   1.2233603981774025E-003  -1.3462417816429693E-003  -5.1392182531651127E-007   6.8126864586329248E-006  -5.1954142713668065E-009  -1.3455513193350761E-003  -1.5910120284614934E-004   2.0926240069560581E-003  -1.5041994492996101E-006  -9.3907504569394946E-009  -1.3479185098950199E-003
 dijxc
  -9.5002138579606387E-003   9.7223261645142875E-002 -0.75971487526323500       -9.2993536940949475E-005   1.2232347591608790E-003  -1.3461456994377026E-003  -5.1388151832086968E-007   6.8121741803877138E-006  -5.1948083728239700E-009  -1.3454554785455469E-003  -1.5908240110163195E-004   2.0923784167262921E-003  -1.5039361132297790E-006  -9.3895754233171349E-009  -1.3478220730130720E-003
  -9.5002138579606387E-003   9.7223261645142875E-002 -0.75971487526323500       -9.2993536940949475E-005   1.2232347591608790E-003  -1.3461456994377026E-003  -5.1388151832086968E-007   6.8121741803877138E-006  -5.1948083728239700E-009  -1.3454554785455469E-003  -1.5908240110163195E-004   2.0923784167262921E-003  -1.5039361132297790E-006  -9.3895754233171349E-009  -1.3478220730130720E-003
 dijxc
  -9.5005936796986479E-003   9.7227185431701682E-002 -0.75974539662051965       -9.3002128153209915E-005   1.2233465132127077E-003  -1.3461988901923940E-003  -5.1389989111963757E-007   6.8124094840484735E-006  -5.1953040986058703E-009  -1.3455084939088494E-003  -1.5907986127250119E-004   2.0923450944596322E-003  -1.5039852440190385E-006  -9.3894573342855271E-009  -1.3478749431920325E-003
  -9.5005936796986479E-003   9.7227185431701682E-002 -0.75974539662051965       -9.3002128153209915E-005   1.2233465132127077E-003  -1.3461988901923940E-003  -5.1389989111963757E-007   6.8124094840484735E-006  -5.1953040986058703E-009  -1.3455084939088494E-003  -1.5907986127250119E-004   2.0923450944596322E-003  -1.5039852440190385E-006  -9.3894573342855271E-009  -1.3478749431920325E-003
 dijxc
  -9.5001505108612931E-003   9.7222704731776591E-002 -0.75971040971676485       -9.2982961968131968E-005   1.2230903999255673E-003  -1.3461338295387667E-003  -5.1389564779841553E-007   6.8123125787356046E-006  -5.1945113066211747E-009  -1.3454436771239539E-003  -1.5912952027355155E-004   2.0929818621698349E-003  -1.5043287571356188E-006  -9.3926426130518533E-009  -1.3478120149259464E-003
  -9.5001505108612931E-003   9.7222704731776591E-002 -0.75971040971676485       -9.2982961968131968E-005   1.2230903999255673E-003  -1.3461338295387667E-003  -5.1389564779841553E-007   6.8123125787356046E-006  -5.1945113066211747E-009  -1.3454436771239539E-003  -1.5912952027355155E-004   2.0929818621698349E-003  -1.5043287571356188E-006  -9.3926426130518533E-009  -1.3478120149259464E-003
 dijxc
  -9.5004880699826148E-003   9.7226162808282807E-002 -0.75973742707135816       -9.2987983073880177E-005   1.2231557786483974E-003  -1.3461816874690998E-003  -5.1391560527961016E-007   6.8125656571095900E-006  -5.1948301659445722E-009  -1.3454914106722762E-003  -1.5913817874425770E-004   2.0930946968448147E-003  -1.5044560125875491E-006  -9.3931935979103340E-009  -1.3478600201177044E-003
  -9.5004880699826148E-003   9.7226162808282807E-002 -0.75973742707135816       -9.2987983073880177E-005   1.2231557786483974E-003  -1.3461816874690998E-003  -5.1391560527961016E-007   6.8125656571095900E-006  -5.1948301659445722E-009  -1.3454914106722762E-003  -1.5913817874425770E-004   2.0930946968448147E-003  -1.5044560125875491E-006  -9.3931935979103340E-009  -1.3478600201177044E-003
 dijxc
  -9.4998132856725752E-003   9.7219244257829157E-002 -0.75968341262670136       -9.2977941098165869E-005   1.2230250224822754E-003  -1.3460864910857340E-003  -5.1387566789897481E-007   6.8120591993073598E-006  -5.1941923236246705E-009  -1.3453964630371640E-003  -1.5912086261424084E-004   2.0928690350544704E-003  -1.5042015347353912E-006  -9.3920914548985347E-009  -1.3477645292592267E-003
  -9.4998132856725752E-003   9.7219244257829157E-002 -0.75968341262670136       -9.2977941098165869E-005   1.2230250224822754E-003  -1.3460864910857340E-003  -5.1387566789897481E-007   6.8120591993073598E-006  -5.1941923236246705E-009  -1.3453964630371640E-003  -1.5912086261424084E-004   2.0928690350544704E-003  -1.5042015347353912E-006  -9.3920914548985347E-009  -1.3477645292592267E-003
 dijxc
  -9.5001509439283822E-003   9.7222706128346090E-002 -0.75971043862258103       -9.2982967429916950E-005   1.2230904978199899E-003  -1.3461340721179127E-003  -5.1389572187526668E-007   6.8123137050806418E-006  -5.1945110546485127E-009  -1.3454439197817492E-003  -1.5912952189681544E-004   2.0929819288127579E-003  -1.5043284966648641E-006  -9.3926416272475610E-009  -1.3478122570394888E-003
  -9.5001509439283822E-003   9.7222706128346090E-002 -0.75971043862258103       -9.2982967429916950E-005   1.2230904978199899E-003  -1.3461340721179127E-003  -5.1389572187526668E-007   6.8123137050806418E-006  -5.1945110546485127E-009  -1.3454439197817492E-003  -1.5912952189681544E-004   2.0929819288127579E-003  -1.5043284966648641E-006  -9.3926416272475610E-009  -1.3478122570394888E-003
 dijxc
  -9.5005931367262812E-003   9.7227183509232692E-002 -0.75974536240683077       -9.3002203243643014E-005   1.2233475409047538E-003  -1.3461986252429315E-003  -5.1389910403995009E-007   6.8123992507218083E-006  -5.1953020664755699E-009  -1.3455082267864243E-003  -1.5907927139504393E-004   2.0923374382476917E-003  -1.5039804964826399E-006  -9.3894133985770822E-009  -1.3478746567166474E-003
  -9.5005931367262812E-003   9.7227183509232692E-002 -0.75974536240683077       -9.3002203243643014E-005   1.2233475409047538E-003  -1.3461986252429315E-003  -5.1389910403995009E-007   6.8123992507218083E-006  -5.1953020664755699E-009  -1.3455082267864243E-003  -1.5907927139504393E-004   2.0923374382476917E-003  -1.5039804964826399E-006  -9.3894133985770822E-009  -1.3478746567166474E-003
 dijxc
  -9.5009688102156483E-003   9.7231074630694331E-002 -0.75977560336325878       -9.3011099105207623E-005   1.2234628621768263E-003  -1.3462512012854695E-003  -5.1391699828132527E-007   6.8126272830828040E-006  -5.1958221923769850E-009  -1.3455606225088576E-003  -1.5907548563436763E-004   2.0922872831065998E-003  -1.5040212884661557E-006  -9.3892347609795754E-009  -1.3479268628632409E-003
  -9.5009688102156483E-003   9.7231074630694331E-002 -0.75977560336325878       -9.3011099105207623E-005   1.2234628621768263E-003  -1.3462512012854695E-003  -5.1391699828132527E-007   6.8126272830828040E-006  -5.1958221923769850E-009  -1.3455606225088576E-003  -1.5907548563436763E-004   2.0922872831065998E-003  -1.5040212884661557E-006  -9.3892347609795754E-009  -1.3479268628632409E-003
 dijxc
  -9.5002926867570441E-003   9.7224147235391578E-002 -0.75972153342713311       -9.3001024763166601E-005   1.2233311795381550E-003  -1.3461559064267949E-003  -5.1387882885102886E-007   6.8121426811104655E-006  -5.1952063063853429E-009  -1.3454655796494282E-003  -1.5905921427808480E-004   2.0920745979595475E-003  -1.5037770330870561E-006  -9.3882306380153517E-009  -1.3478313097949059E-003
  -9.5002926867570441E-003   9.7224147235391578E-002 -0.75972153342713311       -9.3001024763166601E-005   1.2233311795381550E-003  -1.3461559064267949E-003  -5.1387882885102886E-007   6.8121426811104655E-006  -5.1952063063853429E-009  -1.3454655796494282E-003  -1.5905921427808480E-004   2.0920745979595475E-003  -1.5037770330870561E-006  -9.3882306380153517E-009  -1.3478313097949059E-003
 dijxc
  -9.5006695847988602E-003   9.7228051535747095E-002 -0.75975185971296721       -9.3009344487116354E-005   1.2234384585755665E-003  -1.3462083223772484E-003  -5.1390021540234256E-007   6.8124153478949996E-006  -5.1957263967003570E-009  -1.3455178310400303E-003  -1.5905893397094931E-004   2.0920695466548696E-003  -1.5038439424204276E-006  -9.3883053199540241E-009  -1.3478834872484302E-003
  -9.5006695847988602E-003   9.7228051535747095E-002 -0.75975185971296721       -9.3009344487116354E-005   1.2234384585755665E-003  -1.3462083223772484E-003  -5.1390021540234256E-007   6.8124153478949996E-006  -5.1957263967003570E-009  -1.3455178310400303E-003  -1.5905893397094931E-004   2.0920695466548696E-003  -1.5038439424204276E-006  -9.3883053199540241E-009  -1.3478834872484302E-003
 dijxc
  -9.5001506229630672E-003   9.7222703556013160E-002 -0.75971041811444728       -9.2982962089971572E-005   1.2230904006206519E-003  -1.3461340446586693E-003  -5.1389562902689678E-007   6.8123123313618676E-006  -5.1945111769934627E-009  -1.3454438922380081E-003  -1.5912952050476249E-004   2.0929818636831752E-003  -1.5043287693412194E-006  -9.3926424041206518E-009  -1.3478122300609025E-003
  -9.5001506229630672E-003   9.7222703556013160E-002 -0.75971041811444728       -9.2982962089971572E-005   1.2230904006206519E-003  -1.3461340446586693E-003  -5.1389562902689678E-007   6.8123123313618676E-006  -5.1945111769934627E-009  -1.3454438922380081E-003  -1.5912952050476249E-004   2.0929818636831752E-003  -1.5043287693412194E-006  -9.3926424041206518E-009  -1.3478122300609025E-003
 dijxc
  -9.5004882628597076E-003   9.7226161995983468E-002 -0.75973743074832101       -9.2987983569308271E-005   1.2231557851713145E-003  -1.3461818984073428E-003  -5.1391558949984269E-007   6.8125654549166269E-006  -5.1948300459511204E-009  -1.3454916216021481E-003  -1.5913817927505169E-004   2.0930947038972588E-003  -1.5044560213972644E-006  -9.3931933842044623E-009  -1.3478602310596406E-003
  -9.5004882628597076E-003   9.7226161995983468E-002 -0.75973743074832101       -9.2987983569308271E-005   1.2231557851713145E-003  -1.3461818984073428E-003  -5.1391558949984269E-007   6.8125654549166269E-006  -5.1948300459511204E-009  -1.3454916216021481E-003  -1.5913817927505169E-004   2.0930947038972588E-003  -1.5044560213972644E-006  -9.3931933842044623E-009  -1.3478602310596406E-003
 dijxc
  -9.4998132203065605E-003   9.7219244308294553E-002 -0.75968341162567743       -9.2977941571119739E-005   1.2230250288519714E-003  -1.3460864397383410E-003  -5.1387565018047640E-007   6.8120589721923487E-006  -5.1941921824564282E-009  -1.3453964116819702E-003  -1.5912086309232985E-004   2.0928690416549562E-003  -1.5042015424750102E-006  -9.3920912028195923E-009  -1.3477644779138704E-003
  -9.4998132203065605E-003   9.7219244308294553E-002 -0.75968341162567743       -9.2977941571119739E-005   1.2230250288519714E-003  -1.3460864397383410E-003  -5.1387565018047640E-007   6.8120589721923487E-006  -5.1941921824564282E-009  -1.3453964116819702E-003  -1.5912086309232985E-004   2.0928690416549562E-003  -1.5042015424750102E-006  -9.3920912028195923E-009  -1.3477644779138704E-003
 dijxc
  -9.5001509754866487E-003   9.7222706315327090E-002 -0.75971043712621278       -9.2982968151938988E-005   1.2230905079096174E-003  -1.3461340696864512E-003  -5.1389570305305628E-007   6.8123134662634420E-006  -5.1945108951569576E-009  -1.3454439173402034E-003  -1.5912952253901210E-004   2.0929819383529568E-003  -1.5043285033165751E-006  -9.3926413268739251E-009  -1.3478122546028105E-003
  -9.5001509754866487E-003   9.7222706315327090E-002 -0.75971043712621278       -9.2982968151938988E-005   1.2230905079096174E-003  -1.3461340696864512E-003  -5.1389570305305628E-007   6.8123134662634420E-006  -5.1945108951569576E-009  -1.3454439173402034E-003  -1.5912952253901210E-004   2.0929819383529568E-003  -1.5043285033165751E-006  -9.3926413268739251E-009  -1.3478122546028105E-003
 dijxc
  -9.5006685150419139E-003   9.7228042052552602E-002 -0.75975179523031278       -9.3009504048261358E-005   1.2234405586946035E-003  -1.3462083149270391E-003  -5.1389932877197329E-007   6.8124037149074229E-006  -5.1957298126037383E-009  -1.3455178196658856E-003  -1.5905800650998033E-004   2.0920574452506771E-003  -1.5038371611988547E-006  -9.3882430813320432E-009  -1.3478834450573046E-003
  -9.5006685150419139E-003   9.7228042052552602E-002 -0.75975179523031278       -9.3009504048261358E-005   1.2234405586946035E-003  -1.3462083149270391E-003  -5.1389932877197329E-007   6.8124037149074229E-006  -5.1957298126037383E-009  -1.3455178196658856E-003  -1.5905800650998033E-004   2.0920574452506771E-003  -1.5038371611988547E-006  -9.3882430813320432E-009  -1.3478834450573046E-003
 dijxc
  -9.5010432463414080E-003   9.7231933425537612E-002 -0.75978199724663065       -9.3017736502317474E-005   1.2235462316996545E-003  -1.3462601163443427E-003  -5.1392178632555945E-007   6.8126893246150940E-006  -5.1962621810483242E-009  -1.3455694605557062E-003  -1.5905849042456124E-004   2.0920617509380675E-003  -1.5039102187731849E-006  -9.3883890315270090E-009  -1.3479350361897870E-003
  -9.5010432463414080E-003   9.7231933425537612E-002 -0.75978199724663065       -9.3017736502317474E-005   1.2235462316996545E-003  -1.3462601163443427E-003  -5.1392178632555945E-007   6.8126893246150940E-006  -5.1962621810483242E-009  -1.3455694605557062E-003  -1.5905849042456124E-004   2.0920617509380675E-003  -1.5039102187731849E-006  -9.3883890315270090E-009  -1.3479350361897870E-003
 dijxc
  -9.5003711639975001E-003   9.7225038468375879E-002 -0.75972819271130876       -9.3007229232791141E-005   1.2234090251201618E-003  -1.3461654187075442E-003  -5.1388419224526930E-007   6.8122127632478787E-006  -5.1956188910789158E-009  -1.3454750240908327E-003  -1.5904393721281188E-004   2.0918716568013220E-003  -1.5036759575864369E-006  -9.3874787645576487E-009  -1.3478401476987355E-003
  -9.5003711639975001E-003   9.7225038468375879E-002 -0.75972819271130876       -9.3007229232791141E-005   1.2234090251201618E-003  -1.3461654187075442E-003  -5.1388419224526930E-007   6.8122127632478787E-006  -5.1956188910789158E-009  -1.3454750240908327E-003  -1.5904393721281188E-004   2.0918716568013220E-003  -1.5036759575864369E-006  -9.3874787645576487E-009  -1.3478401476987355E-003
 dijxc
  -9.5007526729783427E-003   9.7228976853083252E-002 -0.75975885191610126       -9.3014583219202127E-005   1.2235031315090616E-003  -1.3462189464877672E-003  -5.1390857299246843E-007   6.8125239840202739E-006  -5.1961076487178488E-009  -1.3455284122084433E-003  -1.5904811999532627E-004   2.0919241067739337E-003  -1.5037702265387433E-006  -9.3878459454162787E-009  -1.3478936081612841E-003
  -9.5007526729783427E-003   9.7228976853083252E-002 -0.75975885191610126       -9.3014583219202127E-005   1.2235031315090616E-003  -1.3462189464877672E-003  -5.1390857299246843E-007   6.8125239840202739E-006  -5.1961076487178488E-009  -1.3455284122084433E-003  -1.5904811999532627E-004   2.0919241067739337E-003  -1.5037702265387433E-006  -9.3878459454162787E-009  -1.3478936081612841E-003
 dijxc
  -9.5001506494209517E-003   9.7222704004991181E-002 -0.75971041370422310       -9.2982962834015911E-005   1.2230904113725790E-003  -1.3461339990342026E-003  -5.1389561114879661E-007   6.8123121071231585E-006  -5.1945110189728324E-009  -1.3454438466040549E-003  -1.5912952115631693E-004   2.0929818739879040E-003  -1.5043287738359121E-006  -9.3926421040237756E-009  -1.3478121844282215E-003
  -9.5001506494209517E-003   9.7222704004991181E-002 -0.75971041370422310       -9.2982962834015911E-005   1.2230904113725790E-003  -1.3461339990342026E-003  -5.1389561114879661E-007   6.8123121071231585E-006  -5.1945110189728324E-009  -1.3454438466040549E-003  -1.5912952115631693E-004   2.0929818739879040E-003  -1.5043287738359121E-006  -9.3926421040237756E-009  -1.3478121844282215E-003
 dijxc
  -9.5004880591436722E-003   9.7226163755676609E-002 -0.75973741755269553       -9.2987984571582232E-005   1.2231557993613578E-003  -1.3461815540947754E-003  -5.1391556944546734E-007   6.8125652024114949E-006  -5.1948298668716927E-009  -1.3454912772768069E-003  -1.5913818009573007E-004   2.0930947165178522E-003  -1.5044560271711890E-006  -9.3931930306336732E-009  -1.3478598867339145E-003
  -9.5004880591436722E-003   9.7226163755676609E-002 -0.75973741755269553       -9.2987984571582232E-005   1.2231557993613578E-003  -1.3461815540947754E-003  -5.1391556944546734E-007   6.8125652024114949E-006  -5.1948298668716927E-009  -1.3454912772768069E-003  -1.5913818009573007E-004   2.0930947165178522E-003  -1.5044560271711890E-006  -9.3931930306336732E-009  -1.3478598867339145E-003
 dijxc
  -9.4998132058552870E-003   9.7219244901603497E-002 -0.75968340595271100       -9.2977942460756939E-005   1.2230250411939822E-003  -1.3460863502494712E-003  -5.1387562726474879E-007   6.8120586797254618E-006  -5.1941919847971839E-009  -1.3453963221807072E-003  -1.5912086379535613E-004   2.0928690520902512E-003  -1.5042015499077167E-006  -9.3920908218059234E-009  -1.3477643884152596E-003
  -9.4998132058552870E-003   9.7219244901603497E-002 -0.75968340595271100       -9.2977942460756939E-005   1.2230250411939822E-003  -1.3460863502494712E-003  -5.1387562726474879E-007   6.8120586797254618E-006  -5.1941919847971839E-009  -1.3453963221807072E-003  -1.5912086379535613E-004   2.0928690520902512E-003  -1.5042015499077167E-006  -9.3920908218059234E-009  -1.3477643884152596E-003
 dijxc
  -9.5001509606413900E-003   9.7222706527628697E-002 -0.75971043586221720       -9.2982969061542327E-005   1.2230905209710042E-003  -1.3461340318230450E-003  -5.1389567514734948E-007   6.8123131106291332E-006  -5.1945106386296314E-009  -1.3454438794655774E-003  -1.5912952315937708E-004   2.0929819484863592E-003  -1.5043285067013530E-006  -9.3926408351043588E-009  -1.3478122167222626E-003
  -9.5001509606413900E-003   9.7222706527628697E-002 -0.75971043586221720       -9.2982969061542327E-005   1.2230905209710042E-003  -1.3461340318230450E-003  -5.1389567514734948E-007   6.8123131106291332E-006  -5.1945106386296314E-009  -1.3454438794655774E-003  -1.5912952315937708E-004   2.0929819484863592E-003  -1.5043285067013530E-006  -9.3926408351043588E-009  -1.3478122167222626E-003
 dijxc
  -9.5007507811365240E-003   9.7228965515405108E-002 -0.75975873539854810       -9.3014729582439020E-005   1.2235049711365918E-003  -1.3462183607505173E-003  -5.1390830431338040E-007   6.8125201423100962E-006  -5.1961174748234024E-009  -1.3455278231772119E-003  -1.5904752388243233E-004   2.0919162263600992E-003  -1.5037670541116292E-006  -9.3878144436095705E-009  -1.3478929996401439E-003
  -9.5007507811365240E-003   9.7228965515405108E-002 -0.75975873539854810       -9.3014729582439020E-005   1.2235049711365918E-003  -1.3462183607505173E-003  -5.1390830431338040E-007   6.8125201423100962E-006  -5.1961174748234024E-009  -1.3455278231772119E-003  -1.5904752388243233E-004   2.0919162263600992E-003  -1.5037670541116292E-006  -9.3878144436095705E-009  -1.3478929996401439E-003
 dijxc
  -9.5011339550153673E-003   9.7232918466272786E-002 -0.75978951025659092       -9.3021614411189558E-005   1.2235926326818829E-003  -1.3462720818567435E-003  -5.1393425774676440E-007   6.8128514386806264E-006  -5.1965937136375585E-009  -1.3455814165844963E-003  -1.5905390207465240E-004   2.0919969011050131E-003  -1.5038753402943649E-006  -9.3883299677956473E-009  -1.3479467380935225E-003
  -9.5011339550153673E-003   9.7232918466272786E-002 -0.75978951025659092       -9.3021614411189558E-005   1.2235926326818829E-003  -1.3462720818567435E-003  -5.1393425774676440E-007   6.8128514386806264E-006  -5.1965937136375585E-009  -1.3455814165844963E-003  -1.5905390207465240E-004   2.0919969011050131E-003  -1.5038753402943649E-006  -9.3883299677956473E-009  -1.3479467380935225E-003
 dijxc
  -9.5004659490702630E-003   9.7226056398987432E-002 -0.75973598683784149       -9.3010930027480273E-005   1.2234535053493084E-003  -1.3461781007648125E-003  -5.1389515241326574E-007   6.8123564642274892E-006  -5.1959163429570357E-009  -1.3454876991196155E-003  -1.5903909607560085E-004   2.0918039791042536E-003  -1.5036336461085354E-006  -9.3873660369345069E-009  -1.3478525595524307E-003
  -9.5004659490702630E-003   9.7226056398987432E-002 -0.75973598683784149       -9.3010930027480273E-005   1.2234535053493084E-003  -1.3461781007648125E-003  -5.1389515241326574E-007   6.8123564642274892E-006  -5.1959163429570357E-009  -1.3454876991196155E-003  -1.5903909607560085E-004   2.0918039791042536E-003  -1.5036336461085354E-006  -9.3873660369345069E-009  -1.3478525595524307E-003
 dijxc
  -9.5008589276985612E-003   9.7230086560939372E-002 -0.75976743011677750       -9.3017066490351521E-005   1.2235319223788523E-003  -1.3462336057656649E-003  -5.1391979662861469E-007   6.8126731548448025E-006  -5.1963157991313177E-009  -1.3455430919683262E-003  -1.5904684236838174E-004   2.0919031176037271E-003  -1.5037382709629314E-006  -9.3879033830010861E-009  -1.3479081397113769E-003
  -9.5008589276985612E-003   9.7230086560939372E-002 -0.75976743011677750       -9.3017066490351521E-005   1.2235319223788523E-003  -1.3462336057656649E-003  -5.1391979662861469E-007   6.8126731548448025E-006  -5.1963157991313177E-009  -1.3455430919683262E-003  -1.5904684236838174E-004   2.0919031176037271E-003  -1.5037382709629314E-006  -9.3879033830010861E-009  -1.3479081397113769E-003
 dijxc
  -9.5001507250162057E-003   9.7222703542077182E-002 -0.75971041979043408       -9.2982963799566847E-005   1.2230904249044008E-003  -1.3461341127197519E-003  -5.1389558366277017E-007   6.8123117555187767E-006  -5.1945107723248858E-009  -1.3454439602769376E-003  -1.5912952184128339E-004   2.0929818845198877E-003  -1.5043287795078759E-006  -9.3926416279738620E-009  -1.3478122980984648E-003
  -9.5001507250162057E-003   9.7222703542077182E-002 -0.75971041979043408       -9.2982963799566847E-005   1.2230904249044008E-003  -1.3461341127197519E-003  -5.1389558366277017E-007   6.8123117555187767E-006  -5.1945107723248858E-009  -1.3454439602769376E-003  -1.5912952184128339E-004   2.0929818845198877E-003  -1.5043287795078759E-006  -9.3926416279738620E-009  -1.3478122980984648E-003
 dijxc
  -9.5004880333405522E-003   9.7226163975130314E-002 -0.75973741932510797       -9.2987985450203097E-005   1.2231558121976079E-003  -1.3461815228312450E-003  -5.1391553483443311E-007   6.8125647592519325E-006  -5.1948295425653352E-009  -1.3454912460029095E-003  -1.5913818058098858E-004   2.0930947251850702E-003  -1.5044560283447235E-006  -9.3931924149552868E-009  -1.3478598554485717E-003
  -9.5004880333405522E-003   9.7226163975130314E-002 -0.75973741932510797       -9.2987985450203097E-005   1.2231558121976079E-003  -1.3461815228312450E-003  -5.1391553483443311E-007   6.8125647592519325E-006  -5.1948295425653352E-009  -1.3454912460029095E-003  -1.5913818058098858E-004   2.0930947251850702E-003  -1.5044560283447235E-006  -9.3931924149552868E-009  -1.3478598554485717E-003
 dijxc
  -9.4998133122991320E-003   9.7219244075981759E-002 -0.75968341598357270       -9.2977943201041224E-005   1.2230250518952288E-003  -1.3460865329268906E-003  -5.1387559135020804E-007   6.8120582175084958E-006  -5.1941916524426262E-009  -1.3453965048490599E-003  -1.5912086416987518E-004   2.0928690587494773E-003  -1.5042015513884507E-006  -9.3920902000195360E-009  -1.3477645710740559E-003
  -9.4998133122991320E-003   9.7219244075981759E-002 -0.75968341598357270       -9.2977943201041224E-005   1.2230250518952288E-003  -1.3460865329268906E-003  -5.1387559135020804E-007   6.8120582175084958E-006  -5.1941916524426262E-009  -1.3453965048490599E-003  -1.5912086416987518E-004   2.0928690587494773E-003  -1.5042015513884507E-006  -9.3920902000195360E-009  -1.3477645710740559E-003
 dijxc
  -9.5001509515382759E-003   9.7222706750346888E-002 -0.75971043416603989       -9.2982969629007997E-005   1.2230905288113764E-003  -1.3461339980981892E-003  -5.1389563355151554E-007   6.8123125700148219E-006  -5.1945102602481463E-009  -1.3454438457330285E-003  -1.5912952333545504E-004   2.0929819515166787E-003  -1.5043285087201411E-006  -9.3926401392166820E-009  -1.3478121829814213E-003
  -9.5001509515382759E-003   9.7222706750346888E-002 -0.75971043416603989       -9.2982969629007997E-005   1.2230905288113764E-003  -1.3461339980981892E-003  -5.1389563355151554E-007   6.8123125700148219E-006  -5.1945102602481463E-009  -1.3454438457330285E-003  -1.5912952333545504E-004   2.0929819515166787E-003  -1.5043285087201411E-006  -9.3926401392166820E-009  -1.3478121829814213E-003
 dijxc
  -9.5008570615509134E-003   9.7230074831007915E-002 -0.75976730853727981       -9.3017117850875333E-005   1.2235324268586624E-003  -1.3462330305234261E-003  -5.1392031489966711E-007   6.8126792989454930E-006  -5.1963281819066395E-009  -1.3455425159158724E-003  -1.5904697934013398E-004   2.0919046943662471E-003  -1.5037415844826432E-006  -9.3879268720362190E-009  -1.3479075691150949E-003
  -9.5008570615509134E-003   9.7230074831007915E-002 -0.75976730853727981       -9.3017117850875333E-005   1.2235324268586624E-003  -1.3462330305234261E-003  -5.1392031489966711E-007   6.8126792989454930E-006  -5.1963281819066395E-009  -1.3455425159158724E-003  -1.5904697934013398E-004   2.0919046943662471E-003  -1.5037415844826432E-006  -9.3879268720362190E-009  -1.3479075691150949E-003
 dijxc
  -9.5012552732991491E-003   9.7234145210835218E-002 -0.75979911174965808       -9.3022612198588906E-005   1.2236024942917714E-003  -1.3462896049838222E-003  -5.1394554624640052E-007   6.8130043464516516E-006  -5.1966871602904119E-009  -1.3455989926724897E-003  -1.5905682032375649E-004   2.0920311640154122E-003  -1.5038547733305581E-006  -9.3885775008786096E-009  -1.3479643017720914E-003
  -9.5012552732991491E-003   9.7234145210835218E-002 -0.75979911174965808       -9.3022612198588906E-005   1.2236024942917714E-003  -1.3462896049838222E-003  -5.1394554624640052E-007   6.8130043464516516E-006  -5.1966871602904119E-009  -1.3455989926724897E-003  -1.5905682032375649E-004   2.0920311640154122E-003  -1.5038547733305581E-006  -9.3885775008786096E-009  -1.3479643017720914E-003
 dijxc
  -9.5005897725952988E-003   9.7227307163485543E-002 -0.75974575467184546       -9.3012069156377331E-005   1.2234656984263733E-003  -1.3461957630099086E-003  -5.1390423045362009E-007   6.8124820468443969E-006  -5.1959891112363119E-009  -1.3455054093105638E-003  -1.5904011240063908E-004   2.0918139994125793E-003  -1.5035934203770685E-006  -9.3874583156373867E-009  -1.3478701920573769E-003
  -9.5005897725952988E-003   9.7227307163485543E-002 -0.75974575467184546       -9.3012069156377331E-005   1.2234656984263733E-003  -1.3461957630099086E-003  -5.1390423045362009E-007   6.8124820468443969E-006  -5.1959891112363119E-009  -1.3455054093105638E-003  -1.5904011240063908E-004   2.0918139994125793E-003  -1.5035934203770685E-006  -9.3874583156373867E-009  -1.3478701920573769E-003
 dijxc
  -9.5009982545032467E-003   9.7231457304932933E-002 -0.75977826361786638       -9.3017238084633531E-005   1.2235325219183608E-003  -1.3462544492256429E-003  -5.1392626106199205E-007   6.8127691739318956E-006  -5.1962731068046169E-009  -1.3455640021074525E-003  -1.5904832444808877E-004   2.0919203853755190E-003  -1.5036768754445008E-006  -9.3879242784255713E-009  -1.3479289802237461E-003
  -9.5009982545032467E-003   9.7231457304932933E-002 -0.75977826361786638       -9.3017238084633531E-005   1.2235325219183608E-003  -1.3462544492256429E-003  -5.1392626106199205E-007   6.8127691739318956E-006  -5.1962731068046169E-009  -1.3455640021074525E-003  -1.5904832444808877E-004   2.0919203853755190E-003  -1.5036768754445008E-006  -9.3879242784255713E-009  -1.3479289802237461E-003
 dijxc
  -9.5001508160264068E-003   9.7222703193665064E-002 -0.75971042306320380       -9.2982964367887831E-005   1.2230904329439288E-003  -1.3461342199538131E-003  -5.1389554138192958E-007   6.8123112069014889E-006  -5.1945103838728854E-009  -1.3454440675036987E-003  -1.5912952200185563E-004   2.0929818876680448E-003  -1.5043287804223221E-006  -9.3926409131961842E-009  -1.3478124053148701E-003
  -9.5001508160264068E-003   9.7222703193665064E-002 -0.75971042306320380       -9.2982964367887831E-005   1.2230904329439288E-003  -1.3461342199538131E-003  -5.1389554138192958E-007   6.8123112069014889E-006  -5.1945103838728854E-009  -1.3454440675036987E-003  -1.5912952200185563E-004   2.0929818876680448E-003  -1.5043287804223221E-006  -9.3926409131961842E-009  -1.3478124053148701E-003
