 dijxc
  -9.5001509491325457E-003   9.7222703971169527E-002 -0.75971043688228324       -9.2982935607070183E-005   1.2230900714230301E-003  -1.3461342949692586E-003  -5.1389275874955222E-007   6.8122756686797916E-006  -5.1944624008562513E-009  -1.3454441435986251E-003   1.5912952025994023E-004  -2.0929818607839600E-003   1.5043284450774337E-006   9.3926235816405287E-009  -1.3478124801872911E-003
  -9.5001509491325457E-003   9.7222703971169527E-002 -0.75971043688228324       -9.2982935607070183E-005   1.2230900714230301E-003  -1.3461342949692586E-003  -5.1389275874955222E-007   6.8122756686797916E-006  -5.1944624008562513E-009  -1.3454441435986251E-003   1.5912952025994023E-004  -2.0929818607839600E-003   1.5043284450774337E-006   9.3926235816405287E-009  -1.3478124801872911E-003
 dijxc
  -9.5001509491325457E-003   9.7222703971169527E-002 -0.75971043688228324       -9.2982935607070183E-005   1.2230900714230301E-003  -1.3461342949692586E-003  -5.1389275874955222E-007   6.8122756686797916E-006  -5.1944624008562513E-009  -1.3454441435986251E-003   1.5912952025994023E-004  -2.0929818607839600E-003   1.5043284450774337E-006   9.3926235816405287E-009  -1.3478124801872911E-003
  -9.5001509491325457E-003   9.7222703971169527E-002 -0.75971043688228324       -9.2982935607070183E-005   1.2230900714230301E-003  -1.3461342949692586E-003  -5.1389275874955222E-007   6.8122756686797916E-006  -5.1944624008562513E-009  -1.3454441435986251E-003   1.5912952025994023E-004  -2.0929818607839600E-003   1.5043284450774337E-006   9.3926235816405287E-009  -1.3478124801872911E-003
 dijxc
  -9.5004882570877743E-003   9.7226164304865303E-002 -0.75973743649486625       -9.2987957050069995E-005   1.2231554554529738E-003  -1.3461817090808653E-003  -5.1391273149959208E-007   6.8125289508728062E-006  -5.1947813709722514E-009  -1.3454914333273138E-003   1.5913817896685402E-004  -2.0930947000803511E-003   1.5044556937470770E-006   9.3931747254667747E-009  -1.3478600415448368E-003
  -9.5004882570877743E-003   9.7226164304865303E-002 -0.75973743649486625       -9.2987957050069995E-005   1.2231554554529738E-003  -1.3461817090808653E-003  -5.1391273149959208E-007   6.8125289508728062E-006  -5.1947813709722514E-009  -1.3454914333273138E-003   1.5913817896685402E-004  -2.0930947000803511E-003   1.5044556937470770E-006   9.3931747254667747E-009  -1.3478600415448368E-003
 dijxc
  -9.4998132965020635E-003   9.7219246362971842E-002 -0.75968341717971088       -9.2977914715382446E-005   1.2230246938523611E-003  -1.3460863252198882E-003  -5.1387278791810212E-007   6.8120224071833664E-006  -5.1941434853386657E-009  -1.3453962982171079E-003   1.5912086252026339E-004  -2.0928690328696239E-003   1.5042012188721122E-006   9.3920725360309789E-009  -1.3477643632184388E-003
  -9.4998132965020635E-003   9.7219246362971842E-002 -0.75968341717971088       -9.2977914715382446E-005   1.2230246938523611E-003  -1.3460863252198882E-003  -5.1387278791810212E-007   6.8120224071833664E-006  -5.1941434853386657E-009  -1.3453962982171079E-003   1.5912086252026339E-004  -2.0928690328696239E-003   1.5042012188721122E-006   9.3920725360309789E-009  -1.3477643632184388E-003
 dijxc
  -9.5001512003879910E-003   9.7222706973234749E-002 -0.75971045160025963       -9.2982940894428001E-005   1.2230901673310698E-003  -1.3461342155474980E-003  -5.1389285081751064E-007   6.8122770290218098E-006  -5.1944622867391981E-009  -1.3454440642603415E-003   1.5912952160441584E-004  -2.0929819242552477E-003   1.5043281761904444E-006   9.3926228259437083E-009  -1.3478124002900289E-003
  -9.5001512003879910E-003   9.7222706973234749E-002 -0.75971045160025963       -9.2982940894428001E-005   1.2230901673310698E-003  -1.3461342155474980E-003  -5.1389285081751064E-007   6.8122770290218098E-006  -5.1944622867391981E-009  -1.3454440642603415E-003   1.5912952160441584E-004  -2.0929819242552477E-003   1.5043281761904444E-006   9.3926228259437083E-009  -1.3478124002900289E-003
 dijxc
  -9.5001509542446145E-003   9.7222706516864640E-002 -0.75971043287703954       -9.2982916959095553E-005   1.2230898430753783E-003  -1.3461340322394944E-003  -5.1389273859372159E-007   6.8122754095264971E-006  -5.1944606203263676E-009  -1.3454438811618446E-003   1.5912945505623620E-004  -2.0929812878431068E-003   1.5043285465674252E-006   9.3926212147093956E-009  -1.3478122307964541E-003
  -9.5001509542446145E-003   9.7222706516864640E-002 -0.75971043287703954       -9.2982916959095553E-005   1.2230898430753783E-003  -1.3461340322394944E-003  -5.1389273859372159E-007   6.8122754095264971E-006  -5.1944606203263676E-009  -1.3454438811618446E-003   1.5912945505623620E-004  -2.0929812878431068E-003   1.5043285465674252E-006   9.3926212147093956E-009  -1.3478122307964541E-003
 dijxc
  -9.5004200561544672E-003   9.7225509913342306E-002 -0.75973221206276065       -9.2987153616505552E-005   1.2231437174017692E-003  -1.3461711721579834E-003  -5.1390635628102493E-007   6.8124392759717794E-006  -5.1947471916659105E-009  -1.3454808947600844E-003   1.5913625311092218E-004  -2.0930675873732968E-003   1.5044386462878565E-006   9.3930657805263548E-009  -1.3478494726002193E-003
  -9.5004200561544672E-003   9.7225509913342306E-002 -0.75973221206276065       -9.2987153616505552E-005   1.2231437174017692E-003  -1.3461711721579834E-003  -5.1390635628102493E-007   6.8124392759717794E-006  -5.1947471916659105E-009  -1.3454808947600844E-003   1.5913625311092218E-004  -2.0930675873732968E-003   1.5044386462878565E-006   9.3930657805263548E-009  -1.3478494726002193E-003
 dijxc
  -9.4997453786194990E-003   9.7218590179296918E-002 -0.75967820986320556       -9.2977107017399650E-005   1.2230128994087310E-003  -1.3460761948323138E-003  -5.1386643699014750E-007   6.8119330482600234E-006  -5.1941092460167822E-009  -1.3453861662689433E-003   1.5911897258537907E-004  -2.0928423898275901E-003   1.5041845175427173E-006   9.3919660786745027E-009  -1.3477542025456665E-003
  -9.4997453786194990E-003   9.7218590179296918E-002 -0.75967820986320556       -9.2977107017399650E-005   1.2230128994087310E-003  -1.3460761948323138E-003  -5.1386643699014750E-007   6.8119330482600234E-006  -5.1941092460167822E-009  -1.3453861662689433E-003   1.5911897258537907E-004  -2.0928423898275901E-003   1.5041845175427173E-006   9.3919660786745027E-009  -1.3477542025456665E-003
 dijxc
  -9.5000177759837403E-003   9.7221422729799459E-002 -0.75970020710954644       -9.2980842466020822E-005   1.2230602866504000E-003  -1.3461134590516401E-003  -5.1388253625477738E-007   6.8121295172292526E-006  -5.1943821315399015E-009  -1.3454233151217068E-003   1.5912852519791844E-004  -2.0929647767459433E-003   1.5043154190384962E-006   9.3925931900177940E-009  -1.3477916742713977E-003
  -9.5000177759837403E-003   9.7221422729799459E-002 -0.75970020710954644       -9.2980842466020822E-005   1.2230602866504000E-003  -1.3461134590516401E-003  -5.1388253625477738E-007   6.8121295172292526E-006  -5.1943821315399015E-009  -1.3454233151217068E-003   1.5912852519791844E-004  -2.0929647767459433E-003   1.5043154190384962E-006   9.3925931900177940E-009  -1.3477916742713977E-003
 dijxc
  -9.5001508008105313E-003   9.7222705389094111E-002 -0.75971042265943445       -9.2982935614659558E-005   1.2230900712398526E-003  -1.3461340100791731E-003  -5.1389275910111059E-007   6.8122756719570985E-006  -5.1944624128794522E-009  -1.3454438587075410E-003   1.5912952025694179E-004  -2.0929818602602821E-003   1.5043284472041253E-006   9.3926236048704751E-009  -1.3478121952992196E-003
  -9.5001508008105313E-003   9.7222705389094111E-002 -0.75971042265943445       -9.2982935614659558E-005   1.2230900712398526E-003  -1.3461340100791731E-003  -5.1389275910111059E-007   6.8122756719570985E-006  -5.1944624128794522E-009  -1.3454438587075410E-003   1.5912952025694179E-004  -2.0929818602602821E-003   1.5043284472041253E-006   9.3926236048704751E-009  -1.3478121952992196E-003
 dijxc
  -9.5004882021249345E-003   9.7226164488404168E-002 -0.75973743305692509       -9.2987956655957911E-005   1.2231554494606738E-003  -1.3461816466105525E-003  -5.1391272497263529E-007   6.8125288608895088E-006  -5.1947813367107638E-009  -1.3454913708592542E-003   1.5913817859038211E-004  -2.0930946937116873E-003   1.5044556979196799E-006   9.3931746937404493E-009  -1.3478599790857416E-003
  -9.5004882021249345E-003   9.7226164488404168E-002 -0.75973743305692509       -9.2987956655957911E-005   1.2231554494606738E-003  -1.3461816466105525E-003  -5.1391272497263529E-007   6.8125288608895088E-006  -5.1947813367107638E-009  -1.3454913708592542E-003   1.5913817859038211E-004  -2.0930946937116873E-003   1.5044556979196799E-006   9.3931746937404493E-009  -1.3478599790857416E-003
 dijxc
  -9.4998134649561909E-003   9.7219245048513786E-002 -0.75968342213153028       -9.2977914309213790E-005   1.2230246879678629E-003  -1.3460865715256112E-003  -5.1387278141233798E-007   6.8120223189568610E-006  -5.1941434453010238E-009  -1.3453965445259467E-003   1.5912086212208887E-004  -2.0928690266713000E-003   1.5042012211545770E-006   9.3920724933677144E-009  -1.3477646095332552E-003
  -9.4998134649561909E-003   9.7219245048513786E-002 -0.75968342213153028       -9.2977914309213790E-005   1.2230246879678629E-003  -1.3460865715256112E-003  -5.1387278141233798E-007   6.8120223189568610E-006  -5.1941434453010238E-009  -1.3453965445259467E-003   1.5912086212208887E-004  -2.0928690266713000E-003   1.5042012211545770E-006   9.3920724933677144E-009  -1.3477646095332552E-003
 dijxc
  -9.5001512027445348E-003   9.7222706736623990E-002 -0.75971044909761654       -9.2982940246731316E-005   1.2230901572599779E-003  -1.3461342258077489E-003  -5.1389284070834510E-007   6.8122768878939642E-006  -5.1944622408694507E-009  -1.3454440745237057E-003   1.5912952102062024E-004  -2.0929819138659784E-003   1.5043281847720317E-006   9.3926227923494965E-009  -1.3478124105715072E-003
  -9.5001512027445348E-003   9.7222706736623990E-002 -0.75971044909761654       -9.2982940246731316E-005   1.2230901572599779E-003  -1.3461342258077489E-003  -5.1389284070834510E-007   6.8122768878939642E-006  -5.1944622408694507E-009  -1.3454440745237057E-003   1.5912952102062024E-004  -2.0929819138659784E-003   1.5043281847720317E-006   9.3926227923494965E-009  -1.3478124105715072E-003
 dijxc
  -9.5000166421555007E-003   9.7221410577094936E-002 -0.75970012851226820       -9.2981002547461750E-005   1.2230623406410317E-003  -1.3461136046481084E-003  -5.1388166479863078E-007   6.8121179678765182E-006  -5.1943866840759519E-009  -1.3454234570723044E-003   1.5912763294900778E-004  -2.0929530579279309E-003   1.5043089350797935E-006   9.3925346063851534E-009  -1.3477917861559646E-003
  -9.5000166421555007E-003   9.7221410577094936E-002 -0.75970012851226820       -9.2981002547461750E-005   1.2230623406410317E-003  -1.3461136046481084E-003  -5.1388166479863078E-007   6.8121179678765182E-006  -5.1943866840759519E-009  -1.3454234570723044E-003   1.5912763294900778E-004  -2.0929530579279309E-003   1.5043089350797935E-006   9.3925346063851534E-009  -1.3477917861559646E-003
 dijxc
  -9.5002891402874417E-003   9.7224240702987685E-002 -0.75972213803792621       -9.2984742747992196E-005   1.2231097771782629E-003  -1.3461512383185303E-003  -5.1389758877526438E-007   6.8123120281348154E-006  -5.1946592886735301E-009  -1.3454609749552731E-003   1.5913716875264137E-004  -2.0930752056519714E-003   1.5044403043156026E-006   9.3931601692813624E-009  -1.3478296279404785E-003
  -9.5002891402874417E-003   9.7224240702987685E-002 -0.75972213803792621       -9.2984742747992196E-005   1.2231097771782629E-003  -1.3461512383185303E-003  -5.1389758877526438E-007   6.8123120281348154E-006  -5.1946592886735301E-009  -1.3454609749552731E-003   1.5913716875264137E-004  -2.0930752056519714E-003   1.5044403043156026E-006   9.3931601692813624E-009  -1.3478296279404785E-003
 dijxc
  -9.4996171777174520E-003   9.7217342360579870E-002 -0.75966830615960734       -9.2974244499194268E-005   1.2229731132620389E-003  -1.3460565531729267E-003  -5.1385962907733141E-007   6.8118314901152645E-006  -5.1940074512046628E-009  -1.3453665482323338E-003   1.5912224042334821E-004  -2.0928808137125280E-003   1.5042038405987139E-006   9.3922149309178057E-009  -1.3477347406308034E-003
  -9.4996171777174520E-003   9.7217342360579870E-002 -0.75966830615960734       -9.2974244499194268E-005   1.2229731132620389E-003  -1.3460565531729267E-003  -5.1385962907733141E-007   6.8118314901152645E-006  -5.1940074512046628E-009  -1.3453665482323338E-003   1.5912224042334821E-004  -2.0928808137125280E-003   1.5042038405987139E-006   9.3922149309178057E-009  -1.3477347406308034E-003
 dijxc
  -9.4998959319646213E-003   9.7220217038775786E-002 -0.75969072543594951       -9.2977184244719553E-005   1.2230102718278472E-003  -1.3460954579226515E-003  -5.1387899048957888E-007   6.8120709223284156E-006  -5.1942524924704531E-009  -1.3454053541193535E-003   1.5913597426466723E-004  -2.0930580688107180E-003   1.5043665562085850E-006   9.3931111159635163E-009  -1.3477740152147821E-003
  -9.4998959319646213E-003   9.7220217038775786E-002 -0.75969072543594951       -9.2977184244719553E-005   1.2230102718278472E-003  -1.3460954579226515E-003  -5.1387899048957888E-007   6.8120709223284156E-006  -5.1942524924704531E-009  -1.3454053541193535E-003   1.5913597426466723E-004  -2.0930580688107180E-003   1.5043665562085850E-006   9.3931111159635163E-009  -1.3477740152147821E-003
 dijxc
  -9.5001507370745687E-003   9.7222705031656462E-002 -0.75971042300131897       -9.2982934929728388E-005   1.2230900605659685E-003  -1.3461340041590428E-003  -5.1389274800779304E-007   6.8122755172456328E-006  -5.1944623607988299E-009  -1.3454438527906369E-003   1.5912951963770495E-004  -2.0929818492076398E-003   1.5043284564240758E-006   9.3926235629288132E-009  -1.3478121894016204E-003
  -9.5001507370745687E-003   9.7222705031656462E-002 -0.75971042300131897       -9.2982934929728388E-005   1.2230900605659685E-003  -1.3461340041590428E-003  -5.1389274800779304E-007   6.8122755172456328E-006  -5.1944623607988299E-009  -1.3454438527906369E-003   1.5912951963770495E-004  -2.0929818492076398E-003   1.5043284564240758E-006   9.3926235629288132E-009  -1.3478121894016204E-003
 dijxc
  -9.5004882246440062E-003   9.7226163705753516E-002 -0.75973743217880241       -9.2987955719321482E-005   1.2231554346781276E-003  -1.3461817297280947E-003  -5.1391271017646037E-007   6.8125286531657627E-006  -5.1947812738900929E-009  -1.3454914539805958E-003   1.5913817776705384E-004  -2.0930946785872335E-003   1.5044557121399343E-006   9.3931746516114905E-009  -1.3478600622364690E-003
  -9.5004882246440062E-003   9.7226163705753516E-002 -0.75973743217880241       -9.2987955719321482E-005   1.2231554346781276E-003  -1.3461817297280947E-003  -5.1391271017646037E-007   6.8125286531657627E-006  -5.1947812738900929E-009  -1.3454914539805958E-003   1.5913817776705384E-004  -2.0930946785872335E-003   1.5044557121399343E-006   9.3931746516114905E-009  -1.3478600622364690E-003
 dijxc
  -9.4998132117434155E-003   9.7219246151979841E-002 -0.75968340977830473       -9.2977913492891086E-005   1.2230246747905677E-003  -1.3460862622830692E-003  -5.1387276927214128E-007   6.8120221463087535E-006  -5.1941434050288324E-009  -1.3453962352859639E-003   1.5912086142594182E-004  -2.0928690132689231E-003   1.5042012356104463E-006   9.3920724839086692E-009  -1.3477643003224947E-003
  -9.4998132117434155E-003   9.7219246151979841E-002 -0.75968340977830473       -9.2977913492891086E-005   1.2230246747905677E-003  -1.3460862622830692E-003  -5.1387276927214128E-007   6.8120221463087535E-006  -5.1941434050288324E-009  -1.3453962352859639E-003   1.5912086142594182E-004  -2.0928690132689231E-003   1.5042012356104463E-006   9.3920724839086692E-009  -1.3477643003224947E-003
 dijxc
  -9.5001510442521333E-003   9.7222707455031254E-002 -0.75971043779797376       -9.2982939355738592E-005   1.2230901430778406E-003  -1.3461340152327108E-003  -5.1389282912417926E-007   6.8122767226705545E-006  -5.1944622113018954E-009  -1.3454438639517469E-003   1.5912952027776790E-004  -2.0929818998067402E-003   1.5043281998670295E-006   9.3926228071515015E-009  -1.3478122000309238E-003
  -9.5001510442521333E-003   9.7222707455031254E-002 -0.75971043779797376       -9.2982939355738592E-005   1.2230901430778406E-003  -1.3461340152327108E-003  -5.1389282912417926E-007   6.8122767226705545E-006  -5.1944622113018954E-009  -1.3454438639517469E-003   1.5912952027776790E-004  -2.0929818998067402E-003   1.5043281998670295E-006   9.3926228071515015E-009  -1.3478122000309238E-003
 dijxc
  -9.4998944585184524E-003   9.7220207269891501E-002 -0.75969063367715983       -9.2977337578092366E-005   1.2230122337982615E-003  -1.3460951150731492E-003  -5.1387817026814265E-007   6.8120600332748628E-006  -5.1942571042265953E-009  -1.3454050077824141E-003   1.5913512924512721E-004  -2.0930469638989970E-003   1.5043604809160489E-006   9.3930560150503806E-009  -1.3477736405847003E-003
  -9.4998944585184524E-003   9.7220207269891501E-002 -0.75969063367715983       -9.2977337578092366E-005   1.2230122337982615E-003  -1.3460951150731492E-003  -5.1387817026814265E-007   6.8120600332748628E-006  -5.1942571042265953E-009  -1.3454050077824141E-003   1.5913512924512721E-004  -2.0930469638989970E-003   1.5043604809160489E-006   9.3930560150503806E-009  -1.3477736405847003E-003
 dijxc
  -9.5001757438107504E-003   9.7223103081076803E-002 -0.75971321772204836       -9.2979917342124333E-005   1.2230447650790123E-003  -1.3461342727880343E-003  -5.1389880899824790E-007   6.8123162159978752E-006  -5.1944885638439614E-009  -1.3454440737309880E-003   1.5915072641614178E-004  -2.0932486661025085E-003   1.5045378207515928E-006   9.3940709684212410E-009  -1.3478132415241531E-003
  -9.5001757438107504E-003   9.7223103081076803E-002 -0.75971321772204836       -9.2979917342124333E-005   1.2230447650790123E-003  -1.3461342727880343E-003  -5.1389880899824790E-007   6.8123162159978752E-006  -5.1944885638439614E-009  -1.3454440737309880E-003   1.5915072641614178E-004  -2.0932486661025085E-003   1.5045378207515928E-006   9.3940709684212410E-009  -1.3478132415241531E-003
 dijxc
  -9.4995053579587287E-003   9.7216215175948056E-002 -0.75965949474160044       -9.2969246676564182E-005   1.2229059896388553E-003  -1.3460399863879098E-003  -5.1386101560305167E-007   6.8118382129631085E-006  -5.1938241212088549E-009  -1.3453500488696908E-003   1.5913641817118202E-004  -2.0930625588269939E-003   1.5043050688094875E-006   9.3931567791622422E-009  -1.3477187775943770E-003
  -9.4995053579587287E-003   9.7216215175948056E-002 -0.75965949474160044       -9.2969246676564182E-005   1.2229059896388553E-003  -1.3460399863879098E-003  -5.1386101560305167E-007   6.8118382129631085E-006  -5.1938241212088549E-009  -1.3453500488696908E-003   1.5913641817118202E-004  -2.0930625588269939E-003   1.5043050688094875E-006   9.3931567791622422E-009  -1.3477187775943770E-003
 dijxc
  -9.4997930839693587E-003   9.7219155541046071E-002 -0.75968250603223897       -9.2971226973501708E-005   1.2229311162701478E-003  -1.3460806329789834E-003  -5.1388305810008448E-007   6.8121138796294772E-006  -5.1940189646967672E-009  -1.3453906150969006E-003   1.5915463909986095E-004  -2.0932991226632913E-003   1.5045002475291767E-006   9.3943185050469418E-009  -1.3477599702075198E-003
  -9.4997930839693587E-003   9.7219155541046071E-002 -0.75968250603223897       -9.2971226973501708E-005   1.2229311162701478E-003  -1.3460806329789834E-003  -5.1388305810008448E-007   6.8121138796294772E-006  -5.1940189646967672E-009  -1.3453906150969006E-003   1.5915463909986095E-004  -2.0932991226632913E-003   1.5045002475291767E-006   9.3943185050469418E-009  -1.3477599702075198E-003
 dijxc
  -9.5001508338803387E-003   9.7222703660961876E-002 -0.75971042684995571       -9.2982933998912254E-005   1.2230900458057052E-003  -1.3461342073623594E-003  -5.1389273551411361E-007   6.8122753397479610E-006  -5.1944623238409684E-009  -1.3454440559974232E-003   1.5912951885331018E-004  -2.0929818345052469E-003   1.5043284715682621E-006   9.3926235670064265E-009  -1.3478123926400139E-003
  -9.5001508338803387E-003   9.7222703660961876E-002 -0.75971042684995571       -9.2982933998912254E-005   1.2230900458057052E-003  -1.3461342073623594E-003  -5.1389273551411361E-007   6.8122753397479610E-006  -5.1944623238409684E-009  -1.3454440559974232E-003   1.5912951885331018E-004  -2.0929818345052469E-003   1.5043284715682621E-006   9.3926235670064265E-009  -1.3478123926400139E-003
 dijxc
  -9.5004880256479539E-003   9.7226164249853669E-002 -0.75973742140372824       -9.2987954807181598E-005   1.2231554203038198E-003  -1.3461815062189603E-003  -5.1391270015127127E-007   6.8125285092071855E-006  -5.1947812591771720E-009  -1.3454912304750738E-003   1.5913817702605792E-004  -2.0930946646998479E-003   1.5044557267188545E-006   9.3931746939230411E-009  -1.3478598387622420E-003
  -9.5004880256479539E-003   9.7226164249853669E-002 -0.75973742140372824       -9.2987954807181598E-005   1.2231554203038198E-003  -1.3461815062189603E-003  -5.1391270015127127E-007   6.8125285092071855E-006  -5.1947812591771720E-009  -1.3454912304750738E-003   1.5913817702605792E-004  -2.0930946646998479E-003   1.5044557267188545E-006   9.3931746939230411E-009  -1.3478598387622420E-003
 dijxc
  -9.4998132664405703E-003   9.7219245229994949E-002 -0.75968341330036049       -9.2977912743510020E-005   1.2230246625214837E-003  -1.3460863967564305E-003  -5.1387276228226817E-007   6.8120220420858547E-006  -5.1941434197930369E-009  -1.3453963697606906E-003   1.5912086084778442E-004  -2.0928690014764312E-003   1.5042012516811042E-006   9.3920725685741684E-009  -1.3477644348299143E-003
  -9.4998132664405703E-003   9.7219245229994949E-002 -0.75968341330036049       -9.2977912743510020E-005   1.2230246625214837E-003  -1.3460863967564305E-003  -5.1387276228226817E-007   6.8120220420858547E-006  -5.1941434197930369E-009  -1.3453963697606906E-003   1.5912086084778442E-004  -2.0928690014764312E-003   1.5042012516811042E-006   9.3920725685741684E-009  -1.3477644348299143E-003
 dijxc
  -9.5001511029221379E-003   9.7222706026683564E-002 -0.75971044330792226       -9.2982938768214476E-005   1.2230901334253563E-003  -1.3461342041179237E-003  -5.1389282671394415E-007   6.8122766817394068E-006  -5.1944622585721126E-009  -1.3454440528378252E-003   1.5912951985781436E-004  -2.0929818909464280E-003   1.5043282134724897E-006   9.3926229374240008E-009  -1.3478123889450080E-003
  -9.5001511029221379E-003   9.7222706026683564E-002 -0.75971044330792226       -9.2982938768214476E-005   1.2230901334253563E-003  -1.3461342041179237E-003  -5.1389282671394415E-007   6.8122766817394068E-006  -5.1944622585721126E-009  -1.3454440528378252E-003   1.5912951985781436E-004  -2.0929818909464280E-003   1.5043282134724897E-006   9.3926229374240008E-009  -1.3478123889450080E-003
 dijxc
  -9.4997920974284802E-003   9.7219148911693254E-002 -0.75968244188586154       -9.2971276684453386E-005   1.2229316886171167E-003  -1.3460803985885705E-003  -5.1388293631047644E-007   6.8121119989801629E-006  -5.1940234727400959E-009  -1.3453903796324751E-003   1.5915444974417525E-004  -2.0932965380031240E-003   1.5044994957823170E-006   9.3943105552135475E-009  -1.3477597289194244E-003
  -9.4997920974284802E-003   9.7219148911693254E-002 -0.75968244188586154       -9.2971276684453386E-005   1.2229316886171167E-003  -1.3460803985885705E-003  -5.1388293631047644E-007   6.8121119989801629E-006  -5.1940234727400959E-009  -1.3453903796324751E-003   1.5915444974417525E-004  -2.0932965380031240E-003   1.5044994957823170E-006   9.3943105552135475E-009  -1.3477597289194244E-003
 dijxc
  -9.5000840516097970E-003   9.7222119653631797E-002 -0.75970573067675751       -9.2972761744871502E-005   1.2229505535051818E-003  -1.3461219281606328E-003  -5.1390647430486891E-007   6.8124075620974100E-006  -5.1941952319983697E-009  -1.3454318382500577E-003   1.5917507581509805E-004  -2.0935647966345257E-003   1.5047128923690149E-006   9.3956193082636498E-009  -1.3478018990138562E-003
  -9.5000840516097970E-003   9.7222119653631797E-002 -0.75970573067675751       -9.2972761744871502E-005   1.2229505535051818E-003  -1.3461219281606328E-003  -5.1390647430486891E-007   6.8124075620974100E-006  -5.1941952319983697E-009  -1.3454318382500577E-003   1.5917507581509805E-004  -2.0935647966345257E-003   1.5047128923690149E-006   9.3956193082636498E-009  -1.3478018990138562E-003
 dijxc
  -9.4994129993299231E-003   9.7215229465999947E-002 -0.75965195687577280       -9.2962297117070864E-005   1.2228146691457438E-003  -1.3460272328636861E-003  -5.1386690228196601E-007   6.8119068683193254E-006  -5.1935253899300481E-009  -1.3453373990480622E-003   1.5915923919771019E-004  -2.0933589836724322E-003   1.5044672471353519E-006   9.3945894524256705E-009  -1.3477069688058744E-003
  -9.4994129993299231E-003   9.7215229465999947E-002 -0.75965195687577280       -9.2962297117070864E-005   1.2228146691457438E-003  -1.3460272328636861E-003  -5.1386690228196601E-007   6.8119068683193254E-006  -5.1935253899300481E-009  -1.3453373990480622E-003   1.5915923919771019E-004  -2.0933589836724322E-003   1.5044672471353519E-006   9.3945894524256705E-009  -1.3477069688058744E-003
 dijxc
  -9.4997086949261608E-003   9.7218227361586571E-002 -0.75967549399641443       -9.2963758986991526E-005   1.2228338659993059E-003  -1.3460695500433217E-003  -5.1388864068288817E-007   6.8121805953186002E-006  -5.1936673410917933E-009  -1.3453796430287148E-003   1.5917909258243750E-004  -2.0936180058110077E-003   1.5046720346593075E-006   9.3958077671637952E-009  -1.3477498998916366E-003
  -9.4997086949261608E-003   9.7218227361586571E-002 -0.75967549399641443       -9.2963758986991526E-005   1.2228338659993059E-003  -1.3460695500433217E-003  -5.1388864068288817E-007   6.8121805953186002E-006  -5.1936673410917933E-009  -1.3453796430287148E-003   1.5917909258243750E-004  -2.0936180058110077E-003   1.5046720346593075E-006   9.3958077671637952E-009  -1.3477498998916366E-003
 dijxc
  -9.5001507002180387E-003   9.7222704252964379E-002 -0.75971041767179182       -9.2982933393619447E-005   1.2230900360542779E-003  -1.3461340328710281E-003  -5.1389273295689912E-007   6.8122752976409376E-006  -5.1944623673191108E-009  -1.3454438815074308E-003   1.5912951841631719E-004  -2.0929818256504402E-003   1.5043284843280499E-006   9.3926236914274088E-009  -1.3478122181769044E-003
  -9.5001507002180387E-003   9.7222704252964379E-002 -0.75971041767179182       -9.2982933393619447E-005   1.2230900360542779E-003  -1.3461340328710281E-003  -5.1389273295689912E-007   6.8122752976409376E-006  -5.1944623673191108E-009  -1.3454438815074308E-003   1.5912951841631719E-004  -2.0929818256504402E-003   1.5043284843280499E-006   9.3926236914274088E-009  -1.3478122181769044E-003
 dijxc
  -9.5004881362859353E-003   9.7226163169702909E-002 -0.75973742698556457       -9.2987954502814213E-005   1.2231554149154695E-003  -1.3461817026061923E-003  -5.1391270447758469E-007   6.8125285602396034E-006  -5.1947813607040845E-009  -1.3454914268607534E-003   1.5913817688646191E-004  -2.0930946604778302E-003   1.5044557392210743E-006   9.3931749010000593E-009  -1.3478600351727857E-003
  -9.5004881362859353E-003   9.7226163169702909E-002 -0.75973742698556457       -9.2987954502814213E-005   1.2231554149154695E-003  -1.3461817026061923E-003  -5.1391270447758469E-007   6.8125285602396034E-006  -5.1947813607040845E-009  -1.3454914268607534E-003   1.5913817688646191E-004  -2.0930946604778302E-003   1.5044557392210743E-006   9.3931749010000593E-009  -1.3478600351727857E-003
 dijxc
  -9.4998132677556763E-003   9.7219244295429844E-002 -0.75968341792065286       -9.2977912530787154E-005   1.2230246586175224E-003  -1.3460865010856908E-003  -5.1387276754411201E-007   6.8120221069741765E-006  -5.1941435227997375E-009  -1.3453964740881012E-003   1.5912086077308498E-004  -2.0928689985937675E-003   1.5042012626157028E-006   9.3920727709079692E-009  -1.3477645391786507E-003
  -9.4998132677556763E-003   9.7219244295429844E-002 -0.75968341792065286       -9.2977912530787154E-005   1.2230246586175224E-003  -1.3460865010856908E-003  -5.1387276754411201E-007   6.8120221069741765E-006  -5.1941435227997375E-009  -1.3453964740881012E-003   1.5912086077308498E-004  -2.0928689985937675E-003   1.5042012626157028E-006   9.3920727709079692E-009  -1.3477645391786507E-003
 dijxc
  -9.5001508752581357E-003   9.7222707374998843E-002 -0.75971043028682328       -9.2982938864478944E-005   1.2230901340364220E-003  -1.3461338852592611E-003  -5.1389283704856466E-007   6.8122768161299414E-006  -5.1944624037068472E-009  -1.3454437339740371E-003   1.5912952005455046E-004  -2.0929818924335340E-003   1.5043282244920561E-006   9.3926231924105459E-009  -1.3478120701002180E-003
  -9.5001508752581357E-003   9.7222707374998843E-002 -0.75971043028682328       -9.2982938864478944E-005   1.2230901340364220E-003  -1.3461338852592611E-003  -5.1389283704856466E-007   6.8122768161299414E-006  -5.1944624037068472E-009  -1.3454437339740371E-003   1.5912952005455046E-004  -2.0929818924335340E-003   1.5043282244920561E-006   9.3926231924105459E-009  -1.3478120701002180E-003
 dijxc
  -9.4997084454675820E-003   9.7218225242535650E-002 -0.75967548047021161       -9.2963673408565602E-005   1.2228326466662243E-003  -1.3460695368026107E-003  -5.1388924125338472E-007   6.8121880714942575E-006  -5.1936696005982400E-009  -1.3453796317889339E-003   1.5917968245561460E-004  -2.0936255674839878E-003   1.5046773351755108E-006   9.3958534321420977E-009  -1.3477499093633807E-003
  -9.4997084454675820E-003   9.7218225242535650E-002 -0.75967548047021161       -9.2963673408565602E-005   1.2228326466662243E-003  -1.3460695368026107E-003  -5.1388924125338472E-007   6.8121880714942575E-006  -5.1936696005982400E-009  -1.3453796317889339E-003   1.5917968245561460E-004  -2.0936255674839878E-003   1.5046773351755108E-006   9.3958534321420977E-009  -1.3477499093633807E-003
 dijxc
  -9.5000076643508326E-003   9.7221252121530405E-002 -0.75969924778136033       -9.2964819998838077E-005   1.2228480828606824E-003  -1.3461122506493351E-003  -5.1391126828703265E-007   6.8124662660714072E-006  -5.1937873722995792E-009  -1.3454222771770565E-003   1.5920077592493077E-004  -2.0939012533377397E-003   1.5048909988542769E-006   9.3971334651384806E-009  -1.3477932869933283E-003
  -9.5000076643508326E-003   9.7221252121530405E-002 -0.75969924778136033       -9.2964819998838077E-005   1.2228480828606824E-003  -1.3461122506493351E-003  -5.1391126828703265E-007   6.8124662660714072E-006  -5.1937873722995792E-009  -1.3454222771770565E-003   1.5920077592493077E-004  -2.0939012533377397E-003   1.5048909988542769E-006   9.3971334651384806E-009  -1.3477932869933283E-003
 dijxc
  -9.4993342444485221E-003   9.7214340264986709E-002 -0.75964530735895996       -9.2954809110600112E-005   1.2227182369602438E-003  -1.3460174419298381E-003  -5.1386955939534752E-007   6.8119379077502657E-006  -5.1931275147473993E-009  -1.3453277139765098E-003   1.5918240490889963E-004  -2.0936624877197258E-003   1.5046262573985923E-006   9.3959325261531036E-009  -1.3476981467092596E-003
  -9.4993342444485221E-003   9.7214340264986709E-002 -0.75964530735895996       -9.2954809110600112E-005   1.2227182369602438E-003  -1.3460174419298381E-003  -5.1386955939534752E-007   6.8119379077502657E-006  -5.1931275147473993E-009  -1.3453277139765098E-003   1.5918240490889963E-004  -2.0936624877197258E-003   1.5046262573985923E-006   9.3959325261531036E-009  -1.3476981467092596E-003
 dijxc
  -9.4996325916137433E-003   9.7217360763696595E-002 -0.75966900711910790       -9.2956540377453297E-005   1.2227418844253139E-003  -1.3460599367726713E-003  -5.1388828472627509E-007   6.8121742926475509E-006  -5.1932449984873895E-009  -1.3453701248130375E-003   1.5919998383041214E-004  -2.0938930571257623E-003   1.5048131662412829E-006   9.3969569687469749E-009  -1.3477411722116065E-003
  -9.4996325916137433E-003   9.7217360763696595E-002 -0.75966900711910790       -9.2956540377453297E-005   1.2227418844253139E-003  -1.3460599367726713E-003  -5.1388828472627509E-007   6.8121742926475509E-006  -5.1932449984873895E-009  -1.3453701248130375E-003   1.5919998383041214E-004  -2.0938930571257623E-003   1.5048131662412829E-006   9.3969569687469749E-009  -1.3477411722116065E-003
 dijxc
  -9.5001507782215659E-003   9.7222703592323947E-002 -0.75971042232988806       -9.2982933517717770E-005   1.2230900369326583E-003  -1.3461341611686311E-003  -5.1389274413686666E-007   6.8122754426147600E-006  -5.1944625207854840E-009  -1.3454440097995664E-003   1.5912951865078244E-004  -2.0929818274667152E-003   1.5043284957188236E-006   9.3926239600570672E-009  -1.3478123464886233E-003
  -9.5001507782215659E-003   9.7222703592323947E-002 -0.75971042232988806       -9.2982933517717770E-005   1.2230900369326583E-003  -1.3461341611686311E-003  -5.1389274413686666E-007   6.8122754426147600E-006  -5.1944625207854840E-009  -1.3454440097995664E-003   1.5912951865078244E-004  -2.0929818274667152E-003   1.5043284957188236E-006   9.3926239600570672E-009  -1.3478123464886233E-003
 dijxc
  -9.5004881280803827E-003   9.7226163313023528E-002 -0.75973742443054304       -9.2987955010780807E-005   1.2231554215680614E-003  -1.3461816729330078E-003  -5.1391272156756094E-007   6.8125287872419032E-006  -5.1947815557013459E-009  -1.3454913971789155E-003   1.5913817744218781E-004  -2.0930946677953990E-003   1.5044557486984654E-006   9.3931752148775958E-009  -1.3478600055041132E-003
  -9.5004881280803827E-003   9.7226163313023528E-002 -0.75973742443054304       -9.2987955010780807E-005   1.2231554215680614E-003  -1.3461816729330078E-003  -5.1391272156756094E-007   6.8125287872419032E-006  -5.1947815557013459E-009  -1.3454913971789155E-003   1.5913817744218781E-004  -2.0930946677953990E-003   1.5044557486984654E-006   9.3931752148775958E-009  -1.3478600055041132E-003
 dijxc
  -9.4998131383758674E-003   9.7219245633363108E-002 -0.75968340595280415       -9.2977913015028220E-005   1.2230246650795445E-003  -1.3460862470561284E-003  -5.1387278285017545E-007   6.8120223111082689E-006  -5.1941436993289294E-009  -1.3453962200503070E-003   1.5912086127324552E-004  -2.0928690053865283E-003   1.5042012713410066E-006   9.3920730519234066E-009  -1.3477642851522889E-003
  -9.4998131383758674E-003   9.7219245633363108E-002 -0.75968340595280415       -9.2977913015028220E-005   1.2230246650795445E-003  -1.3460862470561284E-003  -5.1387278285017545E-007   6.8120223111082689E-006  -5.1941436993289294E-009  -1.3453962200503070E-003   1.5912086127324552E-004  -2.0928690053865283E-003   1.5042012713410066E-006   9.3920730519234066E-009  -1.3477642851522889E-003
 dijxc
  -9.5001510281270719E-003   9.7222706396451100E-002 -0.75971043950599193       -9.2982939599112394E-005   1.2230901442839347E-003  -1.3461341070528903E-003  -5.1389285426340436E-007   6.8122770482056534E-006  -5.1944625874185079E-009  -1.3454439557575441E-003   1.5912952072263614E-004  -2.0929819022992764E-003   1.5043282313544333E-006   9.3926234656738683E-009  -1.3478122918889883E-003
  -9.5001510281270719E-003   9.7222706396451100E-002 -0.75971043950599193       -9.2982939599112394E-005   1.2230901442839347E-003  -1.3461341070528903E-003  -5.1389285426340436E-007   6.8122770482056534E-006  -5.1944625874185079E-009  -1.3454439557575441E-003   1.5912952072263614E-004  -2.0929819022992764E-003   1.5043282313544333E-006   9.3926234656738683E-009  -1.3478122918889883E-003
 dijxc
  -9.4996331016879414E-003   9.7217363998885739E-002 -0.75966904490370202       -9.2956370327768812E-005   1.2227395927430296E-003  -1.3460601038889726E-003  -5.1388898594206372E-007   6.8121831833875577E-006  -5.1932418207181354E-009  -1.3453702956807076E-003   1.5920091000076587E-004  -2.0939050469199029E-003   1.5048204915463238E-006   9.3970208076695472E-009  -1.3477413750953267E-003
  -9.4996331016879414E-003   9.7217363998885739E-002 -0.75966904490370202       -9.2956370327768812E-005   1.2227395927430296E-003  -1.3460601038889726E-003  -5.1388898594206372E-007   6.8121831833875577E-006  -5.1932418207181354E-009  -1.3453702956807076E-003   1.5920091000076587E-004  -2.0939050469199029E-003   1.5048204915463238E-006   9.3970208076695472E-009  -1.3477413750953267E-003
 dijxc
  -9.4999329352038284E-003   9.7220391897512137E-002 -0.75969284268891335       -9.2958177841157924E-005   1.2227646488406007E-003  -1.3461032316353966E-003  -5.1390645152394130E-007   6.8124038400454439E-006  -5.1933472332303032E-009  -1.3454133352060560E-003   1.5921771633609777E-004  -2.0941260614182164E-003   1.5050017784084322E-006   9.3979750126626507E-009  -1.3477850056831950E-003
  -9.4999329352038284E-003   9.7220391897512137E-002 -0.75969284268891335       -9.2958177841157924E-005   1.2227646488406007E-003  -1.3461032316353966E-003  -5.1390645152394130E-007   6.8124038400454439E-006  -5.1933472332303032E-009  -1.3454133352060560E-003   1.5921771633609777E-004  -2.0941260614182164E-003   1.5050017784084322E-006   9.3979750126626507E-009  -1.3477850056831950E-003
 dijxc
  -9.4992553174099385E-003   9.7213449770712917E-002 -0.75963862079850286       -9.2948599418626136E-005   1.2226403229346784E-003  -1.3460074591927823E-003  -5.1386416551369413E-007   6.8118674248337874E-006  -5.1927146888962300E-009  -1.3453177991210833E-003   1.5919763144499384E-004  -2.0938647660421889E-003   1.5047270667400363E-006   9.3966805484085372E-009  -1.3476888347335057E-003
  -9.4992553174099385E-003   9.7213449770712917E-002 -0.75963862079850286       -9.2948599418626136E-005   1.2226403229346784E-003  -1.3460074591927823E-003  -5.1386416551369413E-007   6.8118674248337874E-006  -5.1927146888962300E-009  -1.3453177991210833E-003   1.5919763144499384E-004  -2.0938647660421889E-003   1.5047270667400363E-006   9.3966805484085372E-009  -1.3476888347335057E-003
 dijxc
  -9.4995495039854379E-003   9.7216432661402494E-002 -0.75966202980360142       -9.2951293572438289E-005   1.2226771136022584E-003  -1.3460496276174638E-003  -5.1387989569465213E-007   6.8120652668102001E-006  -5.1928632277411694E-009  -1.3453598586832996E-003   1.5921074268063950E-004  -2.0940377958538780E-003   1.5048865698642623E-006   9.3974120567492573E-009  -1.3477313622545389E-003
  -9.4995495039854379E-003   9.7216432661402494E-002 -0.75966202980360142       -9.2951293572438289E-005   1.2226771136022584E-003  -1.3460496276174638E-003  -5.1387989569465213E-007   6.8120652668102001E-006  -5.1928632277411694E-009  -1.3453598586832996E-003   1.5921074268063950E-004  -2.0940377958538780E-003   1.5048865698642623E-006   9.3974120567492573E-009  -1.3477313622545389E-003
 dijxc
  -9.5001507461753374E-003   9.7222703693585696E-002 -0.75971041950195639       -9.2982934304639689E-005   1.2230900476218652E-003  -1.3461341152884441E-003  -5.1389276241376201E-007   6.8122756872873690E-006  -5.1944627211478033E-009  -1.3454439639077574E-003   1.5912951938063861E-004  -2.0929818377277165E-003   1.5043285049726617E-006   9.3926242605536553E-009  -1.3478123006056642E-003
  -9.5001507461753374E-003   9.7222703693585696E-002 -0.75971041950195639       -9.2982934304639689E-005   1.2230900476218652E-003  -1.3461341152884441E-003  -5.1389276241376201E-007   6.8122756872873690E-006  -5.1944627211478033E-009  -1.3454439639077574E-003   1.5912951938063861E-004  -2.0929818377277165E-003   1.5043285049726617E-006   9.3926242605536553E-009  -1.3478123006056642E-003
 dijxc
  -9.5004882335155763E-003   9.7226162452890008E-002 -0.75973743458200438       -9.2987956026088070E-005   1.2231554359079049E-003  -1.3461818560154292E-003  -5.1391274050968208E-007   6.8125290442612295E-006  -5.1947817483751388E-009  -1.3454915802484039E-003   1.5913817829144028E-004  -2.0930946807546673E-003   1.5044557549451077E-006   9.3931754811522710E-009  -1.3478601885740888E-003
  -9.5004882335155763E-003   9.7226162452890008E-002 -0.75973743458200438       -9.2987956026088070E-005   1.2231554359079049E-003  -1.3461818560154292E-003  -5.1391274050968208E-007   6.8125290442612295E-006  -5.1947817483751388E-009  -1.3454915802484039E-003   1.5913817829144028E-004  -2.0930946807546673E-003   1.5044557549451077E-006   9.3931754811522710E-009  -1.3478601885740888E-003
 dijxc
  -9.4998132495772852E-003   9.7219244963467594E-002 -0.75968341235235326       -9.2977913903527428E-005   1.2230246777707773E-003  -1.3460864052002143E-003  -5.1387279886426125E-007   6.8120225296041717E-006  -5.1941438630460714E-009  -1.3453963781832117E-003   1.5912086197926285E-004  -2.0928690164845262E-003   1.5042012762188933E-006   9.3920732738700188E-009  -1.3477644432839391E-003
  -9.4998132495772852E-003   9.7219244963467594E-002 -0.75968341235235326       -9.2977913903527428E-005   1.2230246777707773E-003  -1.3460864052002143E-003  -5.1387279886426125E-007   6.8120225296041717E-006  -5.1941438630460714E-009  -1.3453963781832117E-003   1.5912086197926285E-004  -2.0928690164845262E-003   1.5042012762188933E-006   9.3920732738700188E-009  -1.3477644432839391E-003
 dijxc
  -9.5001510388838979E-003   9.7222706509487639E-002 -0.75971044009892763       -9.2982940545203365E-005   1.2230901575763281E-003  -1.3461341066817202E-003  -5.1389286813839579E-007   6.8122772374812285E-006  -5.1944627341486671E-009  -1.3454439553739189E-003   1.5912952141163843E-004  -2.0929819129114893E-003   1.5043282372679519E-006   9.3926236507544070E-009  -1.3478122915036694E-003
  -9.5001510388838979E-003   9.7222706509487639E-002 -0.75971044009892763       -9.2982940545203365E-005   1.2230901575763281E-003  -1.3461341066817202E-003  -5.1389286813839579E-007   6.8122772374812285E-006  -5.1944627341486671E-009  -1.3454439553739189E-003   1.5912952141163843E-004  -2.0929819129114893E-003   1.5043282372679519E-006   9.3926236507544070E-009  -1.3478122915036694E-003
 dijxc
  -9.4995504027408102E-003   9.7216440979295007E-002 -0.75966208816163583       -9.2951136735300679E-005   1.2226750821880050E-003  -1.3460496613849728E-003  -5.1387997985834652E-007   6.8120663771143696E-006  -5.1928536712334950E-009  -1.3453598955715331E-003   1.5921133433011226E-004  -2.0940455228869075E-003   1.5048902713735167E-006   9.3974449636573856E-009  -1.3477314196049860E-003
  -9.4995504027408102E-003   9.7216440979295007E-002 -0.75966208816163583       -9.2951136735300679E-005   1.2226750821880050E-003  -1.3460496613849728E-003  -5.1387997985834652E-007   6.8120663771143696E-006  -5.1928536712334950E-009  -1.3453598955715331E-003   1.5921133433011226E-004  -2.0940455228869075E-003   1.5048902713735167E-006   9.3974449636573856E-009  -1.3477314196049860E-003
 dijxc
  -9.4998422919695177E-003   9.7219406242334078E-002 -0.75968532926910903       -9.2954288681243384E-005   1.2227181184114643E-003  -1.3460913590839071E-003  -5.1389394801273697E-007   6.8122413573163284E-006  -5.1930148698943169E-009  -1.3454014722720765E-003   1.5922224495226462E-004  -2.0941901750439556E-003   1.5050363081940197E-006   9.3980293939916796E-009  -1.3477733924106932E-003
  -9.4998422919695177E-003   9.7219406242334078E-002 -0.75968532926910903       -9.2954288681243384E-005   1.2227181184114643E-003  -1.3460913590839071E-003  -5.1389394801273697E-007   6.8122413573163284E-006  -5.1930148698943169E-009  -1.3454014722720765E-003   1.5922224495226462E-004  -2.0941901750439556E-003   1.5050363081940197E-006   9.3980293939916796E-009  -1.3477733924106932E-003
 dijxc
  -9.4991604857621280E-003   9.7212431516215753E-002 -0.75963083040994783       -9.2944887187928858E-005   1.2225957124818887E-003  -1.3459947850421917E-003  -5.1385317222279934E-007   6.8117233443507982E-006  -5.1924163050639631E-009  -1.3453051321383603E-003   1.5920242287068310E-004  -2.0939318405064980E-003   1.5047690824559581E-006   9.3967892305870301E-009  -1.3476764271871217E-003
  -9.4991604857621280E-003   9.7212431516215753E-002 -0.75963083040994783       -9.2944887187928858E-005   1.2225957124818887E-003  -1.3459947850421917E-003  -5.1385317222279934E-007   6.8117233443507982E-006  -5.1924163050639631E-009  -1.3453051321383603E-003   1.5920242287068310E-004  -2.0939318405064980E-003   1.5047690824559581E-006   9.3967892305870301E-009  -1.3476764271871217E-003
 dijxc
  -9.4994431966759583E-003   9.7215325308228351E-002 -0.75965344400274293       -9.2948795979469164E-005   1.2226481667038506E-003  -1.3460346755589758E-003  -5.1386863834708638E-007   6.8119157404635005E-006  -5.1926537280708491E-009  -1.3453448863304637E-003   1.5921198137512789E-004  -2.0940583461232110E-003   1.5049182723205374E-006   9.3973510616075674E-009  -1.3477165349999338E-003
  -9.4994431966759583E-003   9.7215325308228351E-002 -0.75965344400274293       -9.2948795979469164E-005   1.2226481667038506E-003  -1.3460346755589758E-003  -5.1386863834708638E-007   6.8119157404635005E-006  -5.1926537280708491E-009  -1.3453448863304637E-003   1.5921198137512789E-004  -2.0940583461232110E-003   1.5049182723205374E-006   9.3973510616075674E-009  -1.3477165349999338E-003
 dijxc
  -9.5001507094674593E-003   9.7222703825546347E-002 -0.75971042123875365       -9.2982935269936122E-005   1.2230900615635514E-003  -1.3461340872905226E-003  -5.1389277658926665E-007   6.8122758827595458E-006  -5.1944628614965701E-009  -1.3454439358982671E-003   1.5912952007069475E-004  -2.0929818490354377E-003   1.5043285082044617E-006   9.3926244314283778E-009  -1.3478122725898863E-003
  -9.5001507094674593E-003   9.7222703825546347E-002 -0.75971042123875365       -9.2982935269936122E-005   1.2230900615635514E-003  -1.3461340872905226E-003  -5.1389277658926665E-007   6.8122758827595458E-006  -5.1944628614965701E-009  -1.3454439358982671E-003   1.5912952007069475E-004  -2.0929818490354377E-003   1.5043285082044617E-006   9.3926244314283778E-009  -1.3478122725898863E-003
 dijxc
  -9.5004881098596956E-003   9.7226163513096903E-002 -0.75973742765403374       -9.2987956947288659E-005   1.2231554490050465E-003  -1.3461816521681417E-003  -5.1391275037459836E-007   6.8125291812082518E-006  -5.1947818528933772E-009  -1.3454913763893506E-003   1.5913817885414693E-004  -2.0930946899322365E-003   1.5044557589563995E-006   9.3931755878054088E-009  -1.3478599847083056E-003
  -9.5004881098596956E-003   9.7226163513096903E-002 -0.75973742765403374       -9.2987956947288659E-005   1.2231554490050465E-003  -1.3461816521681417E-003  -5.1391275037459836E-007   6.8125291812082518E-006  -5.1947818528933772E-009  -1.3454913763893506E-003   1.5913817885414693E-004  -2.0930946899322365E-003   1.5044557589563995E-006   9.3931755878054088E-009  -1.3478599847083056E-003
 dijxc
  -9.4998133221393753E-003   9.7219244263184165E-002 -0.75968341922495541       -9.2977914684694104E-005   1.2230246887131014E-003  -1.3460865408028372E-003  -5.1387280711900061E-007   6.8120226435120706E-006  -5.1941439568155270E-009  -1.3453965137753250E-003   1.5912086242647993E-004  -2.0928690235958564E-003   1.5042012806418408E-006   9.3920733718079452E-009  -1.3477645788713272E-003
  -9.4998133221393753E-003   9.7219244263184165E-002 -0.75968341922495541       -9.2977914684694104E-005   1.2230246887131014E-003  -1.3460865408028372E-003  -5.1387280711900061E-007   6.8120226435120706E-006  -5.1941439568155270E-009  -1.3453965137753250E-003   1.5912086242647993E-004  -2.0928690235958564E-003   1.5042012806418408E-006   9.3920733718079452E-009  -1.3477645788713272E-003
 dijxc
  -9.5001509656998939E-003   9.7222707287208540E-002 -0.75971043453275533       -9.2982941125030106E-005   1.2230901658682419E-003  -1.3461339630416263E-003  -5.1389287243720627E-007   6.8122772989362624E-006  -5.1944627850007434E-009  -1.3454438117264415E-003   1.5912952160899093E-004  -2.0929819167205418E-003   1.5043282383151186E-006   9.3926236822735237E-009  -1.3478121478465478E-003
  -9.5001509656998939E-003   9.7222707287208540E-002 -0.75971043453275533       -9.2982941125030106E-005   1.2230901658682419E-003  -1.3461339630416263E-003  -5.1389287243720627E-007   6.8122772989362624E-006  -5.1944627850007434E-009  -1.3454438117264415E-003   1.5912952160899093E-004  -2.0929819167205418E-003   1.5043282383151186E-006   9.3926236822735237E-009  -1.3478121478465478E-003
 dijxc
  -9.4994442618820882E-003   9.7215332518928846E-002 -0.75965351899414391       -9.2948734069985900E-005   1.2226474690713966E-003  -1.3460350123395469E-003  -5.1386793536495654E-007   6.8119068606697149E-006  -5.1926416358029011E-009  -1.3453452237486385E-003   1.5921183785404320E-004  -2.0940565888085227E-003   1.5049154836801864E-006   9.3973288954885904E-009  -1.3477168678228916E-003
  -9.4994442618820882E-003   9.7215332518928846E-002 -0.75965351899414391       -9.2948734069985900E-005   1.2226474690713966E-003  -1.3460350123395469E-003  -5.1386793536495654E-007   6.8119068606697149E-006  -5.1926416358029011E-009  -1.3453452237486385E-003   1.5921183785404320E-004  -2.0940565888085227E-003   1.5049154836801864E-006   9.3973288954885904E-009  -1.3477168678228916E-003
 dijxc
  -9.4997211750132253E-003   9.7218180503395257E-002 -0.75967574806074967       -9.2953273660807912E-005   1.2227080745967065E-003  -1.3460739429644116E-003  -5.1388262491874089E-007   6.8120881095702865E-006  -5.1929196469477711E-009  -1.3453840034287588E-003   1.5921930357947750E-004  -2.0941557029664866E-003   1.5050567176158160E-006   9.3977792190522905E-009  -1.3477559339141057E-003
  -9.4997211750132253E-003   9.7218180503395257E-002 -0.75967574806074967       -9.2953273660807912E-005   1.2227080745967065E-003  -1.3460739429644116E-003  -5.1388262491874089E-007   6.8120881095702865E-006  -5.1929196469477711E-009  -1.3453840034287588E-003   1.5921930357947750E-004  -2.0941557029664866E-003   1.5050567176158160E-006   9.3977792190522905E-009  -1.3477559339141057E-003
 dijxc
  -9.4990368608675168E-003   9.7211183600388926E-002 -0.75962106460684098       -9.2943731265706728E-005   1.2225833425173981E-003  -1.3459769844792972E-003  -5.1384406097658495E-007   6.8115974372561174E-006  -5.1923417523674215E-009  -1.3452872838588315E-003   1.5920139027615548E-004  -2.0939216977850479E-003   1.5048091837142308E-006   9.3966947151543525E-009  -1.3476586550141760E-003
  -9.4990368608675168E-003   9.7211183600388926E-002 -0.75962106460684098       -9.2943731265706728E-005   1.2225833425173981E-003  -1.3459769844792972E-003  -5.1384406097658495E-007   6.8115974372561174E-006  -5.1923417523674215E-009  -1.3452872838588315E-003   1.5920139027615548E-004  -2.0939216977850479E-003   1.5048091837142308E-006   9.3966947151543525E-009  -1.3476586550141760E-003
 dijxc
  -9.4993043099149028E-003   9.7213956092507839E-002 -0.75964263532283982       -9.2948606048932087E-005   1.2226473782560728E-003  -1.3460140631624340E-003  -5.1386214410311977E-007   6.8118194553845408E-006  -5.1926943528426921E-009  -1.3453242075057794E-003   1.5921050037088954E-004  -2.0940411952141188E-003   1.5049796529845192E-006   9.3973289276522230E-009  -1.3476959253822087E-003
  -9.4993043099149028E-003   9.7213956092507839E-002 -0.75964263532283982       -9.2948606048932087E-005   1.2226473782560728E-003  -1.3460140631624340E-003  -5.1386214410311977E-007   6.8118194553845408E-006  -5.1926943528426921E-009  -1.3453242075057794E-003   1.5921050037088954E-004  -2.0940411952141188E-003   1.5049796529845192E-006   9.3973289276522230E-009  -1.3476959253822087E-003
 dijxc
  -9.5001507339500350E-003   9.7222704213285063E-002 -0.75971041799474048       -9.2982935856991415E-005   1.2230900700425152E-003  -1.3461340541232702E-003  -5.1389278034865796E-007   6.8122759376266141E-006  -5.1944629062060098E-009  -1.3454439027236339E-003   1.5912952026374551E-004  -2.0929818529457985E-003   1.5043285089622197E-006   9.3926244510448337E-009  -1.3478122394048504E-003
  -9.5001507339500350E-003   9.7222704213285063E-002 -0.75971041799474048       -9.2982935856991415E-005   1.2230900700425152E-003  -1.3461340541232702E-003  -5.1389278034865796E-007   6.8122759376266141E-006  -5.1944629062060098E-009  -1.3454439027236339E-003   1.5912952026374551E-004  -2.0929818529457985E-003   1.5043285089622197E-006   9.3926244510448337E-009  -1.3478122394048504E-003
