 dijxc
  -3.2252563392813016E-002 -0.15119040763457064        10.471608840149866       -1.6517413748585812E-004   2.2100564218973705E-003  -3.8392442802780743E-004  -6.8144652760752142E-007   9.1803437874478709E-006  -1.4048826260718845E-008  -3.8100871221405765E-004  -4.9598030095478437E-006   6.6291657542812916E-005  -1.0329124473475841E-007  -2.8834585656693928E-010  -3.8081224385748099E-004
 dijxc
  -3.2252563392813016E-002 -0.15119040763457064        10.471608840149866       -1.6517413748585812E-004   2.2100564218973705E-003  -3.8392442802780743E-004  -6.8144652760752142E-007   9.1803437874478709E-006  -1.4048826260718845E-008  -3.8100871221405765E-004  -4.9598030095478437E-006   6.6291657542812916E-005  -1.0329124473475841E-007  -2.8834585656693928E-010  -3.8081224385748099E-004
 dijxc
  -3.2252847962382730E-002 -0.15118748685604627        10.471589072524571       -1.6518246851394156E-004   2.2101696030889396E-003  -3.8397244056361467E-004  -6.8146899055612553E-007   9.1806427054166090E-006  -1.4049670584876977E-008  -3.8105640178901314E-004  -4.9599594348331382E-006   6.6293780851855422E-005  -1.0329656930789039E-007  -2.8836268719131326E-010  -3.8085998533783248E-004
 dijxc
  -3.2252278694789277E-002 -0.15119332814092457        10.471628605194182       -1.6516580719715761E-004   2.2099432516632066E-003  -3.8387632555988375E-004  -6.8142406558085157E-007   9.1800448854232355E-006  -1.4047982008136124E-008  -3.8096093266986914E-004  -4.9596465966157251E-006   6.6289534433225256E-005  -1.0328592081246457E-007  -2.8832902798357959E-010  -3.8076441241118031E-004
 dijxc
  -3.2252563710238880E-002 -0.15119040567888972        10.471608816755507       -1.6517413224605417E-004   2.2100564118208779E-003  -3.8392453909103874E-004  -6.8144661034459708E-007   9.1803451304115598E-006  -1.4048823872369822E-008  -3.8100882417074864E-004  -4.9598099501972996E-006   6.6291751854099845E-005  -1.0329136540371792E-007  -2.8834643638173566E-010  -3.8081235586125996E-004
 dijxc
  -3.2252563535178469E-002 -0.15119040777755299        10.471608831759458       -1.6517412101590712E-004   2.2100562061145327E-003  -3.8392454848843979E-004  -6.8144650592571000E-007   9.1803434918968761E-006  -1.4048822618665227E-008  -3.8100883360443348E-004  -4.9598057504838517E-006   6.6291713496961321E-005  -1.0329130089188580E-007  -2.8834366134367676E-010  -3.8081237609785426E-004
 dijxc
  -3.2252852683793867E-002 -0.15118745713032755        10.471588801665471       -1.6518262562488587E-004   2.2101724406888151E-003  -3.8397359671532962E-004  -6.8147903175965061E-007   9.1807798155283931E-006  -1.4049832383083863E-008  -3.8105756154272765E-004  -4.9635074099795581E-006   6.6341279167133740E-005  -1.0338228167928309E-007  -2.8867292575300888E-010  -3.8086116435352539E-004
 dijxc
  -3.2252283408183327E-002 -0.15119329823167882        10.471628337875782       -1.6516596328418337E-004   2.2099460721779042E-003  -3.8387744961003412E-004  -6.8143407035075865E-007   9.1801814907105304E-006  -1.4048143129359008E-008  -3.8096206031496276E-004  -4.9631411100492476E-006   6.6336319132125819E-005  -1.0337049083972595E-007  -2.8863475709556923E-010  -3.8076555961103820E-004
 dijxc
  -3.2252571950969929E-002 -0.15119035100252717        10.471608339579074       -1.6517435893778539E-004   2.2100607719206834E-003  -3.8392637127894426E-004  -6.8146352441880431E-007   9.1805764369236626E-006  -1.4049089401560883E-008  -3.8101066394680193E-004  -4.9622045853935481E-006   6.6324238929709565E-005  -1.0336875834660507E-007  -2.8856673569991950E-010  -3.8081421741113384E-004
 dijxc
  -3.2252563485677503E-002 -0.15119040820461696        10.471608836061055       -1.6517413746934084E-004   2.2100564215072585E-003  -3.8392455478689091E-004  -6.8144652719454394E-007   9.1803437812284671E-006  -1.4048826263111037E-008  -3.8100883897210333E-004  -4.9598030066933079E-006   6.6291657500704374E-005  -1.0329124472083636E-007  -2.8834585767573338E-010  -3.8081237061531623E-004
 dijxc
  -3.2252847964973991E-002 -0.15118748719392266        10.471589070238876       -1.6518246840536681E-004   2.2101695990954756E-003  -3.8397248350098209E-004  -6.8146898350787766E-007   9.1806426012246938E-006  -1.4049670595761554E-008  -3.8105644470349620E-004  -4.9599591230528337E-006   6.6293776633818844E-005  -1.0329656397154552E-007  -2.8836266124971298E-010  -3.8086002824824143E-004
 dijxc
  -3.2252278912148401E-002 -0.15119332968864574        10.471628595746063       -1.6516580711354724E-004   2.2099432476939350E-003  -3.8387664386123625E-004  -6.8142405882390310E-007   9.1800447838996673E-006  -1.4047982035177193E-008  -3.8096125094571438E-004  -4.9596462862260785E-006   6.6289530224251998E-005  -1.0328591557999043E-007  -2.8832900179069963E-010  -3.8076473068283326E-004
 dijxc
  -3.2252563645664326E-002 -0.15119040560774877        10.471608820444695       -1.6517413211591090E-004   2.2100564062535874E-003  -3.8392447613132567E-004  -6.8144659986899916E-007   9.1803449757816414E-006  -1.4048823910435071E-008  -3.8100876117248611E-004  -4.9598094154002141E-006   6.6291744635802881E-005  -1.0329135618533149E-007  -2.8834638937652868E-010  -3.8081229285650327E-004
 dijxc
  -3.2252572049119285E-002 -0.15119035238863049        10.471608337255729       -1.6517439776542726E-004   2.2100612747056885E-003  -3.8392654814989118E-004  -6.8146446376695467E-007   9.1805889272574150E-006  -1.4049111610952278E-008  -3.8101083947608423E-004  -4.9637056314541640E-006   6.6344186360951601E-005  -1.0339871776363078E-007  -2.8869532592963345E-010  -3.8081439497749205E-004
 dijxc
  -3.2252860168937830E-002 -0.15118740786880353        10.471588361197227       -1.6518280232899571E-004   2.2101760269403982E-003  -3.8397536640731925E-004  -6.8149387071847723E-007   9.1809829526986843E-006  -1.4050061582253988E-008  -3.8105933856404409E-004  -4.9628205237707764E-006   6.6332782790976463E-005  -1.0339773316862847E-007  -2.8863163975070346E-010  -3.8086294853783968E-004
 dijxc
  -3.2252289991226271E-002 -0.15119325230129416        10.471627952832485       -1.6516605621338064E-004   2.2099484142689470E-003  -3.8387880368591658E-004  -6.8144623671337142E-007   9.1803484047286023E-006  -1.4048321419796592E-008  -3.8096342260761384E-004  -4.9584625587759939E-006   6.6274786195011473E-005  -1.0330636409994229E-007  -2.8825129391609038E-010  -3.8076692328424468E-004
 dijxc
  -3.2252577002774035E-002 -0.15119031614655271        10.471608038793789       -1.6517431059638501E-004   2.2100609802389063E-003  -3.8392755284233652E-004  -6.8147100565683299E-007   9.1806796861474746E-006  -1.4049180439299813E-008  -3.8101185471292392E-004  -4.9504965303502847E-006   6.6169314222315102E-005  -1.0316411863953980E-007  -2.8758018366273097E-010  -3.8081539980053432E-004
 dijxc
  -3.2252563314442595E-002 -0.15119040816368323        10.471608836987002       -1.6517413736278930E-004   2.2100564152253070E-003  -3.8392443860815165E-004  -6.8144651592071604E-007   9.1803436116252017E-006  -1.4048826320599745E-008  -3.8100872274765465E-004  -4.9598024440392993E-006   6.6291649880690501E-005  -1.0329123518701772E-007  -2.8834580881235821E-010  -3.8081225438362138E-004
 dijxc
  -3.2252847978906471E-002 -0.15118748773027813        10.471589070734153       -1.6518246828512464E-004   2.2101695912851893E-003  -3.8397253875020385E-004  -6.8146896864787574E-007   9.1806423788280620E-006  -1.4049670675585343E-008  -3.8105649989159010E-004  -4.9599583367229142E-006   6.6293766003085950E-005  -1.0329655053307102E-007  -2.8836259134531335E-010  -3.8086008342668506E-004
 dijxc
  -3.2252278695802064E-002 -0.15119332853541093        10.471628608811107       -1.6516580702744587E-004   2.2099432415911631E-003  -3.8387634728555644E-004  -6.8142404635424795E-007   9.1800445987055797E-006  -1.4047982107606058E-008  -3.8096095431812351E-004  -4.9596455773998762E-006   6.6289520662247815E-005  -1.0328590333547831E-007  -2.8832893767744994E-010  -3.8076443404700040E-004
 dijxc
  -3.2252563734062198E-002 -0.15119040648927665        10.471608816167656       -1.6517413216122584E-004   2.2100564009811712E-003  -3.8392463377835294E-004  -6.8144658796667091E-007   9.1803447950093961E-006  -1.4048824049014654E-008  -3.8100891875487660E-004  -4.9598086241728137E-006   6.6291733954980349E-005  -1.0329134266166000E-007  -2.8834631658094782E-010  -3.8081245042983461E-004
 dijxc
  -3.2252577172313592E-002 -0.15119031858119641        10.471608026890502       -1.6517434719802185E-004   2.2100614519930980E-003  -3.8392791658496217E-004  -6.8147188721944627E-007   9.1806913968077177E-006  -1.4049201390421250E-008  -3.8101221716657500E-004  -4.9519209257626629E-006   6.6188238988285403E-005  -1.0319247721666031E-007  -2.8770226135010309E-010  -3.8081576429078859E-004
 dijxc
  -3.2252862599919475E-002 -0.15118738597667417        10.471588206707425       -1.6518254824692702E-004   2.2101731257348810E-003  -3.8397567012309628E-004  -6.8149450303858841E-007   9.1809931354435006E-006  -1.4050025179056923E-008  -3.8105965288980656E-004  -4.9408343726544701E-006   6.6041312425437219E-005  -1.0298774026118481E-007  -2.8676321053077800E-010  -3.8086324013802627E-004
 dijxc
  -3.2252292233392391E-002 -0.15119323423835679        10.471627806480685       -1.6516579620396359E-004   2.2099453640506816E-003  -3.8387933700724313E-004  -6.8144625740973856E-007   9.1803501102534482E-006  -1.4048277028719087E-008  -3.8096396573262170E-004  -4.9353882769530320E-006   6.5968918578234123E-005  -1.0287521258957640E-007  -2.8628859014061665E-010  -3.8076744174419196E-004
 dijxc
  -3.2252576784472742E-002 -0.15119031103824504        10.471608031184918       -1.6517393726721405E-004   2.2100560612676131E-003  -3.8392729326489072E-004  -6.8146620334485598E-007   9.1806153754824676E-006  -1.4049055156554807E-008  -3.8101160346840437E-004  -4.9198428767463605E-006   6.5762888500285523E-005  -1.0258250226740327E-007  -2.8496459435881060E-010  -3.8081511267839836E-004
 dijxc
  -3.2252563349281005E-002 -0.15119040868740605        10.471608839479574       -1.6517413731377727E-004   2.2100564096030353E-003  -3.8392449835543266E-004  -6.8144650293570212E-007   9.1803434202262759E-006  -1.4048826415482354E-008  -3.8100878243720114E-004  -4.9598016273507525E-006   6.6291638888663063E-005  -1.0329122097713202E-007  -2.8834573315576429E-010  -3.8081231406423654E-004
 dijxc
  -3.2252847890208838E-002 -0.15118748787939973        10.471589075443951       -1.6518246840876289E-004   2.2101695872197430E-003  -3.8397247560367255E-004  -6.8146895805431419E-007   9.1806422170022429E-006  -1.4049670857130678E-008  -3.8105643667606494E-004  -4.9599575084263553E-006   6.6293754839856918E-005  -1.0329653639064708E-007  -2.8836251294307185E-010  -3.8086002020205640E-004
 dijxc
  -3.2252278703978773E-002 -0.15119332927963952        10.471628607044977       -1.6516580722705725E-004   2.2099432389993171E-003  -3.8387642725682531E-004  -6.8142403844116515E-007   9.1800444745354878E-006  -1.4047982309231508E-008  -3.8096103422403666E-004  -4.9596448601729485E-006   6.6289510989155708E-005  -1.0328589122545764E-007  -2.8832886895649714E-010  -3.8076451394500029E-004
 dijxc
  -3.2252563648055330E-002 -0.15119040656287580        10.471608823114277       -1.6517413249689152E-004   2.2100564012280006E-003  -3.8392455073753230E-004  -6.8144658379605294E-007   9.1803447257376526E-006  -1.4048824281550010E-008  -3.8100883565379297E-004  -4.9598080157769625E-006   6.6291725763331356E-005  -1.0329133246881852E-007  -2.8834625502849307E-010  -3.8081236732243962E-004
 dijxc
  -3.2252576694999577E-002 -0.15119031261728511        10.471608043369173       -1.6517394380384612E-004   2.2100561122753992E-003  -3.8392733309072942E-004  -6.8146629730319120E-007   9.1806164929092788E-006  -1.4049059588002633E-008  -3.8101164268535285E-004  -4.9201689490004589E-006   6.5767195844361123E-005  -1.0258877231368445E-007  -2.8499293103446731E-010  -3.8081515248734649E-004
 dijxc
  -3.2252859830615516E-002 -0.15118739973280199        10.471588341033861       -1.6518202462691552E-004   2.2101657651245723E-003  -3.8397512802902753E-004  -6.8148351545453395E-007   9.1808442839024527E-006  -1.4049794611339168E-008  -3.8105911769583951E-004  -4.9005720255488060E-006   6.5507396001957444E-005  -1.0221558674147904E-007  -2.8332019688752317E-010  -3.8086265481838705E-004
 dijxc
  -3.2252289637555658E-002 -0.15119324615450591        10.471627932070904       -1.6516535455609365E-004   2.2099391196239546E-003  -3.8387874155537585E-004  -6.8143710682792058E-007   9.1802258551386060E-006  -1.4048087477530141E-008  -3.8096337483039166E-004  -4.8976648901936809E-006   6.5468833343991623E-005  -1.0215447178842233E-007  -2.8306136940104235E-010  -3.8076680389838215E-004
 dijxc
  -3.2252572467358506E-002 -0.15119033447479679        10.471608262587424       -1.6517352468540120E-004   2.2100499084264642E-003  -3.8392630105950408E-004  -6.8145551508077957E-007   9.1804691985647684E-006  -1.4048856571636282E-008  -3.8101061053991939E-004  -4.8793398515413200E-006   6.5226170449051847E-005  -1.0180837366857169E-007  -2.8149256446514194E-010  -3.8081406787275835E-004
 dijxc
  -3.2252563306910911E-002 -0.15119040852752924        10.471608845718327       -1.6517413767091994E-004   2.2100564098635187E-003  -3.8392443152909187E-004  -6.8144649882315419E-007   9.1803433506224311E-006  -1.4048826660710339E-008  -3.8100871554787828E-004  -4.9598010069023518E-006   6.6291630528866443E-005  -1.0329121062582456E-007  -2.8834567056817753E-010  -3.8081224716841715E-004
 dijxc
  -3.2252847890589353E-002 -0.15118748843293764        10.471589074313803       -1.6518246896406080E-004   2.2101695913529047E-003  -3.8397252550422618E-004  -6.8146895973785200E-007   9.1806422305312429E-006  -1.4049671154147730E-008  -3.8105648652025958E-004  -4.9599570914859719E-006   6.6293749225933570E-005  -1.0329652975254591E-007  -2.8836246587309389E-010  -3.8086007004222865E-004
 dijxc
  -3.2252278584651371E-002 -0.15119332806440547        10.471628621815240       -1.6516580775826264E-004   2.2099432434238607E-003  -3.8387617953552556E-004  -6.8142404064114456E-007   9.1800444973665731E-006  -1.4047982579927977E-008  -3.8096078645368436E-004  -4.9596445275281439E-006   6.6289506511721036E-005  -1.0328588602255057E-007  -2.8832882921950286E-010  -3.8076426617143961E-004
 dijxc
  -3.2252563596637349E-002 -0.15119040650527987        10.471608823927676       -1.6517413311857739E-004   2.2100564081903276E-003  -3.8392451016313332E-004  -6.8144658966434601E-007   9.1803448034678705E-006  -1.4048824551442380E-008  -3.8100879504186953E-004  -4.9598079170512490E-006   6.6291724434077755E-005  -1.0329133148228681E-007  -2.8834623374211980E-010  -3.8081232670965847E-004
 dijxc
  -3.2252571932385621E-002 -0.15119033644014901        10.471608290951600       -1.6517349861160758E-004   2.2100494920917297E-003  -3.8392605030622808E-004  -6.8145471436212184E-007   9.1804582422761797E-006  -1.4048843002212017E-008  -3.8101035978076712E-004  -4.8783497196396522E-006   6.5212976777256015E-005  -1.0178836139268411E-007  -2.8140841478278230E-010  -3.8081381585203722E-004
 dijxc
  -3.2252853595720610E-002 -0.15118743466149101        10.471588680984031       -1.6518166618107052E-004   2.2101600291171454E-003  -3.8397359478394314E-004  -6.8147171677147131E-007   9.1806818637082254E-006  -1.4049598114428774E-008  -3.8105757751017875E-004  -4.8579238225093691E-006   6.4942533119190181E-005  -1.0140150939421421E-007  -2.7965660892318867E-010  -3.8086105844544230E-004
 dijxc
  -3.2252284206739604E-002 -0.15119327638048194        10.471628232062441       -1.6516510011822298E-004   2.2099348830277501E-003  -3.8387737687751999E-004  -6.8142808777553424E-007   9.1801010028656986E-006  -1.4047946518698787E-008  -3.8096200136127339E-004  -4.8593075957691939E-006   6.4961013859826878E-005  -1.0142610225959009E-007  -2.7976414779391376E-010  -3.8076538022171872E-004
 dijxc
  -3.2252566665074214E-002 -0.15119036891647941        10.471608581186748       -1.6517343839566221E-004   2.2100478290160894E-003  -3.8392496363333210E-004  -6.8144898476215429E-007   9.1803770989594537E-006  -1.4048783264528812E-008  -3.8100925742540822E-004  -4.8448818821273422E-006   6.4770448302008693E-005  -1.0115992341744121E-007  -2.7852121416904478E-010  -3.8081266913227835E-004
 dijxc
  -3.2252563309263065E-002 -0.15119040871483547        10.471608845770893       -1.6517413833243134E-004   2.2100564170176931E-003  -3.8392444617415991E-004  -6.8144650559385224E-007   9.1803434390151489E-006  -1.4048826956186691E-008  -3.8100873015273391E-004  -4.9598009217302159E-006   6.6291629370936531E-005  -1.0329120998398634E-007  -2.8834565062877990E-010  -3.8081226177242189E-004
 dijxc
  -3.2252847925260654E-002 -0.15118748845680580        10.471589074114789       -1.6518246964785467E-004   2.2101696013714263E-003  -3.8397255219542144E-004  -6.8146897054787430E-007   9.1806423838004825E-006  -1.4049671400444990E-008  -3.8105651319493973E-004  -4.9599573134352873E-006   6.6293752224534734E-005  -1.0329653440126200E-007  -2.8836247029595976E-010  -3.8086009671946621E-004
 dijxc
  -3.2252278616688487E-002 -0.15119332890437828        10.471628612903277       -1.6516580833996430E-004   2.2099432520976650E-003  -3.8387631188762446E-004  -6.8142404952450254E-007   9.1800446247574366E-006  -1.4047982783708010E-008  -3.8096091879286607E-004  -4.9596447584735141E-006   6.6289509626260695E-005  -1.0328589078483982E-007  -2.8832883464145438E-010  -3.8076439851293361E-004
 dijxc
  -3.2252563622388271E-002 -0.15119040669686135        10.471608821851277       -1.6517413364228534E-004   2.2100564162742453E-003  -3.8392455201771095E-004  -6.8144659907773243E-007   9.1803449386079742E-006  -1.4048824723872548E-008  -3.8100883689282745E-004  -4.9598083809718592E-006   6.6291730643498563E-005  -1.0329134061715980E-007  -2.8834625858286816E-010  -3.8081236856416770E-004
 dijxc
  -3.2252566064305051E-002 -0.15119037288194295        10.471608612377739       -1.6517340526004017E-004   2.2100472864561380E-003  -3.8392485488014812E-004  -6.8144787575141444E-007   9.1803618919465773E-006  -1.4048765133715862E-008  -3.8100914847316136E-004  -4.8433025615564762E-006   6.4749451917283502E-005  -1.0112845961558184E-007  -2.7838641655251297E-010  -3.8081255796204442E-004
 dijxc
  -3.2252847888234973E-002 -0.15118746909107239        10.471589012643062       -1.6518181563536310E-004   2.2101610745673857E-003  -3.8397216108874857E-004  -6.8146949819873749E-007   9.1806471510901830E-006  -1.4049629347143223E-008  -3.8105612000171555E-004  -4.8302008301060525E-006   6.4576618045579314E-005  -1.0089004336227551E-007  -2.7725304769055856E-010  -3.8085956370391665E-004
 dijxc
  -3.2252279425907096E-002 -0.15119330568085665        10.471628503424910       -1.6516528635206185E-004   2.2099365690287438E-003  -3.8387625319444589E-004  -6.8142742317607867E-007   9.1800876936411367E-006  -1.4048001576714176E-008  -3.8096085472900238E-004  -4.8345804752081404E-006   6.4634781109778100E-005  -1.0097323736862573E-007  -2.7761772413878780E-010  -3.8076420092951241E-004
 dijxc
  -3.2252563010566948E-002 -0.15119039265590323        10.471608794038097       -1.6517380355736048E-004   2.2100520704913373E-003  -3.8392414306261406E-004  -6.8145247379093112E-007   9.1804199506873824E-006  -1.4048923393492027E-008  -3.8100841027388719E-004  -4.8279819323098229E-006   6.4548216828942760E-005  -1.0086323627202616E-007  -2.7703893752904632E-010  -3.8081180007660143E-004
 dijxc
  -3.2252563169892848E-002 -0.15119040782169274        10.471608851792418       -1.6517413887954664E-004   2.2100564258674842E-003  -3.8392425301100972E-004  -6.8144651586896942E-007   9.1803435875814651E-006  -1.4048827126348859E-008  -3.8100853698894242E-004  -4.9598014117529704E-006   6.6291635941411692E-005  -1.0329121951646024E-007  -2.8834567751404498E-010  -3.8081206861269551E-004
 dijxc
  -3.2252847916205751E-002 -0.15118748859752834        10.471589069942718       -1.6518247004295770E-004   2.2101696088697846E-003  -3.8397257598417973E-004  -6.8146897996018181E-007   9.1806425233479324E-006  -1.4049671489243148E-008  -3.8105653699918400E-004  -4.9599580425017544E-006   6.6293761981693668E-005  -1.0329654823362643E-007  -2.8836251701026009E-010  -3.8086012052914809E-004
 dijxc
  -3.2252278674271884E-002 -0.15119332932389318        10.471628609320133       -1.6516580863839772E-004   2.2099432574126123E-003  -3.8387639976878297E-004  -6.8142405638828421E-007   9.1800447263233091E-006  -1.4047982855664680E-008  -3.8096100668593498E-004  -4.9596454189004063E-006   6.6289518441771909E-005  -1.0328590343562750E-007  -2.8832887590410374E-010  -3.8076448641028500E-004
 dijxc
  -3.2252563613444502E-002 -0.15119040652227755        10.471608820593572       -1.6517413366858521E-004   2.2100564188322113E-003  -3.8392453368752419E-004  -6.8144660262119958E-007   9.1803449989765341E-006  -1.4048824681886281E-008  -3.8100881859107726E-004  -4.9598091364021641E-006   6.6291740736533884E-005  -1.0329135473985637E-007  -2.8834630699423984E-010  -3.8081235026719417E-004
 dijxc
  -3.2252562413788662E-002 -0.15119039693684738        10.471608830850688       -1.6517379651660225E-004   2.2100518624466685E-003  -3.8392403748928371E-004  -6.8145185738771813E-007   9.1804112499412347E-006  -1.4048917802622263E-008  -3.8100830347468652E-004  -4.8269325519151339E-006   6.4534319070196536E-005  -1.0084283061171497E-007  -2.7694890440951199E-010  -3.8081169164283306E-004
 dijxc
  -3.2252846081235985E-002 -0.15118748337814375        10.471589120687520       -1.6518241118722310E-004   2.2101686712437201E-003  -3.8397187878790333E-004  -6.8147892174117843E-007   9.1807704409548202E-006  -1.4049886182801354E-008  -3.8105580746123008E-004  -4.8241653858030343E-006   6.4498682154117052E-005  -1.0080961796731871E-007  -2.7669510805129567E-010  -3.8085924434755217E-004
 dijxc
  -3.2252278230324651E-002 -0.15119331516376699        10.471628581856915       -1.6516581283183726E-004   2.2099433517365603E-003  -3.8387603939091025E-004  -6.8143606570579773E-007   9.1802010887274094E-006  -1.4048230921598672E-008  -3.8096061451062008E-004  -4.8282617934349182E-006   6.4552826040523378E-005  -1.0088514937131479E-007  -2.7703799258673346E-010  -3.8076395399951925E-004
 dijxc
  -3.2252563650614498E-002 -0.15119039028558878        10.471608765380511       -1.6517436497575462E-004   2.2100596417541449E-003  -3.8392431154882461E-004  -6.8146348877501499E-007   9.1805665479246361E-006  -1.4049181731200145E-008  -3.8100855589585708E-004  -4.8282288869955057E-006   6.4553036600348054E-005  -1.0090282198741186E-007  -2.7702023713148707E-010  -3.8081194861063600E-004
 dijxc
  -3.2252563395637417E-002 -0.15119040918629373        10.471608839511093       -1.6517413890107803E-004   2.2100564286749503E-003  -3.8392456954807657E-004  -6.8144651961849099E-007   9.1803436520068554E-006  -1.4048827071405754E-008  -3.8100885355782810E-004  -4.9598021960464651E-006   6.6291646426980811E-005  -1.0329123409853908E-007  -2.8834572826638251E-010  -3.8081238518670112E-004
 dijxc
  -3.2252847855794992E-002 -0.15118748779945501        10.471589077942841       -1.6518246972368190E-004   2.2101696071892586E-003  -3.8397242987522418E-004  -6.8146897852710826E-007   9.1806425180683641E-006  -1.4049671313048205E-008  -3.8105639093487817E-004  -4.9599588644822885E-006   6.6293772956412753E-005  -1.0329656330899578E-007  -2.8836257048908377E-010  -3.8085997446949522E-004
 dijxc
  -3.2252278731470373E-002 -0.15119332938833396        10.471628608587537       -1.6516580831593783E-004   2.2099432547226547E-003  -3.8387644066743441E-004  -6.8142405391388095E-007   9.1800447029612849E-006  -1.4047982705493633E-008  -3.8096104762048338E-004  -4.9596461296270499E-006   6.6289527909872963E-005  -1.0328591659424593E-007  -2.8832892030739249E-010  -3.8076452734839815E-004
 dijxc
  -3.2252563631719640E-002 -0.15119040644318965        10.471608822764926       -1.6517413303357502E-004   2.2100564122284694E-003  -3.8392452601620814E-004  -6.8144659599910129E-007   9.1803449205311916E-006  -1.4048824433966912E-008  -3.8100881096715027E-004  -4.9598097686697153E-006   6.6291749162739852E-005  -1.0329136610193096E-007  -2.8834634386995914E-010  -3.8081234264619854E-004
 dijxc
  -3.2252563116590034E-002 -0.15119039332431095        10.471608803157135       -1.6517439735659378E-004   2.2100599758568765E-003  -3.8392410718845495E-004  -6.8146374437972354E-007   9.1805695354053586E-006  -1.4049195255329616E-008  -3.8100834920993967E-004  -4.8283990411503784E-006   6.4555389988877964E-005  -1.0090701327937242E-007  -2.7703395416658990E-010  -3.8081174194767148E-004
 dijxc
  -3.2252849287831585E-002 -0.15118746583181508        10.471588945818503       -1.6518299391797870E-004   2.2101769535271916E-003  -3.8397272399398456E-004  -6.8149271434119207E-007   9.1809561281307573E-006  -1.4050173619290938E-008  -3.8105663533480631E-004  -4.8321534272360569E-006   6.4605721379017484E-005  -1.0099877622550625E-007  -2.7733968391413844E-010  -3.8086008666774330E-004
 dijxc
  -3.2252281411789825E-002 -0.15119329797035941        10.471628399245162       -1.6516626872551800E-004   2.2099499378980003E-003  -3.8387699109669138E-004  -6.8144752223762743E-007   9.1803556817380519E-006  -1.4048462915646983E-008  -3.8096155323292440E-004  -4.8331407310563997E-006   6.4618311262063999E-005  -1.0101080548680329E-007  -2.7741968032939855E-010  -3.8076490301275259E-004
 dijxc
  -3.2252568338232979E-002 -0.15119036126502713        10.471608498518627       -1.6517465938936147E-004   2.2100643548775096E-003  -3.8392543660627698E-004  -6.8147377581555615E-007   9.1807070542862815E-006  -1.4049360393274313E-008  -3.8100967791966178E-004  -4.8345899426323579E-006   6.4637377248609343E-005  -1.0105252141078215E-007  -2.7753362584801387E-010  -3.8081308345282172E-004
 dijxc
  -3.2252563345168093E-002 -0.15119040903940384        10.471608840366850       -1.6517413827309458E-004   2.2100564216092243E-003  -3.8392451817520425E-004  -6.8144651247647827E-007   9.1803435642457023E-006  -1.4048826834339128E-008  -3.8100880222803222E-004  -4.9598028384198173E-006   6.6291654968698681E-005  -1.0329124580341797E-007  -2.8834576644685076E-010  -3.8081233385948532E-004
