 dijxc
  0.32075155252384513       -2.9668290188298774        24.983602815709084       -5.8408098947864690E-006   3.9642118242198338E-005  -1.1534109727903974E-002  -1.3131440325501935E-007   1.2280586967673484E-006   2.0156087877441430E-008  -1.0855418343884683E-002  -1.8712325454622147E-007   1.7424973421875413E-006  -3.9148102054592114E-009  -1.9426447662266975E-008  -1.1584380114003735E-002   5.9890086494573992E-005  -4.6824963123906081E-004 -0.36266290024257863       -1.0800373950657144E-007   2.6968365435383664E-008   6.4192060539097593        6.8078065564604021E-007  -6.6868030809451111E-006  -1.0800373950657144E-007 -0.36670944293326868        1.0447177235065812E-007   6.1850290199003892E-007   6.4418382999850827        9.8274846398504497E-007  -9.6039369639818103E-006   2.6968365435383664E-008   1.0447177235065812E-007 -0.36236542971259333       -1.4762973792341658E-007  -5.9771417874426624E-007   6.4175400767880380     
 dijxc
  0.32075155252384513       -2.9668290188298774        24.983602815709084       -5.8408098947864690E-006   3.9642118242198338E-005  -1.1534109727903974E-002  -1.3131440325501935E-007   1.2280586967673484E-006   2.0156087877441430E-008  -1.0855418343884683E-002  -1.8712325454622147E-007   1.7424973421875413E-006  -3.9148102054592114E-009  -1.9426447662266975E-008  -1.1584380114003735E-002   5.9890086494573992E-005  -4.6824963123906081E-004 -0.36266290024257863       -1.0800373950657144E-007   2.6968365435383664E-008   6.4192060539097593        6.8078065564604021E-007  -6.6868030809451111E-006  -1.0800373950657144E-007 -0.36670944293326868        1.0447177235065812E-007   6.1850290199003892E-007   6.4418382999850827        9.8274846398504497E-007  -9.6039369639818103E-006   2.6968365435383664E-008   1.0447177235065812E-007 -0.36236542971259333       -1.4762973792341658E-007  -5.9771417874426624E-007   6.4175400767880380     
 dijxc
  0.32075368264672321       -2.9668496144693361        24.983798322647630       -5.8413101799634196E-006   3.9649471636701603E-005  -1.1534960092243640E-002  -1.3134322992405148E-007   1.2283371946580038E-006   2.0155698186813333E-008  -1.0856121409569167E-002  -1.8716632427868224E-007   1.7429105271806091E-006  -3.9144514841904067E-009  -1.9426054035643390E-008  -1.1585241073697253E-002   5.9888115163565377E-005  -4.6824818134162216E-004 -0.36265748731749364       -1.0800211456807364E-007   2.6966035801368924E-008   6.4191788399141529        6.8093735990405934E-007  -6.6883607345537692E-006  -1.0800211456807364E-007 -0.36670487463407658        1.0447004072346171E-007   6.1849452287731768E-007   6.4418156572175054        9.8298693984344905E-007  -9.6062908897854436E-006   2.6966035801368924E-008   1.0447004072346171E-007 -0.36235995580467656       -1.4761389448194070E-007  -5.9770502996647109E-007   6.4175125319641397     
 dijxc
  0.32074942287839742       -2.9668084276701787        24.983407350674440       -5.8403087320318338E-006   3.9634759510101940E-005  -1.1533259409421043E-002  -1.3128557063637467E-007   1.2277801510199885E-006   2.0156479762884832E-008  -1.0854715323486197E-002  -1.8708021023400344E-007   1.7420843866282669E-006  -3.9151759144203460E-009  -1.9426840989695396E-008  -1.1583519200951409E-002   5.9892047887570281E-005  -4.6825100613988909E-004 -0.36266831283581880       -1.0800537722700503E-007   2.6970735911215653E-008   6.4192332671610419        6.8062391786354430E-007  -6.6852451388987918E-006  -1.0800537722700503E-007 -0.36671401088933253        1.0447350228627189E-007   6.1851135247635903E-007   6.4418609418436521        9.8251015576355320E-007  -9.6015845808746658E-006   2.6970735911215653E-008   1.0447350228627189E-007 -0.36237090328494792       -1.4764581011266258E-007  -5.9772331752873469E-007   6.4175676208541663     
 dijxc
  0.32075155085409562       -2.9668290009915670        24.983602621260317       -5.8407012202655537E-006   3.9641252929181656E-005  -1.1534110416427115E-002  -1.3131434581048733E-007   1.2280581516336442E-006   2.0156094941770739E-008  -1.0855418934082262E-002  -1.8712323339210375E-007   1.7424970892070214E-006  -3.9148232257366285E-009  -1.9426447615075392E-008  -1.1584380793407068E-002   5.9889222966478568E-005  -4.6824234295709220E-004 -0.36266289690815051       -1.0800377989448668E-007   2.6968442311526743E-008   6.4192060372802420        6.8078034607013758E-007  -6.6868000512320713E-006  -1.0800377989448668E-007 -0.36670944019293672        1.0447177172098087E-007   6.1850313113485730E-007   6.4418382867861501        9.8274842345499087E-007  -9.6039362225222551E-006   2.6968442311526743E-008   1.0447177172098087E-007 -0.36236542643598219       -1.4763016641761840E-007  -5.9771417431409503E-007   6.4175400604706834     
 dijxc
  0.32075155245796072       -2.9668290184730584        24.983602818451971       -5.8407549980938738E-006   3.9641582850757731E-005  -1.1534108929291735E-002  -1.3131439750369449E-007   1.2280586398400135E-006   2.0156092448436191E-008  -1.0855417528139330E-002  -1.8712327049405762E-007   1.7424974659591050E-006  -3.9148093862128169E-009  -1.9426437405144920E-008  -1.1584379091987750E-002   5.9889865432334210E-005  -4.6824730796137117E-004 -0.36266290510064964       -1.0800376545799009E-007   2.6968355247821304E-008   6.4192060799309703        6.8078062863103376E-007  -6.6868027919549023E-006  -1.0800376545799009E-007 -0.36670944785139042        1.0447171355788025E-007   6.1850305157019128E-007   6.4418383263598518        9.8274854962645155E-007  -9.6039376237133774E-006   2.6968355247821304E-008   1.0447171355788025E-007 -0.36236543558893092       -1.4762968242036624E-007  -5.9771383474168810E-007   6.4175401079568095     
 dijxc
  0.32075368261763110       -2.9668496144796381        24.983798329069906       -5.8412570610260364E-006   3.9648951938636733E-005  -1.1534959282404618E-002  -1.3134287438056148E-007   1.2283339896276981E-006   2.0155464571460327E-008  -1.0856120582690941E-002  -4.1446577625948225E-007   3.7371542930164596E-006  -3.1159288437929527E-008  -1.9426608666592807E-008  -1.1585240044851765E-002   5.9887905156768377E-005  -4.6824596107407026E-004 -0.36265749223577304       -1.0800084866820856E-007   1.8827194435730744E-007   6.4191788663029481        6.8093528806420903E-007  -6.6883411911484739E-006  -1.0800084866820856E-007 -0.36670487961089904        1.0447525765328440E-007   6.1848731592672406E-007   6.4418156839485716        2.4199876313217906E-006  -2.2636267271942206E-005   1.8827194435730744E-007   1.0447525765328440E-007 -0.36235996170658302       -1.0508841917357658E-006  -5.9774144603818754E-007   6.4175125632812833     
 dijxc
  0.32074942283193902       -2.9668084275324738        24.983407355674405       -5.8402565817632332E-006   3.9634248159994893E-005  -1.1533258613621845E-002  -1.3128521457731840E-007   1.2277769402623034E-006   2.0156246847246046E-008  -1.0854714510851987E-002  -4.1390236799642910E-007   3.7318002125805656E-006  -3.1169089689664388E-008  -1.9427400979719978E-008  -1.1583518197544565E-002   5.9891844416380873E-005  -4.6824884537868762E-004 -0.36266831768446051       -1.0800411511071998E-007   1.8833257582186004E-007   6.4192332931594773        6.8062184485087968E-007  -6.6852255783948539E-006  -1.0800411511071998E-007 -0.36671401579585555        1.0447874201912059E-007   6.1850416684973907E-007   6.4418609681815822        2.4170948265159911E-006  -2.2607602969719187E-005   1.8833257582186004E-007   1.0447874201912059E-007 -0.36237090906256664       -1.0512417128397458E-006  -5.9775984697718046E-007   6.4175676514930480     
 dijxc
  0.32075155081364742       -2.9668290008974112        24.983602626333866       -5.8406519257005918E-006   3.9640766071237560E-005  -1.1534109623988903E-002  -1.3131357435345875E-007   1.2280511359074531E-006   2.0155688116015097E-008  -1.0855418125945725E-002  -6.2739672572393344E-007   5.5934205218332948E-006  -5.8499317015084974E-008  -1.9428093893469792E-008  -1.1584379818354494E-002   5.9889038746156059E-005  -4.6824035629369201E-004 -0.36266290175049165       -1.0800157989778827E-007   3.5006734235011292E-007   6.4192060633369348        6.8077597007182562E-007  -6.6867584879153783E-006  -1.0800157989778827E-007 -0.36670944508632575        1.0448491128763557E-007   6.1849059804583504E-007   6.4418383131419050        3.7897263504096751E-006  -3.4979969770748959E-005   3.5006734235011292E-007   1.0448491128763557E-007 -0.36236543206581295       -1.9570637632517410E-006  -5.9780186977883612E-007   6.4175400903531248     
 dijxc
  0.32075155252692233       -2.9668290188319886        24.983602815725085       -5.8408096871076767E-006   3.9642116425974165E-005  -1.1534109727042149E-002  -1.3131437775308463E-007   1.2280584640624156E-006   2.0156092686437467E-008  -1.0855418343026849E-002  -1.8712328300361169E-007   1.7424975778089794E-006  -3.9148244326514476E-009  -1.9426447505466999E-008  -1.1584380113115071E-002   5.9890085166596619E-005  -4.6824961917453240E-004 -0.36266290023289066       -1.0800376745821380E-007   2.6968448805828954E-008   6.4192060538646398        6.8078051230513890E-007  -6.6868017245020661E-006  -1.0800376745821380E-007 -0.36670944292351315        1.0447177147046563E-007   6.1850305915914232E-007   6.4418382999394801        9.8274867198373557E-007  -9.6039387632858124E-006   2.6968448805828954E-008   1.0447177147046563E-007 -0.36236542970306845       -1.4763020589086810E-007  -5.9771417376535988E-007   6.4175400767438369     
 dijxc
  0.32075368265176590       -2.9668496145989702        24.983798324114819       -5.8413103497289028E-006   3.9649473250614857E-005  -1.1534960096854188E-002  -1.3134317941495485E-007   1.2283367341825778E-006   2.0155707814355046E-008  -1.0856121414349787E-002  -1.8716638169650601E-007   1.7429110035206437E-006  -3.9144798670152337E-009  -1.9426053728159223E-008  -1.1585241078177079E-002   5.9888115998922287E-005  -4.6824818956693788E-004 -0.36265748731912339       -1.0800217050255282E-007   2.6966202156199205E-008   6.4191788398805176        6.8093707531234291E-007  -6.6883580437697104E-006  -1.0800217050255282E-007 -0.36670487463430212        1.0447003898297145E-007   6.1849483737534327E-007   6.4418156571753267        9.8298735792548359E-007  -9.6062945111560725E-006   2.6966202156199205E-008   1.0447003898297145E-007 -0.36235995580704083       -1.4761482823668260E-007  -5.9770502012446578E-007   6.4175125319347401     
 dijxc
  0.32074942289003588       -2.9668084278061890        24.983407352270525       -5.8403089039619275E-006   3.9634761146337798E-005  -1.1533259408685145E-002  -1.3128552045648854E-007   1.2277796932645168E-006   2.0156489369836746E-008  -1.0854715322930968E-002  -1.8708026705978549E-007   1.7420848574853196E-006  -3.9152042466970674E-009  -1.9426840659685685E-008  -1.1583519200084012E-002   5.9892048735808807E-005  -4.6825101448999133E-004 -0.36266831283809248       -1.0800543300769906E-007   2.6970901978710196E-008   6.4192332671702861        6.8062363558187518E-007  -6.6852424677120633E-006  -1.0800543300769906E-007 -0.36671401089020411        1.0447350040421601E-007   6.1851166615012108E-007   6.4418609418443529        9.8251057050743640E-007  -9.6015881705802910E-006   2.6970901978710196E-008   1.0447350040421601E-007 -0.36237090328795724       -1.4764674226016957E-007  -5.9772330690167712E-007   6.4175676208676542     
 dijxc
  0.32075155087355989       -2.9668290012219889        24.983602623862378       -5.8407017308685814E-006   3.9641257677842370E-005  -1.1534110415954126E-002  -1.3131427160958564E-007   1.2280574742918082E-006   2.0156109294059396E-008  -1.0855418933998863E-002  -1.8712331714192899E-007   1.7424977820235971E-006  -3.9148655575987574E-009  -1.9426447060304717E-008  -1.1584380792711117E-002   5.9889225685150197E-005  -4.6824236914926916E-004 -0.36266289690817688       -1.0800386314870476E-007   2.6968690470935266E-008   6.4192060372400199        6.8077992966057944E-007  -6.6867961059056940E-006  -1.0800386314870476E-007 -0.36670944019008944        1.0447176853205489E-007   6.1850359937540322E-007   6.4418382867286219        9.8274903720003407E-007  -9.6039415281788395E-006   2.6968690470935266E-008   1.0447176853205489E-007 -0.36236542643726899       -1.4763155932193067E-007  -5.9771415633813779E-007   6.4175400604377160     
 dijxc
  0.32075155249562615       -2.9668290188228106        24.983602821470686       -5.8407603034854885E-006   3.9641628746942344E-005  -1.1534108929326603E-002  -1.3131362839528784E-007   1.2280516688045963E-006   2.0155665037255706E-008  -1.0855417529640830E-002  -6.3155862672203753E-007   5.6335223097332856E-006  -5.8474317307124105E-008  -1.9427923738494207E-008  -1.1584379132426652E-002   5.9889900457282708E-005  -4.6824762789567239E-004 -0.36266290509897497       -1.0800145275201572E-007   3.4994533973890820E-007   6.4192060799960569        6.8077622469818856E-007  -6.6867610958540465E-006  -1.0800145275201572E-007 -0.36670944784037851        1.0448405062377377E-007   6.1848987497719607E-007   6.4418383263682681        3.8089087687668728E-006  -3.5176978510921307E-005   3.4994533973890820E-007   1.0448405062377377E-007 -0.36236543535717719       -1.9563296680303241E-006  -5.9779713239501952E-007   6.4175401067025062     
 dijxc
  0.32075368261622295       -2.9668496144664123        24.983798327957317       -5.8412647230049580E-006   3.9649017260174558E-005  -1.1534959307280560E-002  -1.3134202085713877E-007   1.2283261909561302E-006   2.0155106327064751E-008  -1.0856120611331121E-002  -8.4308694513399002E-007   7.4769873601506309E-006  -8.5799587063646265E-008  -1.9428609624805981E-008  -1.1585240150123480E-002   5.9887957731343103E-005  -4.6824643428072072E-004 -0.36265749213639559       -1.0799891807919534E-007   5.1166006415749295E-007   6.4191788658976634        6.8093051777951899E-007  -6.6882957270357527E-006  -1.0799891807919534E-007 -0.36670487948975994        1.0449015656075819E-007   6.1847630691786725E-007   6.4418156834170741        5.1709993241319057E-006  -4.7447976467861215E-005   5.1166006415749295E-007   1.0449015656075819E-007 -0.36235996116620489       -2.8620165843135444E-006  -5.9783872539251580E-007   6.4175125603786229     
 dijxc
  0.32074942282898278       -2.9668084274309736        24.983407353629634       -5.8402638895909973E-006   3.9634310095332327E-005  -1.1533258634159771E-002  -1.3128430743443298E-007   1.2277686032680631E-006   2.0155945142882836E-008  -1.0854714535276130E-002  -8.3006170911163070E-007   7.3520201550470362E-006  -8.5880596532391247E-008  -1.9429858649578063E-008  -1.1583518296707368E-002   5.9891895285266549E-005  -4.6824930066373047E-004 -0.36266831757944273       -1.0800249584676284E-007   5.1208832338158096E-007   6.4192332927594453        6.8061686668634696E-007  -6.6851778915867384E-006  -1.0800249584676284E-007 -0.36671401566858292        1.0449593678191286E-007   6.1849492571696289E-007   6.4418609676527900        5.1096107929070109E-006  -4.6823051009931537E-005   5.1208832338158096E-007   1.0449593678191286E-007 -0.36237090852736897       -2.8645814071235767E-006  -5.9786971911311668E-007   6.4175676486556750     
 dijxc
  0.32075155079102929       -2.9668290005048670        24.983602620694803       -5.8406606052062220E-006   3.9640838180504577E-005  -1.1534109648926899E-002  -1.3131256399212801E-007   1.2280417711941621E-006   2.0155494805300729E-008  -1.0855418157311753E-002  -1.0160019199005607E-006   8.9510069127535519E-006  -1.1327835615741353E-007  -1.9431368905086847E-008  -1.1584379956041412E-002   5.9889102116118548E-005  -4.6824091411516093E-004 -0.36266290160160092       -1.0800055826646960E-007   6.7415344919166836E-007   6.4192060627443768        6.8077057288477524E-007  -6.6867063908388730E-006  -1.0800055826646960E-007 -0.36670944490155261        1.0450614628730153E-007   6.1848475039444963E-007   6.4418383123441920        6.3496628286350619E-006  -5.7859216665671071E-005   6.7415344919166836E-007   1.0450614628730153E-007 -0.36236543130661308       -3.7724335222402591E-006  -5.9793369786841510E-007   6.4175400863171932     
 dijxc
  0.32075155254906512       -2.9668290191239133        24.983602818731974       -5.8408102107039043E-006   3.9642121282497640E-005  -1.1534109724613550E-002  -1.3131430345523621E-007   1.2280577860258643E-006   2.0156107054149939E-008  -1.0855418340975351E-002  -1.8712336719096504E-007   1.7424982746366119E-006  -3.9148667929694549E-009  -1.9426446969130630E-008  -1.1584380110459300E-002   5.9890087983524476E-005  -4.6824964619013217E-004 -0.36266290025897369       -1.0800385082275662E-007   2.6968697134805791E-008   6.4192060538902114        6.8078009492717752E-007  -6.6867977718709707E-006  -1.0800385082275662E-007 -0.36670944294678715        1.0447176839063216E-007   6.1850352799284847E-007   6.4418382999480723        9.8274928806717860E-007  -9.6039440914021988E-006   2.6968697134805791E-008   1.0447176839063216E-007 -0.36236542973042657       -1.4763159974406805E-007  -5.9771415639699101E-007   6.4175400767767607     
 dijxc
  0.32075368267931847       -2.9668496149369910        24.983798327967357       -5.8413112096335203E-006   3.9649481197699870E-005  -1.1534960096211848E-002  -1.3134308188793049E-007   1.2283358435803743E-006   2.0155726893409868E-008  -1.0856121414288926E-002  -1.8716649201283401E-007   1.7429119150089557E-006  -3.9145361580101466E-009  -1.9426052949525765E-008  -1.1585241077215348E-002   5.9888120674838015E-005  -4.6824823430907973E-004 -0.36265748732386238       -1.0800228112575936E-007   2.6966532198127375E-008   6.4191788398532870        6.8093652861248673E-007  -6.6883528607636060E-006  -1.0800228112575936E-007 -0.36670487463480023        1.0447003448839803E-007   6.1849545958531229E-007   6.4418156571225857        9.8298816859311408E-007  -9.6063015131727826E-006   2.6966532198127375E-008   1.0447003448839803E-007 -0.36235995581358227       -1.4761668068678537E-007  -5.9770499480752566E-007   6.4175125319178923     
 dijxc
  0.32074942291118952       -2.9668084281249891        24.983407355799436       -5.8403097248702289E-006   3.9634768766982602E-005  -1.1533259412873871E-002  -1.3128542404669833E-007   1.2277788122019730E-006   2.0156508383264047E-008  -1.0854715327727187E-002  -1.8708037553563289E-007   1.7420857519715458E-006  -3.9152603763511976E-009  -1.9426839818328567E-008  -1.1583519203964013E-002   5.9892053130359543E-005  -4.6825105683315986E-004 -0.36266831283888790       -1.0800554319195226E-007   2.6971231128892429E-008   6.4192332670767414        6.8062309644656066E-007  -6.6852373505868102E-006  -1.0800554319195226E-007 -0.36671401088669492        1.0447349553285832E-007   6.1851228597268221E-007   6.4418609417248724        9.8251137117760457E-007  -9.6015950766686004E-006   2.6971231128892429E-008   1.0447349553285832E-007 -0.36237090329051547       -1.4764858966884677E-007  -5.9772327948774070E-007   6.4175676207842391     
 dijxc
  0.32075155091357865       -2.9668290016319836        24.983602628396085       -5.8407028034013928E-006   3.9641267666409208E-005  -1.1534110409461222E-002  -1.3131415447514804E-007   1.2280564026802415E-006   2.0156132898345053E-008  -1.0855418928370338E-002  -1.8712344870804364E-007   1.7424988631350472E-006  -3.9149353651048357E-009  -1.9426445896603467E-008  -1.1584380785834125E-002   5.9889231359270536E-005  -4.6824242417876319E-004 -0.36266289691452758       -1.0800399983467369E-007   2.6969099931596796E-008   6.4192060372037414        6.8077927683571511E-007  -6.6867898993548890E-006  -1.0800399983467369E-007 -0.36670944019058266        1.0447176176526654E-007   6.1850436839610612E-007   6.4418382866571147        9.8275001587735375E-007  -9.6039499493767961E-006   2.6969099931596796E-008   1.0447176176526654E-007 -0.36236542644584757       -1.4763385736297204E-007  -5.9771411830167055E-007   6.4175400604141997     
 dijxc
  0.32075155246094089       -2.9668290183818722        24.983602815501630       -5.8407692174022971E-006   3.9641703046554528E-005  -1.1534108963503036E-002  -1.3131261605133932E-007   1.2280422849699997E-006   2.0155472595031651E-008  -1.0855417570155179E-002  -1.0200078773317511E-006   8.9895788197618145E-006  -1.1325546062193763E-007  -1.9431205805448566E-008  -1.1584379280450322E-002   5.9889965053679224E-005  -4.6824819785574784E-004 -0.36266290493500430       -1.0800043592707166E-007   6.7404247772447136E-007   6.4192060793426222        6.8077081834885934E-007  -6.6867089066227248E-006  -1.0800043592707166E-007 -0.36670944764101371        1.0450532119344038E-007   6.1848405448506173E-007   6.4418383255124620        6.3681816321417227E-006  -5.8049173994214516E-005   6.7404247772447136E-007   1.0450532119344038E-007 -0.36236543457761872       -3.7717635560904682E-006  -5.9792915685951908E-007   6.4175401025769485     
 dijxc
  0.32075368255082859       -2.9668496136521942        24.983798317579570       -5.8412747328319216E-006   3.9649099063555766E-005  -1.1534959350307288E-002  -1.3134087256291340E-007   1.2283154430228785E-006   2.0155069760290222E-008  -1.0856120663203524E-002  -1.1913266117817121E-006   1.0449832333509706E-005  -1.4067124792675524E-007  -1.9433081835346197E-008  -1.1585240338263497E-002   5.9888033576670951E-005  -4.6824709320254543E-004 -0.36265749191955821       -1.0799876009706226E-007   8.3619877439712180E-007   6.4191788649921593        6.8092457963225888E-007  -6.6882378672352795E-006  -1.0799876009706226E-007 -0.36670487922418626        1.0451730967628237E-007   6.1847536425167338E-007   6.4418156822348456        7.5366571566428220E-006  -6.8369333916339846E-005   8.3619877439712180E-007   1.0451730967628237E-007 -0.36235996017056782       -4.6801846877194847E-006  -5.9800271511934867E-007   6.4175125550921468     
 dijxc
  0.32074942276325014       -2.9668084266170123        24.983407343382730       -5.8402730832016249E-006   3.9634384255448871E-005  -1.1533258674011629E-002  -1.3128315961795481E-007   1.2277578489511499E-006   2.0155931119217915E-008  -1.0854714584132272E-002  -1.1702529723621654E-006   1.0248857728463034E-005  -1.4068305227467409E-007  -1.9434494608762066E-008  -1.1583518476696149E-002   5.9891966895998460E-005  -4.6824991732192286E-004 -0.36266831738244976       -1.0800246140103791E-007   8.3625873786951518E-007   6.4192332919878030        6.8061095025380062E-007  -6.6851201904329714E-006  -1.0800246140103791E-007 -0.36671401542206061        1.0452386978965223E-007   6.1849468768451600E-007   6.4418609665998563        7.4349988913474693E-006  -6.7344858623730395E-005   8.3625873786951518E-007   1.0452386978965223E-007 -0.36237090757696955       -4.6806997511569573E-006  -5.9803784970029466E-007   6.4175676436444160     
 dijxc
  0.32075155068400951       -2.9668289993644397        24.983602606982519       -5.8406698241268555E-006   3.9640909879408572E-005  -1.1534109705379297E-002  -1.3131135571117881E-007   1.2280303806137548E-006   2.0155615588130579E-008  -1.0855418225262911E-002  -1.3125563316470349E-006   1.1435041331205231E-005  -1.6791964140079239E-007  -1.9436975628267266E-008  -1.1584380175300807E-002   5.9889179319860957E-005  -4.6824156400005244E-004 -0.36266290137733187       -1.0800126534590528E-007   9.9744205369543729E-007   6.4192060618890237        6.8076447129035366E-007  -6.6866465243321075E-006  -1.0800126534590528E-007 -0.36670944461442700        1.0453874313806359E-007   6.1848873105794825E-007   6.4418383111330435        8.4588362665903975E-006  -7.6228680310358330E-005   9.9744205369543729E-007   1.0453874313806359E-007 -0.36236543020827988       -5.5836810653552285E-006  -5.9812675083773717E-007   6.4175400805530378     
 dijxc
  0.32075155258746985       -2.9668290195277893        24.983602823253268       -5.8408112965154242E-006   3.9642131379638577E-005  -1.1534109719797445E-002  -1.3131418609984710E-007   1.2280567125660791E-006   2.0156130674498689E-008  -1.0855418337003618E-002  -1.8712349912090976E-007   1.7424993591628037E-006  -3.9149366266805877E-009  -1.9426445816984891E-008  -1.1584380105255580E-002   5.9890093753073810E-005  -4.6824970203078269E-004 -0.36266290026074682       -1.0800398761614865E-007   2.6969106747663153E-008   6.4192060538381845        6.8077944064665615E-007  -6.6867915525824096E-006  -1.0800398761614865E-007 -0.36670944294273211        1.0447176169681726E-007   6.1850429759947752E-007   6.4418382998610797        9.8275026876771758E-007  -9.6039525318801567E-006   2.6969106747663153E-008   1.0447176169681726E-007 -0.36236542973444302       -1.4763389864084846E-007  -5.9771411876249184E-007   6.4175400767375876     
 dijxc
  0.32075368272970634       -2.9668496154272868        24.983798333199477       -5.8413124991794067E-006   3.9649493247613543E-005  -1.1534960085343562E-002  -1.3134294567398380E-007   1.2283345960796845E-006   2.0155755025268664E-008  -1.0856121404547177E-002  -1.8716664500242247E-007   1.7429131674080078E-006  -3.9146194933778626E-009  -1.9426051423460905E-008  -1.1585241065889880E-002   5.9888127412845763E-005  -4.6824830007511156E-004 -0.36265748733766623       -1.0800244392160563E-007   2.6967021163165845E-008   6.4191788398091081        6.8093577204116863E-007  -6.6883456557019719E-006  -1.0800244392160563E-007 -0.36670487464119722        1.0447002558775457E-007   6.1849637562899361E-007   6.4418156570340095        9.8298931620221593E-007  -9.6063113623727582E-006   2.6967021163165845E-008   1.0447002558775457E-007 -0.36235995583007286       -1.4761942474580774E-007  -5.9770494481620968E-007   6.4175125318890469     
 dijxc
  0.32074942296545600       -2.9668084285901277        24.983407360772720       -5.8403109371153633E-006   3.9634780142803203E-005  -1.1533259397690149E-002  -1.3128529029919035E-007   1.2277775866373869E-006   2.0156536413987708E-008  -1.0854715313716831E-002  -1.8708052605898365E-007   1.7420869816313922E-006  -3.9153434873646053E-009  -1.9426838237505703E-008  -1.1583519188331809E-002   5.9892059370001986E-005  -4.6825111816362058E-004 -0.36266831284768053       -1.0800570537741981E-007   2.6971718872101285E-008   6.4192332670385230        6.8062235484503276E-007  -6.6852302823810339E-006  -1.0800570537741981E-007 -0.36671401088796540        1.0447348630368855E-007   6.1851319862589658E-007   6.4418609416416679        9.8251250525394499E-007  -9.6016047962874869E-006   2.6971718872101285E-008   1.0447348630368855E-007 -0.36237090330196586       -1.4765132680099982E-007  -5.9772322766357301E-007   6.4175676207611518     
 dijxc
  0.32075155094782803       -2.9668290020699777        24.983602633383587       -5.8407041000149788E-006   3.9641279919736759E-005  -1.1534110411238925E-002  -1.3131400641842480E-007   1.2280550444332045E-006   2.0156165295932190E-008  -1.0855418931625428E-002  -1.8712361712836857E-007   1.7425002316213278E-006  -3.9150316608159093E-009  -1.9426443908429118E-008  -1.1584380787095123E-002   5.9889237862733398E-005  -4.6824248891682511E-004 -0.36266289691169407       -1.0800418722579599E-007   2.6969665342516445E-008   6.4192060371066741        6.8077845884130034E-007  -6.6867820890978253E-006  -1.0800418722579599E-007 -0.36670944017862556        1.0447175013516140E-007   6.1850542296205395E-007   6.4418382865056625        9.8275129946634435E-007  -9.6039609111202889E-006   2.6969665342516445E-008   1.0447175013516140E-007 -0.36236542644612124       -1.4763703000027504E-007  -5.9771405302847276E-007   6.4175400603347388     
 dijxc
  0.32075155236408109       -2.9668290172759328        24.983602801843556       -5.8407786028755544E-006   3.9641776256208024E-005  -1.1534109012017492E-002  -1.3131138749554403E-007   1.2280306948923802E-006   2.0155606112698037E-008  -1.0855417630155052E-002  -1.3149764945259289E-006   1.1457908431507578E-005  -1.6795061664803542E-007  -1.9436922124149598E-008  -1.1584379492745822E-002   5.9890043222497478E-005  -4.6824885682314894E-004 -0.36266290472171991       -1.0800121337325634E-007   9.9761435227054821E-007   6.4192060784932181        6.8076463100050158E-007  -6.6866481497584449E-006  -1.0800121337325634E-007 -0.36670944736503730        1.0453848577882868E-007   6.1848843352487832E-007   6.4418383243083666        8.4708891155516608E-006  -7.6348472748729549E-005   9.9761435227054821E-007   1.0453848577882868E-007 -0.36236543348609540       -5.5846477789441124E-006  -5.9812537779166164E-007   6.4175400967958129     
 dijxc
  0.32075368241550761       -2.9668496121838941        24.983798300304212       -5.8412835039864227E-006   3.9649163730480697E-005  -1.1534959410934624E-002  -1.3133959447025837E-007   1.2283033090071788E-006   2.0155358230484735E-008  -1.0856120737759073E-002  -1.4343628402493272E-006   1.2427441209381064E-005  -1.9513566446345427E-007  -1.9439905669700118E-008  -1.1585240579301603E-002   5.9888114222054436E-005  -4.6824775335743327E-004 -0.36265749167110062       -1.0800038951299999E-007   1.1585235580622299E-006   6.4191788640703527        6.8091828144079991E-007  -6.6881756214239901E-006  -1.0800038951299999E-007 -0.36670487890011888        1.0455576896072500E-007   6.1848459224962410E-007   6.4418156808863518        9.3809055217405222E-006  -8.4100501456404556E-005   1.1585235580622299E-006   1.0455576896072500E-007 -0.36235995895535256       -6.4861262981964582E-006  -5.9822714728415272E-007   6.4175125487521862     
 dijxc
  0.32074942264988687       -2.9668084253046580        24.983407327554943       -5.8402810813049438E-006   3.9634441694349688E-005  -1.1533258718011564E-002  -1.3128194837399408E-007   1.2277463622568794E-006   2.0156197410545281E-008  -1.0854714641983461E-002  -1.4117123917838554E-006   1.2213943861723767E-005  -1.9490982731795393E-007  -1.9441091739379547E-008  -1.1583518694961353E-002   5.9892043512978399E-005  -4.6825053755944544E-004 -0.36266831718980558       -1.0800396769670464E-007   1.1573473262477017E-006   6.4192332913291255        6.8060495474382131E-007  -6.6850610215048381E-006  -1.0800396769670464E-007 -0.36671401515417396        1.0456109207684658E-007   6.1850322294922602E-007   6.4418609655163994        9.2666027820852891E-006  -8.2970327125717478E-005   1.1573473262477017E-006   1.0456109207684658E-007 -0.36237090644702602       -6.4795415238371916E-006  -5.9825520479986971E-007   6.4175676377316764     
 dijxc
  0.32075155054900917       -2.9668289978482481        24.983602588962704       -5.8406767573238572E-006   3.9640954456346993E-005  -1.1534109753267685E-002  -1.3131022720550748E-007   1.2280196380678241E-006   2.0155973268790421E-008  -1.0855418288910242E-002  -1.5063814081272409E-006   1.2954736749717215E-005  -2.2155037637226133E-007  -1.9444086188157629E-008  -1.1584380406491568E-002   5.9889256291423097E-005  -4.6824216360353567E-004 -0.36266290118122413       -1.0800327258113385E-007   1.3154059855438745E-006   6.4192060612355126        6.8075895273458411E-007  -6.6865918772417683E-006  -1.0800327258113385E-007 -0.36670944433294844        1.0457812076700182E-007   6.1850013064000500E-007   6.4418383099984453        1.0044018880330371E-005  -8.9445050149487273E-005   1.3154059855438745E-006   1.0457812076700182E-007 -0.36236542902273705       -7.3646838241564637E-006  -5.9835465695925127E-007   6.4175400743644522     
 dijxc
  0.32075155263166177       -2.9668290199931433        24.983602828361381       -5.8408126054296252E-006   3.9642143745187171E-005  -1.1534109714125017E-002  -1.3131403760654897E-007   1.2280553502722042E-006   2.0156163082325783E-008  -1.0855418332806573E-002  -1.8712366775579210E-007   1.7425007296333727E-006  -3.9150329600738972E-009  -1.9426443828714149E-008  -1.1584380099066906E-002   5.9890100325672863E-005  -4.6824976742000234E-004 -0.36266290026363701       -1.0800417505195056E-007   2.6969672349028559E-008   6.4192060537545172        6.8077862031567431E-007  -6.6867837197000024E-006  -1.0800417505195056E-007 -0.36670944293649793        1.0447175006432861E-007   6.1850535243481295E-007   6.4418382997229813        9.8275155350684488E-007  -9.6039635048344152E-006   2.6969672349028559E-008   1.0447175006432861E-007 -0.36236542974043751       -1.4763707238095760E-007  -5.9771405348004984E-007   6.4175400766715178     
 dijxc
  0.32075368277474875       -2.9668496159046898        24.983798338498151       -5.8413138078971935E-006   3.9649505741054415E-005  -1.1534960079509243E-002  -1.3134278610902050E-007   1.2283331302134145E-006   2.0155791687087459E-008  -1.0856121400516686E-002  -1.8716682890201627E-007   1.7429146524716513E-006  -3.9147287987470209E-009  -1.9426048979864423E-008  -1.1585241059475906E-002   5.9888133732902620E-005  -4.6824836416863301E-004 -0.36265748734218006       -1.0800265589115138E-007   2.6967663273898793E-008   6.4191788397490317        6.8093489421480529E-007  -6.6883372563518800E-006  -1.0800265589115138E-007 -0.36670487463500906        1.0447001126470393E-007   6.1849756862231432E-007   6.4418156569102418        9.8299073587878346E-007  -9.6063234383457160E-006   2.6967663273898793E-008   1.0447001126470393E-007 -0.36235995583812464       -1.4762302737824946E-007  -5.9770486447162707E-007   6.4175125318489288     
 dijxc
  0.32074942299601794       -2.9668084289942929        24.983407365550434       -5.8403121454188715E-006   3.9634791718407231E-005  -1.1533259400662833E-002  -1.3128513472995154E-007   1.2277761571734104E-006   2.0156572972947908E-008  -1.0854715318508457E-002  -1.8708070751001739E-007   1.7420884442310981E-006  -3.9154525297133443E-009  -1.9426835773805357E-008  -1.1583519190719226E-002   5.9892065123613291E-005  -4.6825117690757256E-004 -0.36266831284157619       -1.0800591679920212E-007   2.6972359606515689E-008   6.4192332669672361        6.8062149967394912E-007  -6.6852220970208700E-006  -1.0800591679920212E-007 -0.36671401087113770        1.0447347186627067E-007   6.1851438850093325E-007   6.4418609415067039        9.8251391133604939E-007  -9.6016167423378828E-006   2.6972359606515689E-008   1.0447347186627067E-007 -0.36237090329943455       -1.4765492156323055E-007  -5.9772314667180884E-007   6.4175676207100025     
 dijxc
  0.32075155100652392       -2.9668290025841531        24.983602638646431       -5.8407051854470228E-006   3.9641290459861189E-005  -1.1534110391198796E-002  -1.3131384583947556E-007   1.2280535673022226E-006   2.0156205998418654E-008  -1.0855418913690795E-002  -1.8712381139163103E-007   1.7425017865046256E-006  -3.9151534063887376E-009  -1.9426441008907120E-008  -1.1584380766382629E-002   5.9889242756481348E-005  -4.6824254026286516E-004 -0.36266289694931475       -1.0800442265732696E-007   2.6970381225192505E-008   6.4192060371717208        6.8077757915492274E-007  -6.6867736547722209E-006  -1.0800442265732696E-007 -0.36670944020415130        1.0447173313601451E-007   6.1850674791730577E-007   6.4418382864991486        9.8275282656420644E-007  -9.6039738278866105E-006   2.6970381225192505E-008   1.0447173313601451E-007 -0.36236542648786085       -1.4764104575677706E-007  -5.9771395767412264E-007   6.4175400604229296     
 dijxc
  0.32075155222728080       -2.9668290157438832        24.983602783728593       -5.8407855158701351E-006   3.9641820624563910E-005  -1.1534109060071261E-002  -1.3131023534851741E-007   1.2280197193872694E-006   2.0155979857203002E-008  -1.0855417694033365E-002  -1.5065995935567480E-006   1.2955951046189954E-005  -2.2164597570365858E-007  -1.9444173589512393E-008  -1.1584379724381325E-002   5.9890120123524189E-005  -4.6824945550039918E-004 -0.36266290452649735       -1.0800330924433650E-007   1.3159129703245555E-006   6.4192060778648736        6.8075901271754245E-007  -6.6865924661549563E-006  -1.0800330924433650E-007 -0.36670944708409392        1.0457859307041269E-007   6.1850033517058411E-007   6.4418383231969631        1.0046786761038481E-005  -8.9465553878656737E-005   1.3159129703245555E-006   1.0457859307041269E-007 -0.36236543230082879       -7.3675941291170606E-006  -5.9835734754630928E-007   6.4175400906293261     
 dijxc
  0.32075368227822448       -2.9668496106078681        24.983798281577730       -5.8412887375926287E-006   3.9649189378311582E-005  -1.1534959448121301E-002  -1.3133858951939097E-007   1.2282936974218849E-006   2.0155806378550876E-008  -1.0856120792411009E-002  -1.5763657184318074E-006   1.3463606320885490E-005  -2.4806166844266098E-007  -1.9447487373621963E-008  -1.1585240801992039E-002   5.9888188513432030E-005  -4.6824830100929637E-004 -0.36265749151990362       -1.0800289221019765E-007   1.4728117684689732E-006   6.4191788636614229        6.8091344151462404E-007  -6.6881274949536443E-006  -1.0800289221019765E-007 -0.36670487865454493        1.0459702322774648E-007   6.1849882887815026E-007   6.4418156799464015        1.0695951996204014E-005  -9.4684229655528552E-005   1.4728117684689732E-006   1.0459702322774648E-007 -0.36235995779823787       -8.2460998390769611E-006  -5.9846388008081872E-007   6.4175125427296260     
 dijxc
  0.32074942250631078       -2.9668084237268433        24.983407309135448       -5.8402861119704939E-006   3.9634465254108359E-005  -1.1533258763396309E-002  -1.3128104140200960E-007   1.2277377060695798E-006   2.0156596122915151E-008  -1.0854714704349580E-002  -1.5576991416542873E-006   1.3291148638729328E-005  -2.4755977826627483E-007  -1.9448208869743892E-008  -1.1583518921297199E-002   5.9892117117893998E-005  -4.6825107694048408E-004 -0.36266831702183583       -1.0800619774905418E-007   1.4702432641014573E-006   6.4192332908879806        6.8060054948836423E-007  -6.6850173439944237E-006  -1.0800619774905418E-007 -0.36671401489431471        1.0459989578273855E-007   6.1851591780540289E-007   6.4418609645581038        1.0594699009133827E-005  -9.3712540783900082E-005   1.4702432641014573E-006   1.0459989578273855E-007 -0.36237090529371813       -8.2314195756344641E-006  -5.9847817970799356E-007   6.4175676317903481     
 dijxc
  0.32075155041847098       -2.9668289962933758        24.983602570647140       -5.8406806471905049E-006   3.9640963825659651E-005  -1.1534109785717034E-002  -1.3130957987859534E-007   1.2280134421118833E-006   2.0156382495999844E-008  -1.0855418338969344E-002  -1.6111050135339289E-006   1.3652827815658016E-005  -2.7323895443173089E-007  -1.9450947108079286E-008  -1.1584380618392093E-002   5.9889331092515948E-005  -4.6824268565610802E-004 -0.36266290103046428       -1.0800555839774034E-007   1.6234038697383022E-006   6.4192060608822423        6.8075582956995203E-007  -6.6865609001329983E-006  -1.0800555839774034E-007 -0.36670944408702066        1.0461501638522473E-007   6.1851317098929690E-007   6.4418383091104374        1.1145326213384338E-005  -9.8025077389381752E-005   1.6234038697383022E-006   1.0461501638522473E-007 -0.36236542788680814       -9.0882437388641359E-006  -5.9856537745741024E-007   6.4175400685248523     
 dijxc
  0.32075155268094269       -2.9668290204676784        24.983602833476080       -5.8408136984639331E-006   3.9642154367485318E-005  -1.1534109701046395E-002  -1.3131387651618763E-007   1.2280538682611283E-006   2.0156203786412864E-008  -1.0855418321846382E-002  -1.8712386198058132E-007   1.7425022840957451E-006  -3.9151547202241246E-009  -1.9426440914870273E-008  -1.1584380085321117E-002   5.9890105239474793E-005  -4.6824981905529083E-004 -0.36266290028981363       -1.0800441046350823E-007   2.6970388295889394E-008   6.4192060538063576        6.8077773810890719E-007  -6.6867752598344353E-006  -1.0800441046350823E-007 -0.36670944295055619        1.0447173297624366E-007   6.1850667731209931E-007   6.4418382997030710        9.8275308044876270E-007  -9.6039764199996090E-006   2.6970388295889394E-008   1.0447173297624366E-007 -0.36236542977070929       -1.4764108852429661E-007  -5.9771395763425078E-007   6.4175400767463575     
 dijxc
  0.32075368280396416       -2.9668496162684477        24.983798342586439       -5.8413146760856721E-006   3.9649514389228606E-005  -1.1534960078908425E-002  -1.3134262457241335E-007   1.2283316422123355E-006   2.0155836420936953E-008  -1.0856121402311361E-002  -1.8716703328312051E-007   1.7429162749568298E-006  -3.9148630314641034E-009  -1.9426045610372441E-008  -1.1585241058114780E-002   5.9888137219379956E-005  -4.6824840300494869E-004 -0.36265748734821079       -1.0800291469044265E-007   2.6968453162521127E-008   6.4191788397070155        6.8093401316770145E-007  -6.6883287907201995E-006  -1.0800291469044265E-007 -0.36670487462760182        1.0446999150502574E-007   6.1849902504717513E-007   6.4418156567889966        9.8299236906219118E-007  -9.6063371833380971E-006   2.6968453162521127E-008   1.0446999150502574E-007 -0.36235995584883507       -1.4762745756036329E-007  -5.9770475364380877E-007   6.4175125318331290     
 dijxc
  0.32074942303035703       -2.9668084293831596        24.983407369832239       -5.8403129195959188E-006   3.9634799469724092E-005  -1.1533259395044793E-002  -1.3128497808403112E-007   1.2277747141214214E-006   2.0156617644472985E-008  -1.0854715315250500E-002  -1.8708091006561130E-007   1.7420900500795507E-006  -3.9155865632592228E-009  -1.9426832418461866E-008  -1.1583519184317215E-002   5.9892068161169642E-005  -4.6825121115330186E-004 -0.36266831286296880       -1.0800617531835166E-007   2.6973148520426599E-008   6.4192332670052927        6.8062064550194804E-007  -6.6852138893950204E-006  -1.0800617531835166E-007 -0.36671401087931393        1.0447345219889311E-007   6.1851584327226695E-007   6.4418609414669152        9.8251553398472221E-007  -9.6016303874646915E-006   2.6973148520426599E-008   1.0447345219889311E-007 -0.36237090332561611       -1.4765934610829713E-007  -5.9772303634145575E-007   6.4175676207749053     
 dijxc
  0.32075155102742409       -2.9668290028550164        24.983602641920761       -5.8407056547573476E-006   3.9641295430976363E-005  -1.1534110392470112E-002  -1.3131369471990946E-007   1.2280521734578213E-006   2.0156254674733959E-008  -1.0855418917499186E-002  -1.8712402277664282E-007   1.7425034485840263E-006  -3.9152998510027359E-009  -1.9426437235943795E-008  -1.1584380766737304E-002   5.9889244067848514E-005  -4.6824255821582248E-004 -0.36266289694623677       -1.0800470450395462E-007   2.6971243877900778E-008   6.4192060371443844        6.8077675838028675E-007  -6.6867657538394595E-006  -1.0800470450395462E-007 -0.36670944018700236        1.0447171104025484E-007   6.1850833380360868E-007   6.4418382863892836        9.8275454726673164E-007  -9.6039882267353603E-006   2.6971243877900778E-008   1.0447171104025484E-007 -0.36236542649033376       -1.4764588300137267E-007  -5.9771383369744143E-007   6.4175400604267043     
 dijxc
  0.32075155208854894       -2.9668290141662941        24.983602765314345       -5.8407891936481150E-006   3.9641828084164487E-005  -1.1534109096786711E-002  -1.3130957799566923E-007   1.2280134240864352E-006   2.0156398267319621E-008  -1.0855417748498422E-002  -1.6095366412743159E-006   1.3636818477860199E-005  -2.7335261698807511E-007  -1.9451116283824227E-008  -1.1584379939901995E-002   5.9890193676679509E-005  -4.6824996576684942E-004 -0.36266290438128124       -1.0800564543730903E-007   1.6239904984211118E-006   6.4192060775516948        6.8075584716219213E-007  -6.6865610482776708E-006  -1.0800564543730903E-007 -0.36670944684297474        1.0461590805665772E-007   6.1851366150680299E-007   6.4418383223449043        1.1139878476188697E-005  -9.7960932211640445E-005   1.6239904984211118E-006   1.0461590805665772E-007 -0.36236543117408482       -9.0916449508196705E-006  -5.9857038129348442E-007   6.4175400848507724     
 dijxc
  0.32075368215302208       -2.9668496091074088        24.983798263982898       -5.8412911083954422E-006   3.9649180864089614E-005  -1.1534959474914071E-002  -1.3133828123418780E-007   1.2282907305787867E-006   2.0156194060695278E-008  -1.0856120836997753E-002  -1.6416408510168993E-006   1.3802430946508025E-005  -2.9864501652089362E-007  -1.9453789900577730E-008  -1.1585241000526637E-002   5.9888262852231246E-005  -4.6824878814292245E-004 -0.36265749139428743       -1.0800505702785972E-007   1.7752117673106751E-006   6.4191788634474598        6.8091196313107189E-007  -6.6881128984421829E-006  -1.0800505702785972E-007 -0.36670487843283806        1.0463041127340536E-007   6.1851121528668668E-007   6.4418156791933248        1.1574121282957189E-005  -1.0116121535726498E-004   1.7752117673106751E-006   1.0463041127340536E-007 -0.36235995671889926       -9.9372107949448317E-006  -5.9865334199066763E-007   6.4175125372197268     
 dijxc
  0.32074942237729082       -2.9668084222544873        24.983407291785088       -5.8402890663686353E-006   3.9634461688381977E-005  -1.1533258798566710E-002  -1.3128080681803753E-007   1.2277354587023983E-006   2.0156938737778134E-008  -1.0854714756534753E-002  -1.6296119122006190E-006   1.3695004106809207E-005  -2.9806707596019893E-007  -1.9454106938194230E-008  -1.1583519127249753E-002   5.9892195493357873E-005  -4.6825160003803097E-004 -0.36266831688274198       -1.0800811553956326E-007   1.7723731249562605E-006   6.4192332905809195        6.8059940186418456E-007  -6.6850061242964617E-006  -1.0800811553956326E-007 -0.36671401466329151        1.0463118597168688E-007   6.1852690301740511E-007   6.4418609637353583        1.1501300660443588E-005  -1.0049256094402667E-004   1.7723731249562605E-006   1.0463118597168688E-007 -0.36237090420399215       -9.9207678127749027E-006  -5.9865599343321332E-007   6.4175676262007402     
 dijxc
  0.32075155029385843       -2.9668289949100144        24.983602554381338       -5.8406836214775695E-006   3.9640955864757978E-005  -1.1534109825107094E-002  -1.3130972802407966E-007   1.2280148495945569E-006   2.0156666079557476E-008  -1.0855418394310465E-002  -1.6535506070615677E-006   1.3792693584247266E-005  -3.2290319942665152E-007  -1.9455987852660027E-008  -1.1584380823134559E-002   5.9889418787621520E-005  -4.6824326372093487E-004 -0.36266290088366188       -1.0800715196889305E-007   1.9215397054473660E-006   6.4192060605484755        6.8075653374779868E-007  -6.6865681463166911E-006  -1.0800715196889305E-007 -0.36670944385407417        1.0464131058329180E-007   6.1852234239766326E-007   6.4418383082945674        1.1876551133904308E-005  -1.0318678230695833E-004   1.9215397054473660E-006   1.0464131058329180E-007 -0.36236542680969391       -1.0753960177709191E-005  -5.9871387933288250E-007   6.4175400630320345     
 dijxc
  0.32075155270084804       -2.9668290207727641        24.983602836924721       -5.8408141654118567E-006   3.9642159332107022E-005  -1.1534109702549047E-002  -1.3131372510272431E-007   1.2280524715682518E-006   2.0156252448155169E-008  -1.0855418325907473E-002  -1.8712407312292587E-007   1.7425039438561716E-006  -3.9153011369258966E-009  -1.9426437130342973E-008  -1.1584380085913747E-002   5.9890106509504583E-005  -4.6824983674370249E-004 -0.36266290030661225       -1.0800469221053058E-007   2.6971250786781195E-008   6.4192060538261355        6.8077691596003256E-007  -6.6867673444063287E-006  -1.0800469221053058E-007 -0.36670944295321867        1.0447171080794891E-007   6.1850826265419541E-007   6.4418382996399330        9.8275479994353835E-007  -9.6039908068950451E-006   2.6971250786781195E-008   1.0447171080794891E-007 -0.36236542979302927       -1.4764592486167046E-007  -5.9771383325544291E-007   6.4175400767970689     
 dijxc
  0.32075368284112044       -2.9668496166025289        24.983798346041610       -5.8413147483762173E-006   3.9649515721521836E-005  -1.1534960061957526E-002  -1.3134248389161739E-007   1.2283303424991964E-006   2.0155889005194780E-008  -1.0856121388059393E-002  -1.8716725121263860E-007   1.7429179723594018E-006  -3.9150217112095051E-009  -1.9426041412260386E-008  -1.1585241040101231E-002   5.9888136328348289E-005  -4.6824839998841760E-004 -0.36265748740152071       -1.0800321933874292E-007   2.6969388682357526E-008   6.4191788399247400        6.8093325308181009E-007  -6.6883214565708052E-006  -1.0800321933874292E-007 -0.36670487466618606        1.0446996694030034E-007   6.1850073904450874E-007   6.4418156569207907        9.8299417483086011E-007  -9.6063522124332242E-006   2.6969388682357526E-008   1.0446996694030034E-007 -0.36235995590851899       -1.4763270241578715E-007  -5.9770461577905911E-007   6.4175125320865671     
 dijxc
  0.32074942305398763       -2.9668084296583093        24.983407372826694       -5.8403129410022837E-006   3.9634800279445177E-005  -1.1533259388491368E-002  -1.3128484185005472E-007   1.2277734552770694E-006   2.0156670242536337E-008  -1.0854715311298758E-002  -1.8708112706069490E-007   1.7420917392932831E-006  -3.9157452525539855E-009  -1.9426828236407551E-008  -1.1583519176670366E-002   5.9892067091965652E-005  -4.6825120595811177E-004 -0.36266831289708107       -1.0800648009052409E-007   2.6974084211851914E-008   6.4192332671300569        6.8061991006783824E-007  -6.6852067921361792E-006  -1.0800648009052409E-007 -0.36671401089909111        1.0447342775103841E-007   6.1851755793921145E-007   6.4418609415081196        9.8251733386921250E-007  -9.6016453621667983E-006   2.6974084211851914E-008   1.0447342775103841E-007 -0.36237090336624572       -1.4766459185382228E-007  -5.9772289910219205E-007   6.4175676209362322     
 dijxc
  0.32075155103443886       -2.9668290030452367        24.983602644116196       -5.8407052821926104E-006   3.9641292561875790E-005  -1.1534110393531527E-002  -1.3131357320479498E-007   1.2280510479463886E-006   2.0156311258802488E-008  -1.0855418921191018E-002  -1.8712424632672270E-007   1.7425051738093091E-006  -3.9154711003142073E-009  -1.9426432645751353E-008  -1.1584380766520956E-002   5.9889240951403993E-005  -4.6824253288693207E-004 -0.36266289698355830       -1.0800503249721893E-007   2.6972254313088073E-008   6.4192060372997242        6.8077610746686968E-007  -6.6867594526817192E-006  -1.0800503249721893E-007 -0.36670944020995633        1.0447168424946198E-007   6.1851017897375941E-007   6.4418382864613983        9.8275643098992091E-007  -9.6040038235759823E-006   2.6972254313088073E-008   1.0447168424946198E-007 -0.36236542653516385       -1.4765154689902542E-007  -5.9771368323863363E-007   6.4175400606242166     
 dijxc
  0.32075155198473260       -2.9668290128406056        24.983602749396969       -5.8407918811806151E-006   3.9641817575097787E-005  -1.1534109120023721E-002  -1.3130973603961041E-007   1.2280149279917371E-006   2.0156679424463384E-008  -1.0855417787798971E-002  -1.6512515772604488E-006   1.3770201253522523E-005  -3.2294917300432774E-007  -1.9456129612619306E-008  -1.1584380127199624E-002   5.9890279618984655E-005  -4.6825052754977976E-004 -0.36266290424872566       -1.0800722506628217E-007   1.9217458256021412E-006   6.4192060772735218        6.8075659334378716E-007  -6.6865687291761609E-006  -1.0800722506628217E-007 -0.36670944662366761        1.0464204759093926E-007   6.1852275545786890E-007   6.4418383215811588        1.1866631681454878E-005  -1.0308141923607675E-004   1.9217458256021412E-006   1.0464204759093926E-007 -0.36236543011752936       -1.0755214834976204E-005  -5.9871797405276260E-007   6.4175400794497666     
 dijxc
  0.32075368204036397       -2.9668496078724571        24.983798249348467       -5.8412942937423878E-006   3.9649170007940410E-005  -1.1534959517897389E-002  -1.3133889047861801E-007   1.2282965562132447E-006   2.0156375957032748E-008  -1.0856120894181927E-002  -1.6604758996388411E-006   1.3736179526824293E-005  -3.4744337422847512E-007  -1.9457601204260966E-008  -1.1585241199963431E-002   5.9888361426635473E-005  -4.6824943462098846E-004 -0.36265749123210822       -1.0800609202413148E-007   2.0693424559029187E-006   6.4191788630218891        6.8091487181642368E-007  -6.6881422067619938E-006  -1.0800609202413148E-007 -0.36670487819395214        1.0464978427678094E-007   6.1851724362883119E-007   6.4418156783397009        1.2154077801049378E-005  -1.0496605259669505E-004   2.0693424559029187E-006   1.0464978427678094E-007 -0.36235995566379298       -1.1579024769954116E-005  -5.9876182802978899E-007   6.4175125318531343     
 dijxc
  0.32074942227252334       -2.9668084210645866        24.983407277434821       -5.8402933961082406E-006   3.9634460843220762E-005  -1.1533258840899646E-002  -1.3128142984179414E-007   1.2277414184754445E-006   2.0157103326064502E-008  -1.0854714812260337E-002  -1.6547312208471640E-006   1.3687973643228214E-005  -3.4720630793749627E-007  -1.9457818277114104E-008  -1.1583519328820846E-002   5.9892301366000123E-005  -4.6825231353064042E-004 -0.36266831671140570       -1.0800905798292543E-007   2.0684950689311366E-006   6.4192332901114675        6.8060238176535965E-007  -6.6850361363756779E-006  -1.0800905798292543E-007 -0.36671401441949808        1.0465010115209286E-007   6.1853239904198233E-007   6.4418609628616501        1.2112838449058377E-005  -1.0461161408071636E-004   2.0684950689311366E-006   1.0465010115209286E-007 -0.36237090312545978       -1.1573724218961449E-005  -5.9876212936102634E-007   6.4175676207041548     
 dijxc
  0.32075155022191654       -2.9668289938699881        24.983602541065540       -5.8406899262492173E-006   3.9640967788589421E-005  -1.1534109860574897E-002  -1.3131075445847830E-007   1.2280246629790784E-006   2.0156745242502609E-008  -1.0855418440586108E-002  -1.6613503626832083E-006   1.3635915943782045E-005  -3.7211864678122832E-007  -1.9458752068897855E-008  -1.1584381015086138E-002   5.9889546345305811E-005  -4.6824414665882781E-004 -0.36266290066242274       -1.0800762988672851E-007   2.2188947987324599E-006   6.4192060597753109        6.8076148065808206E-007  -6.6866177417656428E-006  -1.0800762988672851E-007 -0.36670944357431345        1.0465491710637140E-007   6.1852521145823525E-007   6.4418383071964271        1.2374209751451349E-005  -1.0629698781244767E-004   2.2188947987324599E-006   1.0465491710637140E-007 -0.36236542569033897       -1.2412667075042971E-005  -5.9878939957412165E-007   6.4175400572839845     
 dijxc
  0.32075155272569356       -2.9668290209906112        24.983602839191068       -5.8408137782731027E-006   3.9642156334303349E-005  -1.1534109690291151E-002  -1.3131360375283158E-007   1.2280513476040386E-006   2.0156309003511006E-008  -1.0855418316289195E-002  -1.8712429635957204E-007   1.7425056661568070E-006  -3.9154723156689720E-009  -1.9426432538310703E-008  -1.1584380072381356E-002   5.9890103300651396E-005  -4.6824981058904772E-004 -0.36266290034434001       -1.0800502005509607E-007   2.6972260835498504E-008   6.4192060539832667        6.8077626590776605E-007  -6.6867610514160164E-006  -1.0800502005509607E-007 -0.36670944297653346        1.0447168400529039E-007   6.1851010697020881E-007   6.4418382997135524        9.8275668206308567E-007  -9.6040063880572346E-006   2.6972260835498504E-008   1.0447168400529039E-007 -0.36236542983825260       -1.4765158655818424E-007  -5.9771368273310224E-007   6.4175400769962927     
 dijxc
  0.32075368285039740       -2.9668496166965039        24.983798347093803       -5.8413139235561348E-006   3.9649508596720009E-005  -1.1534960056095611E-002  -1.3134238183506484E-007   1.2283293938672571E-006   2.0155949517504115E-008  -1.0856121384759575E-002  -1.8716747988172664E-007   1.7429197208796158E-006  -3.9152055285711120E-009  -1.9426036417644593E-008  -1.1585241032757633E-002   5.9888130910340443E-005  -4.6824835176971209E-004 -0.36265748742681120       -1.0800357026269630E-007   2.6970473988051497E-008   6.4191788400435765        6.8093271302515179E-007  -6.6883162037295660E-006  -1.0800357026269630E-007 -0.36670487467743373        1.0446993785428592E-007   6.1850271304154462E-007   6.4418156569588714        9.8299613383005629E-007  -9.6063683515460568E-006   2.6970473988051497E-008   1.0446993785428592E-007 -0.36235995594240505       -1.4763878505055220E-007  -5.9770445234187400E-007   6.4175125322537490     
 dijxc
  0.32074942307710264       -2.9668084298361945        24.983407374516545       -5.8403121314844570E-006   3.9634793265211792E-005  -1.1533259371695075E-002  -1.3128474245129144E-007   1.2277725304671713E-006   2.0156730826811339E-008  -1.0854715296971476E-002  -1.8708135567273985E-007   1.7420934876827183E-006  -3.9159294083099399E-009  -1.9426823227261202E-008  -1.1583519158371663E-002   5.9892061821399876E-005  -4.6825115883402209E-004 -0.36266831295457352       -1.0800683136255553E-007   2.6975171439372719E-008   6.4192332673820953        6.8061938584749215E-007  -6.6852016879959479E-006  -1.0800683136255553E-007 -0.36671401094301515        1.0447339859979442E-007   6.1851953399373610E-007   6.4418609416821617        9.8251929156004369E-007  -9.6016614916772859E-006   2.6975171439372719E-008   1.0447339859979442E-007 -0.36237090343242578       -1.4767068541430549E-007  -5.9772273527002299E-007   6.4175676212371666     
 dijxc
  0.32075155105102438       -2.9668290031198010        24.983602644809494       -5.8407041215937454E-006   3.9641282222284600E-005  -1.1534110376422699E-002  -1.3131349398206640E-007   1.2280503053935173E-006   2.0156375863083939E-008  -1.0855418906365738E-002  -1.8712448084762502E-007   1.7425069533077707E-006  -3.9156685830502218E-009  -1.9426427169123729E-008  -1.1584380747704334E-002   5.9889233936460408E-005  -4.6824246813591453E-004 -0.36266289703105292       -1.0800540703064103E-007   2.6973420564379761E-008   6.4192060375519748        6.8077570052292199E-007  -6.6867554507448630E-006  -1.0800540703064103E-007 -0.36670944024480978        1.0447165246277954E-007   6.1851228593713573E-007   6.4418382866416533        9.8275846715441828E-007  -9.6040205298340870E-006   2.6973420564379761E-008   1.0447165246277954E-007 -0.36236542659243376       -1.4765808280996519E-007  -5.9771350448009920E-007   6.4175400609315520     
 dijxc
  0.32075155188210330       -2.9668290116989580        24.983602735632115       -5.8407979872137247E-006   3.9641827720141433E-005  -1.1534109179046487E-002  -1.3131078411200622E-007   1.2280249530419225E-006   2.0156748066900944E-008  -1.0855417857638612E-002  -1.6593331046305730E-006   1.3616981258597146E-005  -3.7201874055502289E-007  -1.9458780094004522E-008  -1.1584380341418718E-002   5.9890405989196916E-005  -4.6825139931728100E-004 -0.36266290399722184       -1.0800764443309885E-007   2.2183092974440458E-006   6.4192060764129169        6.8076163328029174E-007  -6.6866192845569205E-006  -1.0800764443309885E-007 -0.36670944631361163        1.0465504358330196E-007   6.1852529498233571E-007   6.4418383203954086        1.2363919466546351E-005  -1.0619520476965010E-004   2.2183092974440458E-006   1.0465504358330196E-007 -0.36236542897385543       -1.2409404679994616E-005  -5.9879003781220248E-007   6.4175400736483912     
 dijxc
  0.32075368196959630       -2.9668496069343777        24.983798237244940       -5.8413033429858794E-006   3.9649201454468259E-005  -1.1534959576384639E-002  -1.3134035803872040E-007   1.2283105924495560E-006   2.0156340135399495E-008  -1.0856120960138459E-002  -1.6579518690435498E-006   1.3496688235485037E-005  -3.9700612760760766E-007  -1.9459200532088366E-008  -1.1585241412221191E-002   5.9888515532892546E-005  -4.6825053213396685E-004 -0.36265749092680483       -1.0800594415888713E-007   2.3695195417651541E-006   6.4191788618532115        6.8092195684226430E-007  -6.6882131278285410E-006  -1.0800594415888713E-007 -0.36670487784806366        1.0465700363403041E-007   6.1851656572803651E-007   6.4418156769477335        1.2570819467676599E-005  -1.0740382781130635E-004   2.3695195417651541E-006   1.0465700363403041E-007 -0.36235995446935071       -1.3252325586382671E-005  -5.9880087579059915E-007   6.4175125257575516     
 dijxc
  0.32074942219854530       -2.9668084200903087        24.983407264839066       -5.8403036204870149E-006   3.9634502795159654E-005  -1.1533258905024622E-002  -1.3128285685503474E-007   1.2277550593296062E-006   2.0157079060676277E-008  -1.0854714883418527E-002  -1.6565338826941376E-006   1.3487010173683627E-005  -3.9757873982811899E-007  -1.9459653551863596E-008  -1.1583519551435072E-002   5.9892462529092780E-005  -4.6825347769934174E-004 -0.36266831638112496       -1.0800897671841040E-007   2.3731589453647019E-006   6.4192332888353842        6.8060929485098535E-007  -6.6851052784853580E-006  -1.0800897671841040E-007 -0.36671401405090953        1.0465866461355828E-007   6.1853208512159096E-007   6.4418609613748874        1.2555771653882456E-005  -1.0729131124764411E-004   2.3731589453647019E-006   1.0465866461355828E-007 -0.36237090188323895       -1.3272492263924555E-005  -5.9880896473528749E-007   6.4175676143665026     
 dijxc
  0.32075155015003481       -2.9668289929819003        24.983602529347099       -5.8407040328352135E-006   3.9641039769563513E-005  -1.1534109950186992E-002  -1.3131251795596086E-007   1.2280415078561769E-006   2.0156650208189178E-008  -1.0855418533880702E-002  -1.6554138252232456E-006   1.3371868947634621E-005  -4.2427955515113351E-007  -1.9460047273887100E-008  -1.1584381266303428E-002   5.9889740229643310E-005  -4.6824558676881973E-004 -0.36266290022866143       -1.0800716896250863E-007   2.5342159645995457E-006   6.4192060580069779        6.8077007006134474E-007  -6.6867034793863329E-006  -1.0800716896250863E-007 -0.36670944312008169        1.0466053455814401E-007   6.1852272462153768E-007   6.4418383053180026        1.2758571272515484E-005  -1.0848676718344178E-004   2.5342159645995457E-006   1.0466053455814401E-007 -0.36236542432747976       -1.4170693107219599E-005  -5.9881936140803496E-007   6.4175400503493609     
 dijxc
  0.32075155273023914       -2.9668290210119497        24.983602839557285       -5.8408125948073145E-006   3.9642145776510137E-005  -1.1534109682285069E-002  -1.3131352515450691E-007   1.2280506109764930E-006   2.0156373586278399E-008  -1.0855418310573794E-002  -1.8712453063177503E-007   1.7425074433628351E-006  -3.9156696991591410E-009  -1.9426427074002266E-008  -1.1584380062663352E-002   5.9890096176197090E-005  -4.6824974472593859E-004 -0.36266290037514759       -1.0800539450297867E-007   2.6973426552247995E-008   6.4192060541794902        6.8077586200552118E-007  -6.6867570800094912E-006  -1.0800539450297867E-007 -0.36670944299466290        1.0447165228939258E-007   6.1851221340857516E-007   6.4418382998375678        9.8275871684896259E-007  -9.6040230811066686E-006   2.6973426552247995E-008   1.0447165228939258E-007 -0.36236542987885401       -1.4765811941709297E-007  -5.9771350437303360E-007   6.4175400772477129     
 dijxc
  0.32075368283915662       -2.9668496166479952        24.983798346953424       -5.8413124087487022E-006   3.9649494873857699E-005  -1.1534960055169519E-002  -1.3134232617759123E-007   1.2283288643019012E-006   2.0156018123902422E-008  -1.0856121385852874E-002  -1.8716771987619559E-007   1.7429215279616138E-006  -3.9154166264299156E-009  -1.9426030470343718E-008  -1.1585241029900856E-002   5.9888122195631218E-005  -4.6824826951654438E-004 -0.36265748746597209       -1.0800396792967078E-007   2.6971720882216156E-008   6.4191788403286498        6.8093244279082486E-007  -6.6883134884110920E-006  -1.0800396792967078E-007 -0.36670487470530067        1.0446990343380141E-007   6.1850495021833476E-007   6.4418156571804186        9.8299824497495751E-007  -9.6063856046318967E-006   2.6971720882216156E-008   1.0446990343380141E-007 -0.36235995599250220       -1.4764577244588743E-007  -5.9770425863754677E-007   6.4175125326005382     
 dijxc
  0.32074942306640936       -2.9668084297744999        24.983407374078823       -5.8403106938932457E-006   3.9634780268346103E-005  -1.1533259370850542E-002  -1.3128468701756847E-007   1.2277720016879963E-006   2.0156799484443188E-008  -1.0854715298074795E-002  -1.8708159610913781E-007   1.7420952991405742E-006  -3.9161411449194861E-009  -1.9426817213550443E-008  -1.1583519155603274E-002   5.9892053502229612E-005  -4.6825108044704631E-004 -0.36266831298451030       -1.0800722916888175E-007   2.6976421842151604E-008   6.4192332675794113        6.8061911938557448E-007  -6.6851990004450156E-006  -1.0800722916888175E-007 -0.36671401096207007        1.0447336381455406E-007   6.1852177215446745E-007   6.4418609418183266        9.8252140434168298E-007  -9.6016787631908950E-006   2.6976421842151604E-008   1.0447336381455406E-007 -0.36237090347326240       -1.4767769284508496E-007  -5.9772253948493582E-007   6.4175676214959925     
 dijxc
  0.32075155104432229       -2.9668290030335771        24.983602643940074       -5.8407024869004474E-006   3.9641267359485098E-005  -1.1534110368690849E-002  -1.3131345953007251E-007   1.2280499639015948E-006   2.0156448481274098E-008  -1.0855418900252704E-002  -1.8712472780005580E-007   1.7425088022898714E-006  -3.9158950170275499E-009  -1.9426420563723557E-008  -1.1584380737872192E-002   5.9889224632010349E-005  -4.6824237966549491E-004 -0.36266289707137223       -1.0800582747787516E-007   2.6974757422078814E-008   6.4192060377954441        6.8077556050411809E-007  -6.6867539374135208E-006  -1.0800582747787516E-007 -0.36670944027598640        1.0447161436700134E-007   6.1851465183085216E-007   6.4418382868344448        9.8276065995386779E-007  -9.6040384000125550E-006   2.6974757422078814E-008   1.0447161436700134E-007 -0.36236542664459204       -1.4766557489674138E-007  -5.9771328992248732E-007   6.4175400612418780     
 dijxc
  0.32075155182686632       -2.9668290108820163        24.983602724265765       -5.8408120912815791E-006   3.9641899601761901E-005  -1.1534109256494389E-002  -1.3131256578443072E-007   1.2280419753549058E-006   2.0156642777140128E-008  -1.0855417938634628E-002  -1.6541453097991340E-006   1.3360766753595728E-005  -4.2401463869698507E-007  -1.9459954570126867E-008  -1.1584380579861900E-002   5.9890600003212273E-005  -4.6825283999790733E-004 -0.36266290358282482       -1.0800712692525734E-007   2.5327517841281622E-006   6.4192060746795425        6.8077030352182498E-007  -6.6867058486240895E-006  -1.0800712692525734E-007 -0.36670944587943838        1.0466001348448440E-007   6.1852248947629090E-007   6.4418383185559378        1.2750507603252467E-005  -1.0841356980594767E-004   2.5327517841281622E-006   1.0466001348448440E-007 -0.36236542763299873       -1.4162387941774339E-005  -5.9881635789519114E-007   6.4175400667637081     
