 dijxc
  -9.4884297303047763E-003   9.7092477739057756E-002 -0.75870761188303826        1.7611251409250069E-004  -2.3186641183672260E-003  -1.3470755827508568E-003  -7.2648303900830139E-007   9.6273688992410896E-006   1.4165492352674727E-008  -1.3441347250363208E-003  -5.2876378621848797E-006   6.9544464534931541E-005   1.0417119806283533E-007  -2.9048666910023139E-010  -1.3439365691969006E-003
  -9.4884297303047763E-003   9.7092477739057756E-002 -0.75870761188303826        1.7611251409250069E-004  -2.3186641183672260E-003  -1.3470755827508568E-003  -7.2648303900830139E-007   9.6273688992410896E-006   1.4165492352674727E-008  -1.3441347250363208E-003  -5.2876378621848797E-006   6.9544464534931541E-005   1.0417119806283533E-007  -2.9048666910023139E-010  -1.3439365691969006E-003
 dijxc
  -9.4884297303047763E-003   9.7092477739057756E-002 -0.75870761188303826        1.7611251409250069E-004  -2.3186641183672260E-003  -1.3470755827508568E-003  -7.2648303900830139E-007   9.6273688992410896E-006   1.4165492352674727E-008  -1.3441347250363208E-003  -5.2876378621848797E-006   6.9544464534931541E-005   1.0417119806283533E-007  -2.9048666910023139E-010  -1.3439365691969006E-003
  -9.4884297303047763E-003   9.7092477739057756E-002 -0.75870761188303826        1.7611251409250069E-004  -2.3186641183672260E-003  -1.3470755827508568E-003  -7.2648303900830139E-007   9.6273688992410896E-006   1.4165492352674727E-008  -1.3441347250363208E-003  -5.2876378621848797E-006   6.9544464534931541E-005   1.0417119806283533E-007  -2.9048666910023139E-010  -1.3439365691969006E-003
 dijxc
  -9.4887689989321435E-003   9.7095955310227730E-002 -0.75873475855312755        1.7612229507074238E-004  -2.3187917238367247E-003  -1.3471236656720982E-003  -7.2651067987522860E-007   9.6277192872280945E-006   1.4166352510174939E-008  -1.3441824803853439E-003  -5.2878315503164235E-006   6.9546958349945559E-005   1.0417663271952115E-007  -2.9050381859011204E-010  -1.3439843767737926E-003
  -9.4887689989321435E-003   9.7095955310227730E-002 -0.75873475855312755        1.7612229507074238E-004  -2.3187917238367247E-003  -1.3471236656720982E-003  -7.2651067987522860E-007   9.6277192872280945E-006   1.4166352510174939E-008  -1.3441824803853439E-003  -5.2878315503164235E-006   6.9546958349945559E-005   1.0417663271952115E-007  -2.9050381859011204E-010  -1.3439843767737926E-003
 dijxc
  -9.4880905314131889E-003   9.7089000285129623E-002 -0.75868046954286161        1.7610273416625161E-004  -2.3185365260901202E-003  -1.3470275569181652E-003  -7.2645540068030229E-007   9.6270185412103908E-006   1.4164632313402781E-008  -1.3440870267302969E-003  -5.2874441929681025E-006   6.9541970954678682E-005   1.0416576432179789E-007  -2.9046952237586219E-010  -1.3438888186658754E-003
  -9.4880905314131889E-003   9.7089000285129623E-002 -0.75868046954286161        1.7610273416625161E-004  -2.3185365260901202E-003  -1.3470275569181652E-003  -7.2645540068030229E-007   9.6270185412103908E-006   1.4164632313402781E-008  -1.3440870267302969E-003  -5.2874441929681025E-006   6.9541970954678682E-005   1.0416576432179789E-007  -2.9046952237586219E-010  -1.3438888186658754E-003
 dijxc
  -9.4884301947197429E-003   9.7092479725509773E-002 -0.75870764655048450        1.7611250959468863E-004  -2.3186641146009847E-003  -1.3470758217592762E-003  -7.2648313288647065E-007   9.6273703513492461E-006   1.4165489986092504E-008  -1.3441349649404399E-003  -5.2876452896149445E-006   6.9544563628463776E-005   1.0417131987650321E-007  -2.9048725403186747E-010  -1.3439368091482003E-003
  -9.4884301947197429E-003   9.7092479725509773E-002 -0.75870764655048450        1.7611250959468863E-004  -2.3186641146009847E-003  -1.3470758217592762E-003  -7.2648313288647065E-007   9.6273703513492461E-006   1.4165489986092504E-008  -1.3441349649404399E-003  -5.2876452896149445E-006   6.9544563628463776E-005   1.0417131987650321E-007  -2.9048725403186747E-010  -1.3439368091482003E-003
 dijxc
  -9.4884298647519849E-003   9.7092478241620206E-002 -0.75870761540910314        1.7611249694333742E-004  -2.3186638940670356E-003  -1.3470756188115037E-003  -7.2648301756815271E-007   9.6273685984777301E-006   1.4165488727100665E-008  -1.3441347620250306E-003  -5.2876408317133953E-006   6.9544522881678707E-005   1.0417125504919271E-007  -2.9048445488532289E-010  -1.3439366171281869E-003
  -9.4884298647519849E-003   9.7092478241620206E-002 -0.75870761540910314        1.7611249694333742E-004  -2.3186638940670356E-003  -1.3470756188115037E-003  -7.2648301756815271E-007   9.6273685984777301E-006   1.4165488727100665E-008  -1.3441347620250306E-003  -5.2876408317133953E-006   6.9544522881678707E-005   1.0417125504919271E-007  -2.9048445488532289E-010  -1.3439366171281869E-003
 dijxc
  -9.4887745543582886E-003   9.7095992544048174E-002 -0.75873510693213930        1.7612247811331030E-004  -2.3187947945949275E-003  -1.3471248694133138E-003  -7.2652145064199469E-007   9.6278635385787169E-006   1.4166516301741538E-008  -1.3441836876407068E-003  -5.2916147870484696E-006   6.9596791367054910E-005   1.0426308542600241E-007  -2.9081662976321440E-010  -1.3439856034480127E-003
  -9.4887745543582886E-003   9.7095992544048174E-002 -0.75873510693213930        1.7612247811331030E-004  -2.3187947945949275E-003  -1.3471248694133138E-003  -7.2652145064199469E-007   9.6278635385787169E-006   1.4166516301741538E-008  -1.3441836876407068E-003  -5.2916147870484696E-006   6.9596791367054910E-005   1.0426308542600241E-007  -2.9081662976321440E-010  -1.3439856034480127E-003
 dijxc
  -9.4880961546943022E-003   9.7089037292476171E-002 -0.75868081459040060        1.7610291604846004E-004  -2.3185395785693414E-003  -1.3470288108555484E-003  -7.2646613222896170E-007   9.6271622607869341E-006   1.4164795419004340E-008  -1.3440882841754150E-003  -5.2911703929928721E-006   6.9591054887219571E-005   1.0425106474975459E-007  -2.9077778629556622E-010  -1.3438900958251578E-003
  -9.4880961546943022E-003   9.7089037292476171E-002 -0.75868081459040060        1.7610291604846004E-004  -2.3185395785693414E-003  -1.3470288108555484E-003  -7.2646613222896170E-007   9.6271622607869341E-006   1.4164795419004340E-008  -1.3440882841754150E-003  -5.2911703929928721E-006   6.9591054887219571E-005   1.0425106474975459E-007  -2.9077778629556622E-010  -1.3438900958251578E-003
 dijxc
  -9.4884401268430160E-003   9.7092546396867013E-002 -0.75870826906420874        1.7611277869825008E-004  -2.3186688532649742E-003  -1.3470780147208407E-003  -7.2650128132483781E-007   9.6276137355710869E-006   1.4165758906360316E-008  -1.3441371653376910E-003  -5.2901997741907281E-006   6.9578639549751987E-005   1.0424938365340554E-007  -2.9070937462286130E-010  -1.3439390314910118E-003
  -9.4884401268430160E-003   9.7092546396867013E-002 -0.75870826906420874        1.7611277869825008E-004  -2.3186688532649742E-003  -1.3470780147208407E-003  -7.2650128132483781E-007   9.6276137355710869E-006   1.4165758906360316E-008  -1.3441371653376910E-003  -5.2901997741907281E-006   6.9578639549751987E-005   1.0424938365340554E-007  -2.9070937462286130E-010  -1.3439390314910118E-003
 dijxc
  -9.4884296980367704E-003   9.7092477731843221E-002 -0.75870761318983471        1.7611251408958245E-004  -2.3186641181549492E-003  -1.3470755681695957E-003  -7.2648303972396090E-007   9.6273689073063289E-006   1.4165492368499671E-008  -1.3441347104540570E-003  -5.2876378563918054E-006   6.9544464454462056E-005   1.0417119798790435E-007  -2.9048667022248113E-010  -1.3439365546144655E-003
  -9.4884296980367704E-003   9.7092477731843221E-002 -0.75870761318983471        1.7611251408958245E-004  -2.3186641181549492E-003  -1.3470755681695957E-003  -7.2648303972396090E-007   9.6273689073063289E-006   1.4165492368499671E-008  -1.3441347104540570E-003  -5.2876378563918054E-006   6.9544464454462056E-005   1.0417119798790435E-007  -2.9048667022248113E-010  -1.3439365546144655E-003
 dijxc
  -9.4887689869586761E-003   9.7095954418337960E-002 -0.75873476605862422        1.7612229491726597E-004  -2.3187917196780560E-003  -1.3471237729249389E-003  -7.2651067429931065E-007   9.6277192043091695E-006   1.4166352543937525E-008  -1.3441825876156191E-003  -5.2878312102553651E-006   6.9546953838308631E-005   1.0417662719655846E-007  -2.9050379261863426E-010  -1.3439844840000730E-003
  -9.4887689869586761E-003   9.7095954418337960E-002 -0.75873476605862422        1.7612229491726597E-004  -2.3187917196780560E-003  -1.3471237729249389E-003  -7.2651067429931065E-007   9.6277192043091695E-006   1.4166352543937525E-008  -1.3441825876156191E-003  -5.2878312102553651E-006   6.9546953838308631E-005   1.0417662719655846E-007  -2.9050379261863426E-010  -1.3439844840000730E-003
 dijxc
  -9.4880905810811322E-003   9.7088999716483590E-002 -0.75868046977064807        1.7610273403223338E-004  -2.3185365219427095E-003  -1.3470276393751294E-003  -7.2645539517991915E-007   9.6270184583070157E-006   1.4164632353143115E-008  -1.3440871091633670E-003  -5.2874438556529268E-006   6.9541966471759479E-005   1.0416575888822635E-007  -2.9046949678734582E-010  -1.3438889010948898E-003
  -9.4880905810811322E-003   9.7088999716483590E-002 -0.75868046977064807        1.7610273403223338E-004  -2.3185365219427095E-003  -1.3470276393751294E-003  -7.2645539517991915E-007   9.6270184583070157E-006   1.4164632353143115E-008  -1.3440871091633670E-003  -5.2874438556529268E-006   6.9541966471759479E-005   1.0416575888822635E-007  -2.9046949678734582E-010  -1.3438889010948898E-003
 dijxc
  -9.4884301595854099E-003   9.7092479669994486E-002 -0.75870763972447319        1.7611250942934121E-004  -2.3186641084744644E-003  -1.3470757739824620E-003  -7.2648312382458385E-007   9.6273702149926321E-006   1.4165490064893135E-008  -1.3441349171203377E-003  -5.2876447076318540E-006   6.9544555900058025E-005   1.0417131052966957E-007  -2.9048720985561333E-010  -1.3439367613213731E-003
  -9.4884301595854099E-003   9.7092479669994486E-002 -0.75870763972447319        1.7611250942934121E-004  -2.3186641084744644E-003  -1.3470757739824620E-003  -7.2648312382458385E-007   9.6273702149926321E-006   1.4165490064893135E-008  -1.3441349171203377E-003  -5.2876447076318540E-006   6.9544555900058025E-005   1.0417131052966957E-007  -2.9048720985561333E-010  -1.3439367613213731E-003
 dijxc
  -9.4884400159728419E-003   9.7092546552707187E-002 -0.75870825945703146        1.7611282006783213E-004  -2.3186693805695474E-003  -1.3470778734161260E-003  -7.2650228260802256E-007   9.6276268373512034E-006   1.4165781314296608E-008  -1.3441370226776137E-003  -5.2917999507134312E-006   6.9599569891992005E-005   1.0427960094488556E-007  -2.9083903322397865E-010  -1.3439388908851595E-003
  -9.4884400159728419E-003   9.7092546552707187E-002 -0.75870825945703146        1.7611282006783213E-004  -2.3186693805695474E-003  -1.3470778734161260E-003  -7.2650228260802256E-007   9.6276268373512034E-006   1.4165781314296608E-008  -1.3441370226776137E-003  -5.2917999507134312E-006   6.9599569891992005E-005   1.0427960094488556E-007  -2.9083903322397865E-010  -1.3439388908851595E-003
 dijxc
  -9.4887833778755787E-003   9.7096054163213416E-002 -0.75873566943239912        1.7612269111570293E-004  -2.3187987046403217E-003  -1.3471266650258297E-003  -7.2653737722528960E-007   9.6280773274468308E-006   1.4166748479488465E-008  -1.3441854904536299E-003  -5.2908841011572367E-006   6.9587864450146024E-005   1.0427867382665521E-007  -2.9077499204748493E-010  -1.3439874134723649E-003
  -9.4887833778755787E-003   9.7096054163213416E-002 -0.75873566943239912        1.7612269111570293E-004  -2.3187987046403217E-003  -1.3471266650258297E-003  -7.2653737722528960E-007   9.6280773274468308E-006   1.4166748479488465E-008  -1.3441854904536299E-003  -5.2908841011572367E-006   6.9587864450146024E-005   1.0427867382665521E-007  -2.9077499204748493E-010  -1.3439874134723649E-003
 dijxc
  -9.4881040197683873E-003   9.7089093055876097E-002 -0.75868131840847342        1.7610303693514222E-004  -2.3185421665904752E-003  -1.3470303908899208E-003  -7.2647919748539845E-007   9.6273379735319254E-006   1.4164976148377075E-008  -1.3440898723254002E-003  -5.2861844016841832E-006   6.9526477563757973E-005   1.0418638956270615E-007  -2.9039112849629456E-010  -1.3438916853563160E-003
  -9.4881040197683873E-003   9.7089093055876097E-002 -0.75868131840847342        1.7610303693514222E-004  -2.3185421665904752E-003  -1.3470303908899208E-003  -7.2647919748539845E-007   9.6273379735319254E-006   1.4164976148377075E-008  -1.3440898723254002E-003  -5.2861844016841832E-006   6.9526477563757973E-005   1.0418638956270615E-007  -2.9039112849629456E-010  -1.3438916853563160E-003
 dijxc
  -9.4884459427966583E-003   9.7092590400767009E-002 -0.75870864617201672        1.7611274320967766E-004  -2.3186691678074305E-003  -1.3470790256828946E-003  -7.2650932810921644E-007   9.6277225186184644E-006   1.4165851401836299E-008  -1.3441381854577290E-003  -5.2777199216208261E-006   6.9416066775062111E-005   1.0404298500619583E-007  -2.8971461694102853E-010  -1.3439400431552058E-003
  -9.4884459427966583E-003   9.7092590400767009E-002 -0.75870864617201672        1.7611274320967766E-004  -2.3186691678074305E-003  -1.3470790256828946E-003  -7.2650932810921644E-007   9.6277225186184644E-006   1.4165851401836299E-008  -1.3441381854577290E-003  -5.2777199216208261E-006   6.9416066775062111E-005   1.0404298500619583E-007  -2.8971461694102853E-010  -1.3439400431552058E-003
 dijxc
  -9.4884297234549466E-003   9.7092477247236728E-002 -0.75870761076933191        1.7611251387119833E-004  -2.3186641114975102E-003  -1.3470756169969521E-003  -7.2648302971631385E-007   9.6273687592396064E-006   1.4165492429199885E-008  -1.3441347592397564E-003  -5.2876372456093440E-006   6.9544456353852152E-005   1.0417118807540958E-007  -2.9048662310536380E-010  -1.3439366033932236E-003
  -9.4884297234549466E-003   9.7092477247236728E-002 -0.75870761076933191        1.7611251387119833E-004  -2.3186641114975102E-003  -1.3470756169969521E-003  -7.2648302971631385E-007   9.6273687592396064E-006   1.4165492429199885E-008  -1.3441347592397564E-003  -5.2876372456093440E-006   6.9544456353852152E-005   1.0417118807540958E-007  -2.9048662310536380E-010  -1.3439366033932236E-003
 dijxc
  -9.4887690282413149E-003   9.7095953162232018E-002 -0.75873477005920043        1.7612229465894353E-004  -2.3187917111415208E-003  -1.3471239303028254E-003  -7.2651066065591412E-007   9.6277190027828518E-006   1.4166352628103226E-008  -1.3441827449356051E-003  -5.2878303585112460E-006   6.9546942547572626E-005   1.0417661334417423E-007  -2.9050372687198260E-010  -1.3439846413106410E-003
  -9.4887690282413149E-003   9.7095953162232018E-002 -0.75873477005920043        1.7612229465894353E-004  -2.3187917111415208E-003  -1.3471239303028254E-003  -7.2651066065591412E-007   9.6277190027828518E-006   1.4166352628103226E-008  -1.3441827449356051E-003  -5.2878303585112460E-006   6.9546942547572626E-005   1.0417661334417423E-007  -2.9050372687198260E-010  -1.3439846413106410E-003
 dijxc
  -9.4880904866271182E-003   9.7089000060693487E-002 -0.75868046192204897        1.7610273385337502E-004  -2.3185365150018788E-003  -1.3470275169109524E-003  -7.2645538383971489E-007   9.6270182893176188E-006   1.4164632448623897E-008  -1.3440869866448778E-003  -5.2874430860986465E-006   6.9541956273968936E-005   1.0416574640887560E-007  -2.9046943857073030E-010  -1.3438887785680398E-003
  -9.4880904866271182E-003   9.7089000060693487E-002 -0.75868046192204897        1.7610273385337502E-004  -2.3185365150018788E-003  -1.3470275169109524E-003  -7.2645538383971489E-007   9.6270182893176188E-006   1.4164632448623897E-008  -1.3440869866448778E-003  -5.2874430860986465E-006   6.9541956273968936E-005   1.0416574640887560E-007  -2.9046943857073030E-010  -1.3438887785680398E-003
 dijxc
  -9.4884299416123606E-003   9.7092480033024176E-002 -0.75870763358017590        1.7611250936613466E-004  -2.3186641024346769E-003  -1.3470755804726314E-003  -7.2648311292779012E-007   9.6273700491429728E-006   1.4165490205336566E-008  -1.3441347235458863E-003  -5.2876438466086169E-006   6.9544544491600553E-005   1.0417129662355039E-007  -2.9048714637488688E-010  -1.3439365677379040E-003
  -9.4884299416123606E-003   9.7092480033024176E-002 -0.75870763358017590        1.7611250936613466E-004  -2.3186641024346769E-003  -1.3470755804726314E-003  -7.2648311292779012E-007   9.6273700491429728E-006   1.4165490205336566E-008  -1.3441347235458863E-003  -5.2876438466086169E-006   6.9544544491600553E-005   1.0417129662355039E-007  -2.9048714637488688E-010  -1.3439365677379040E-003
 dijxc
  -9.4884459719983324E-003   9.7092588885611231E-002 -0.75870865053678627        1.7611278217966123E-004  -2.3186696625169079E-003  -1.3470791844253968E-003  -7.2651026780040561E-007   9.6277348040306641E-006   1.4165872543272480E-008  -1.3441383428979526E-003  -5.2792383742365897E-006   6.9435924105025075E-005   1.0407158762171787E-007  -2.8983770817546005E-010  -1.3439402026492393E-003
  -9.4884459719983324E-003   9.7092588885611231E-002 -0.75870865053678627        1.7611278217966123E-004  -2.3186696625169079E-003  -1.3470791844253968E-003  -7.2651026780040561E-007   9.6277348040306641E-006   1.4165872543272480E-008  -1.3441383428979526E-003  -5.2792383742365897E-006   6.9435924105025075E-005   1.0407158762171787E-007  -2.8983770817546005E-010  -1.3439402026492393E-003
 dijxc
  -9.4887863416337499E-003   9.7096079346598987E-002 -0.75873587717907065        1.7612242790683206E-004  -2.3187957065199738E-003  -1.3471271478906863E-003  -7.2653808769915766E-007   9.6280882703589228E-006   1.4166712106448930E-008  -1.3441859839643832E-003  -5.2674471232649253E-006   6.9282014099295467E-005   1.0386515263603960E-007  -2.8889102733617057E-010  -1.3439878840611078E-003
  -9.4887863416337499E-003   9.7096079346598987E-002 -0.75873587717907065        1.7612242790683206E-004  -2.3187957065199738E-003  -1.3471271478906863E-003  -7.2653808769915766E-007   9.6280882703589228E-006   1.4166712106448930E-008  -1.3441859839643832E-003  -5.2674471232649253E-006   6.9282014099295467E-005   1.0386515263603960E-007  -2.8889102733617057E-010  -1.3439878840611078E-003
 dijxc
  -9.4881064846356524E-003   9.7089115756356814E-002 -0.75868149906224147        1.7610276611145558E-004  -2.3185390046024878E-003  -1.3470307165756598E-003  -7.2647925006361086E-007   9.6273399865124313E-006   1.4164931664812238E-008  -1.3440902078531757E-003  -5.2615877700682718E-006   6.9205521483037090E-005   1.0375152815241389E-007  -2.8841210935143056E-010  -1.3438919960066615E-003
  -9.4881064846356524E-003   9.7089115756356814E-002 -0.75868149906224147        1.7610276611145558E-004  -2.3185390046024878E-003  -1.3470307165756598E-003  -7.2647925006361086E-007   9.6273399865124313E-006   1.4164931664812238E-008  -1.3440902078531757E-003  -5.2615877700682718E-006   6.9205521483037090E-005   1.0375152815241389E-007  -2.8841210935143056E-010  -1.3438919960066615E-003
 dijxc
  -9.4884456734919218E-003   9.7092595352727740E-002 -0.75870865636701257        1.7611234379647596E-004  -2.3186639987699187E-003  -1.3470787460301648E-003  -7.2650420605758306E-007   9.6276550793228224E-006   1.4165725004168232E-008  -1.3441379142282162E-003  -5.2450433742070553E-006   6.8989591597292042E-005   1.0345636216217065E-007  -2.8707728655162793E-010  -1.3439397357446683E-003
  -9.4884456734919218E-003   9.7092595352727740E-002 -0.75870865636701257        1.7611234379647596E-004  -2.3186639987699187E-003  -1.3470787460301648E-003  -7.2650420605758306E-007   9.6276550793228224E-006   1.4165725004168232E-008  -1.3441379142282162E-003  -5.2450433742070553E-006   6.8989591597292042E-005   1.0345636216217065E-007  -2.8707728655162793E-010  -1.3439397357446683E-003
 dijxc
  -9.4884296722758891E-003   9.7092477107486946E-002 -0.75870760651369551        1.7611251379017815E-004  -2.3186641045176361E-003  -1.3470755839608667E-003  -7.2648301807295439E-007   9.6273685806524588E-006   1.4165492585474776E-008  -1.3441347261338183E-003  -5.2876363594804340E-006   6.9544444595790871E-005   1.0417117389949182E-007  -2.9048655767853553E-010  -1.3439365702775877E-003
  -9.4884296722758891E-003   9.7092477107486946E-002 -0.75870760651369551        1.7611251379017815E-004  -2.3186641045176361E-003  -1.3470755839608667E-003  -7.2648301807295439E-007   9.6273685806524588E-006   1.4165492585474776E-008  -1.3441347261338183E-003  -5.2876363594804340E-006   6.9544444595790871E-005   1.0417117389949182E-007  -2.9048655767853553E-010  -1.3439365702775877E-003
 dijxc
  -9.4887690503533961E-003   9.7095952743820851E-002 -0.75873476672652185        1.7612229469102532E-004  -2.3187917062402743E-003  -1.3471239709896127E-003  -7.2651065098859464E-007   9.6277188525599408E-006   1.4166352808348743E-008  -1.3441827855514448E-003  -5.2878294545696440E-006   6.9546930580174796E-005   1.0417659881880199E-007  -2.9050366219859695E-010  -1.3439846819172975E-003
  -9.4887690503533961E-003   9.7095952743820851E-002 -0.75873476672652185        1.7612229469102532E-004  -2.3187917062402743E-003  -1.3471239709896127E-003  -7.2651065098859464E-007   9.6277188525599408E-006   1.4166352808348743E-008  -1.3441827855514448E-003  -5.2878294545696440E-006   6.9546930580174796E-005   1.0417659881880199E-007  -2.9050366219859695E-010  -1.3439846819172975E-003
 dijxc
  -9.4880904584877801E-003   9.7088999192513389E-002 -0.75868046616268092        1.7610273395433280E-004  -2.3185365118520138E-003  -1.3470275976180475E-003  -7.2645537693723154E-007   9.6270181788696284E-006   1.4164632630672100E-008  -1.3440870672883590E-003  -5.2874423012406230E-006   6.9541945890176207E-005   1.0416573382632321E-007  -2.9046938404469907E-010  -1.3438888592037567E-003
  -9.4880904584877801E-003   9.7088999192513389E-002 -0.75868046616268092        1.7610273395433280E-004  -2.3185365118520138E-003  -1.3470275976180475E-003  -7.2645537693723154E-007   9.6270181788696284E-006   1.4164632630672100E-008  -1.3440870672883590E-003  -5.2874423012406230E-006   6.9541945890176207E-005   1.0416573382632321E-007  -2.9046938404469907E-010  -1.3438888592037567E-003
 dijxc
  -9.4884300168679436E-003   9.7092479544710106E-002 -0.75870762991225749        1.7611250964379285E-004  -2.3186641023263755E-003  -1.3470756583016164E-003  -7.2648311032209485E-007   9.6273699979702735E-006   1.4165490425860658E-008  -1.3441348013137724E-003  -5.2876431726508350E-006   6.9544535584747230E-005   1.0417128595653372E-007  -2.9048710310059652E-010  -1.3439366454995063E-003
  -9.4884300168679436E-003   9.7092479544710106E-002 -0.75870762991225749        1.7611250964379285E-004  -2.3186641023263755E-003  -1.3470756583016164E-003  -7.2648311032209485E-007   9.6273699979702735E-006   1.4165490425860658E-008  -1.3441348013137724E-003  -5.2876431726508350E-006   6.9544535584747230E-005   1.0417128595653372E-007  -2.9048710310059652E-010  -1.3439366454995063E-003
 dijxc
  -9.4884453319470843E-003   9.7092594561010409E-002 -0.75870863658797105        1.7611235016726256E-004  -2.3186640481946495E-003  -1.3470785310355524E-003  -7.2650430396477232E-007   9.6276562370118167E-006   1.4165729483126118E-008  -1.3441376986182256E-003  -5.2453909157527268E-006   6.8994111586789176E-005   1.0346268617936491E-007  -2.8710585825359665E-010  -1.3439395207316166E-003
  -9.4884453319470843E-003   9.7092594561010409E-002 -0.75870863658797105        1.7611235016726256E-004  -2.3186640481946495E-003  -1.3470785310355524E-003  -7.2650430396477232E-007   9.6276562370118167E-006   1.4165729483126118E-008  -1.3441376986182256E-003  -5.2453909157527268E-006   6.8994111586789176E-005   1.0346268617936491E-007  -2.8710585825359665E-010  -1.3439395207316166E-003
 dijxc
  -9.4887830108092951E-003   9.7096061469832212E-002 -0.75873569348772285        1.7612185869540154E-004  -2.3187879178647097E-003  -1.3471264846681881E-003  -7.2652633118758155E-007   9.6279318959143000E-006   1.4166479138121515E-008  -1.3441853277957982E-003  -5.2245272616625646E-006   6.8721758260727409E-005   1.0308635098092600E-007  -2.8541939686931184E-010  -1.3439871773471296E-003
  -9.4887830108092951E-003   9.7096061469832212E-002 -0.75873569348772285        1.7612185869540154E-004  -2.3187879178647097E-003  -1.3471264846681881E-003  -7.2652633118758155E-007   9.6279318959143000E-006   1.4166479138121515E-008  -1.3441853277957982E-003  -5.2245272616625646E-006   6.8721758260727409E-005   1.0308635098092600E-007  -2.8541939686931184E-010  -1.3439871773471296E-003
 dijxc
  -9.4881033977309848E-003   9.7089099540770538E-002 -0.75868133263218318        1.7610228521518746E-004  -2.3185323934608072E-003  -1.3470300834055168E-003  -7.2646945576879580E-007   9.6272094435475674E-006   1.4164740074117427E-008  -1.3440895793637565E-003  -5.2213751735608935E-006   6.8680766497676392E-005   1.0302458289406252E-007  -2.8515806917895377E-010  -1.3438913201807966E-003
  -9.4881033977309848E-003   9.7089099540770538E-002 -0.75868133263218318        1.7610228521518746E-004  -2.3185323934608072E-003  -1.3470300834055168E-003  -7.2646945576879580E-007   9.6272094435475674E-006   1.4164740074117427E-008  -1.3440895793637565E-003  -5.2213751735608935E-006   6.8680766497676392E-005   1.0302458289406252E-007  -2.8515806917895377E-010  -1.3438913201807966E-003
 dijxc
  -9.4884403835958728E-003   9.7092565859970850E-002 -0.75870835114956581        1.7611188795549790E-004  -2.3186574485903229E-003  -1.3470774885992998E-003  -7.2649274752537494E-007   9.6275013953451302E-006   1.4165524032114040E-008  -1.3441366562135090E-003  -5.2018678352245675E-006   6.8426389644277521E-005   1.0267556852521007E-007  -2.8357640165742382E-010  -1.3439384254213100E-003
  -9.4884403835958728E-003   9.7092565859970850E-002 -0.75870835114956581        1.7611188795549790E-004  -2.3186574485903229E-003  -1.3470774885992998E-003  -7.2649274752537494E-007   9.6275013953451302E-006   1.4165524032114040E-008  -1.3441366562135090E-003  -5.2018678352245675E-006   6.8426389644277521E-005   1.0267556852521007E-007  -2.8357640165742382E-010  -1.3439384254213100E-003
 dijxc
  -9.4884295607632844E-003   9.7092477158988846E-002 -0.75870760007797688        1.7611251407013672E-004  -2.3186641043926007E-003  -1.3470754805462067E-003  -7.2648301533253832E-007   9.6273685275435946E-006   1.4165492806554413E-008  -1.3441346226574431E-003  -5.2876356738267526E-006   6.9544435534996547E-005   1.0417116303424443E-007  -2.9048651355253317E-010  -1.3439364667948510E-003
  -9.4884295607632844E-003   9.7092477158988846E-002 -0.75870760007797688        1.7611251407013672E-004  -2.3186641043926007E-003  -1.3470754805462067E-003  -7.2648301533253832E-007   9.6273685275435946E-006   1.4165492806554413E-008  -1.3441346226574431E-003  -5.2876356738267526E-006   6.9544435534996547E-005   1.0417116303424443E-007  -2.9048651355253317E-010  -1.3439364667948510E-003
 dijxc
  -9.4887688338656760E-003   9.7095953822429290E-002 -0.75873475289331360        1.7612229520488231E-004  -2.3187917104220885E-003  -1.3471236755227085E-003  -7.2651065473634221E-007   9.6277188896256266E-006   1.4166353071458266E-008  -1.3441824900307373E-003  -5.2878289826127113E-006   6.9546924356817341E-005   1.0417659158930906E-007  -2.9050363795860672E-010  -1.3439843863927987E-003
  -9.4887688338656760E-003   9.7095953822429290E-002 -0.75873475289331360        1.7612229520488231E-004  -2.3187917104220885E-003  -1.3471236755227085E-003  -7.2651065473634221E-007   9.6277188896256266E-006   1.4166353071458266E-008  -1.3441824900307373E-003  -5.2878289826127113E-006   6.9546924356817341E-005   1.0417659158930906E-007  -2.9050363795860672E-010  -1.3439843863927987E-003
 dijxc
  -9.4880903915715454E-003   9.7088999507935425E-002 -0.75868045781899784        1.7610273445987362E-004  -2.3185365162554923E-003  -1.3470274915538369E-003  -7.2645538183041531E-007   9.6270182322581862E-006   1.4164632887082407E-008  -1.3440869611757635E-003  -5.2874419199267571E-006   6.9541940860288324E-005   1.0416572811864417E-007  -2.9046936665661456E-010  -1.3438887530880439E-003
  -9.4880903915715454E-003   9.7088999507935425E-002 -0.75868045781899784        1.7610273445987362E-004  -2.3185365162554923E-003  -1.3470274915538369E-003  -7.2645538183041531E-007   9.6270182322581862E-006   1.4164632887082407E-008  -1.3440869611757635E-003  -5.2874419199267571E-006   6.9541940860288324E-005   1.0416572811864417E-007  -2.9046936665661456E-010  -1.3438887530880439E-003
 dijxc
  -9.4884298305344828E-003   9.7092480599548781E-002 -0.75870761961939936        1.7611251027291954E-004  -2.3186641089578560E-003  -1.3470753990928131E-003  -7.2648312061626096E-007   9.6273701245328133E-006   1.4165490717326807E-008  -1.3441345420648625E-003  -5.2876430446581860E-006   6.9544533887474090E-005   1.0417128469797365E-007  -2.9048710740053498E-010  -1.3439363862494886E-003
  -9.4884298305344828E-003   9.7092480599548781E-002 -0.75870761961939936        1.7611251027291954E-004  -2.3186641089578560E-003  -1.3470753990928131E-003  -7.2648312061626096E-007   9.6273701245328133E-006   1.4165490717326807E-008  -1.3441345420648625E-003  -5.2876430446581860E-006   6.9544533887474090E-005   1.0417128469797365E-007  -2.9048710740053498E-010  -1.3439363862494886E-003
 dijxc
  -9.4884399853937731E-003   9.7092562140951078E-002 -0.75870832360573193        1.7611185881419194E-004  -2.3186570026182927E-003  -1.3470774989421054E-003  -7.2649188838450188E-007   9.6274898631678530E-006   1.4165510355926337E-008  -1.3441366665485244E-003  -5.2008122091818952E-006   6.8412546264593952E-005   1.0265538405620743E-007  -2.8349155306533474E-010  -1.3439384344839083E-003
  -9.4884399853937731E-003   9.7092562140951078E-002 -0.75870832360573193        1.7611185881419194E-004  -2.3186570026182927E-003  -1.3470774989421054E-003  -7.2649188838450188E-007   9.6274898631678530E-006   1.4165510355926337E-008  -1.3441366665485244E-003  -5.2008122091818952E-006   6.8412546264593952E-005   1.0265538405620743E-007  -2.8349155306533474E-010  -1.3439384344839083E-003
 dijxc
  -9.4887755952668476E-003   9.7096016938858484E-002 -0.75873525518807872        1.7612145466461068E-004  -2.3187817692689938E-003  -1.3471248204159746E-003  -7.2651366388120116E-007   9.6277610231559406E-006   1.4166280042002098E-008  -1.3441836567331653E-003  -5.1790652281138291E-006   6.8129014151693609E-005   1.0226526400965254E-007  -2.8172536175276380E-010  -1.3439854496317188E-003
  -9.4887755952668476E-003   9.7096016938858484E-002 -0.75873525518807872        1.7612145466461068E-004  -2.3187817692689938E-003  -1.3471248204159746E-003  -7.2651366388120116E-007   9.6277610231559406E-006   1.4166280042002098E-008  -1.3441836567331653E-003  -5.1790652281138291E-006   6.8129014151693609E-005   1.0226526400965254E-007  -2.8172536175276380E-010  -1.3439854496317188E-003
 dijxc
  -9.4880969825081179E-003   9.7089060757775444E-002 -0.75868095059028240        1.7610199487978255E-004  -2.3185278349630374E-003  -1.3470286669628820E-003  -7.2645976403790123E-007   9.6270780614092021E-006   1.4164597129992357E-008  -1.3440881542173008E-003  -5.1804879747410407E-006   6.8147881058611834E-005   1.0228994303983731E-007  -2.8183344847636713E-010  -1.3438898444104693E-003
  -9.4880969825081179E-003   9.7089060757775444E-002 -0.75868095059028240        1.7610199487978255E-004  -2.3185278349630374E-003  -1.3470286669628820E-003  -7.2645976403790123E-007   9.6270780614092021E-006   1.4164597129992357E-008  -1.3440881542173008E-003  -5.1804879747410407E-006   6.8147881058611834E-005   1.0228994303983731E-007  -2.8183344847636713E-010  -1.3438898444104693E-003
 dijxc
  -9.4884336090862165E-003   9.7092522055182082E-002 -0.75870793702987394        1.7611177581260980E-004  -2.3186551459989406E-003  -1.3470761336445275E-003  -7.2648570549352626E-007   9.6274043609582942E-006   1.4165449314960737E-008  -1.3441352856017829E-003  -5.1651378133678721E-006   6.7948161036586593E-005   1.0202153591980182E-007  -2.8058035809685048E-010  -1.3439370088061586E-003
  -9.4884336090862165E-003   9.7092522055182082E-002 -0.75870793702987394        1.7611177581260980E-004  -2.3186551459989406E-003  -1.3470761336445275E-003  -7.2648570549352626E-007   9.6274043609582942E-006   1.4165449314960737E-008  -1.3441352856017829E-003  -5.1651378133678721E-006   6.7948161036586593E-005   1.0202153591980182E-007  -2.8058035809685048E-010  -1.3439370088061586E-003
 dijxc
  -9.4884295977278980E-003   9.7092476460957228E-002 -0.75870760521811320        1.7611251469226523E-004  -2.3186641120207007E-003  -1.3470755903774243E-003  -7.2648302606537093E-007   9.6273686644314576E-006   1.4165493071939163E-008  -1.3441347324551916E-003  -5.2876355531622277E-006   6.9544433966839010E-005   1.0417116167674930E-007  -2.9048651832209257E-010  -1.3439365765922256E-003
  -9.4884295977278980E-003   9.7092476460957228E-002 -0.75870760521811320        1.7611251469226523E-004  -2.3186641120207007E-003  -1.3470755903774243E-003  -7.2648302606537093E-007   9.6273686644314576E-006   1.4165493071939163E-008  -1.3441347324551916E-003  -5.2876355531622277E-006   6.9544433966839010E-005   1.0417116167674930E-007  -2.9048651832209257E-010  -1.3439365765922256E-003
 dijxc
  -9.4887688303099457E-003   9.7095954294298459E-002 -0.75873474819221787        1.7612229596044508E-004  -2.3187917205743178E-003  -1.3471236113574989E-003  -7.2651067191436191E-007   9.6277191140152151E-006   1.4166353368866566E-008  -1.3441824258442936E-003  -5.2878291907737381E-006   6.9546927111841346E-005   1.0417659595577483E-007  -2.9050367015347808E-010  -1.3439843222085774E-003
  -9.4887688303099457E-003   9.7095954294298459E-002 -0.75873474819221787        1.7612229596044508E-004  -2.3187917205743178E-003  -1.3471236113574989E-003  -7.2651067191436191E-007   9.6277191140152151E-006   1.4166353368866566E-008  -1.3441824258442936E-003  -5.2878291907737381E-006   6.9546927111841346E-005   1.0417659595577483E-007  -2.9050367015347808E-010  -1.3439843222085774E-003
 dijxc
  -9.4880903813228008E-003   9.7088999437863518E-002 -0.75868045921859850        1.7610273508852583E-004  -2.3185365251799390E-003  -1.3470274957610262E-003  -7.2645539762252309E-007   9.6270184402170516E-006   1.4164633143785095E-008  -1.3440869653679754E-003  -5.2874421361817173E-006   6.9541943729788886E-005   1.0416573248512487E-007  -2.9046939773893436E-010  -1.3438887572824252E-003
  -9.4880903813228008E-003   9.7088999437863518E-002 -0.75868045921859850        1.7610273508852583E-004  -2.3185365251799390E-003  -1.3470274957610262E-003  -7.2645539762252309E-007   9.6270184402170516E-006   1.4164633143785095E-008  -1.3440869653679754E-003  -5.2874421361817173E-006   6.9541943729788886E-005   1.0416573248512487E-007  -2.9046939773893436E-010  -1.3438887572824252E-003
 dijxc
  -9.4884299915119433E-003   9.7092479082785954E-002 -0.75870763355354309        1.7611251081777794E-004  -2.3186641175022595E-003  -1.3470756996727317E-003  -7.2648313931193564E-007   9.6273703732601877E-006   1.4165490956827042E-008  -1.3441348426446885E-003  -5.2876435092420729E-006   6.9544540020529728E-005   1.0417129330294684E-007  -2.9048715715078120E-010  -1.3439366868330141E-003
  -9.4884299915119433E-003   9.7092479082785954E-002 -0.75870763355354309        1.7611251081777794E-004  -2.3186641175022595E-003  -1.3470756996727317E-003  -7.2648313931193564E-007   9.6273703732601877E-006   1.4165490956827042E-008  -1.3441348426446885E-003  -5.2876435092420729E-006   6.9544540020529728E-005   1.0417129330294684E-007  -2.9048715715078120E-010  -1.3439366868330141E-003
 dijxc
  -9.4884328177018765E-003   9.7092517509239140E-002 -0.75870789460410570        1.7611173843192724E-004  -2.3186545647148104E-003  -1.3470759277617510E-003  -7.2648451445640295E-007   9.6273883538526021E-006   1.4165430943301103E-008  -1.3441350795348550E-003  -5.1634541212226143E-006   6.7926129796274789E-005   1.0198980078856703E-007  -2.8044443970219388E-010  -1.3439368005035235E-003
  -9.4884328177018765E-003   9.7092517509239140E-002 -0.75870789460410570        1.7611173843192724E-004  -2.3186545647148104E-003  -1.3470759277617510E-003  -7.2648451445640295E-007   9.6273883538526021E-006   1.4165430943301103E-008  -1.3441350795348550E-003  -5.1634541212226143E-006   6.7926129796274789E-005   1.0198980078856703E-007  -2.8044443970219388E-010  -1.3439368005035235E-003
 dijxc
  -9.4887687950649148E-003   9.7095973058818077E-002 -0.75873483381968276        1.7612159438664283E-004  -2.3187827492757236E-003  -1.3471233278013726E-003  -7.2651122183949340E-007   9.6277242286149023E-006   1.4166310749759495E-008  -1.3441821402713928E-003  -5.1495154470684134E-006   6.7745010562961119E-005   1.0174939451290306E-007  -2.7930182151158706E-010  -1.3439838956309134E-003
  -9.4887687950649148E-003   9.7095973058818077E-002 -0.75873483381968276        1.7612159438664283E-004  -2.3187827492757236E-003  -1.3471233278013726E-003  -7.2651122183949340E-007   9.6277242286149023E-006   1.4166310749759495E-008  -1.3441821402713928E-003  -5.1495154470684134E-006   6.7745010562961119E-005   1.0174939451290306E-007  -2.7930182151158706E-010  -1.3439838956309134E-003
 dijxc
  -9.4880912440662834E-003   9.7089024980151040E-002 -0.75868059011972455        1.7610217695836905E-004  -2.3185295062829619E-003  -1.3470272783768745E-003  -7.2645899267222944E-007   9.6270638120901278E-006   1.4164651985573432E-008  -1.3440867426349539E-003  -5.1541320231050746E-006   6.7805521198519611E-005   1.0183317980689327E-007  -2.7966918340026725E-010  -1.3438883998998198E-003
  -9.4880912440662834E-003   9.7089024980151040E-002 -0.75868059011972455        1.7610217695836905E-004  -2.3185295062829619E-003  -1.3470272783768745E-003  -7.2645899267222944E-007   9.6270638120901278E-006   1.4164651985573432E-008  -1.3440867426349539E-003  -5.1541320231050746E-006   6.7805521198519611E-005   1.0183317980689327E-007  -2.7966918340026725E-010  -1.3438883998998198E-003
 dijxc
  -9.4884292640462654E-003   9.7092492235213795E-002 -0.75870766660536559        1.7611215266774864E-004  -2.3186595214277129E-003  -1.3470752868152004E-003  -7.2648938121347334E-007   9.6274491547010415E-006   1.4165590199184159E-008  -1.3441344120730917E-003  -5.1471258899031282E-006   6.7714926908520311E-005   1.0172229493474514E-007  -2.7908575396825398E-010  -1.3439361131937692E-003
  -9.4884292640462654E-003   9.7092492235213795E-002 -0.75870766660536559        1.7611215266774864E-004  -2.3186595214277129E-003  -1.3470752868152004E-003  -7.2648938121347334E-007   9.6274491547010415E-006   1.4165590199184159E-008  -1.3441344120730917E-003  -5.1471258899031282E-006   6.7714926908520311E-005   1.0172229493474514E-007  -2.7908575396825398E-010  -1.3439361131937692E-003
 dijxc
  -9.4884294787711855E-003   9.7092477863864490E-002 -0.75870759339072325        1.7611251528973002E-004  -2.3186641212981332E-003  -1.3470753358410356E-003  -7.2648304569350977E-007   9.6273689255656640E-006   1.4165493320150717E-008  -1.3441344779189857E-003  -5.2876360456184105E-006   6.9544440466322660E-005   1.0417117076359420E-007  -2.9048657070677069E-010  -1.3439363220600661E-003
  -9.4884294787711855E-003   9.7092477863864490E-002 -0.75870759339072325        1.7611251528973002E-004  -2.3186641212981332E-003  -1.3470753358410356E-003  -7.2648304569350977E-007   9.6273689255656640E-006   1.4165493320150717E-008  -1.3441344779189857E-003  -5.2876360456184105E-006   6.9544440466322660E-005   1.0417117076359420E-007  -2.9048657070677069E-010  -1.3439363220600661E-003
 dijxc
  -9.4887688998285622E-003   9.7095953528200621E-002 -0.75873475744087937        1.7612229638409903E-004  -2.3187917287164086E-003  -1.3471237591988862E-003  -7.2651069349453774E-007   9.6277194051271999E-006   1.4166353566701157E-008  -1.3441825737060681E-003  -5.2878299358152830E-006   6.9546936939188196E-005   1.0417660920964844E-007  -2.9050374019515909E-010  -1.3439844700760060E-003
  -9.4887688998285622E-003   9.7095953528200621E-002 -0.75873475744087937        1.7612229638409903E-004  -2.3187917287164086E-003  -1.3471237591988862E-003  -7.2651069349453774E-007   9.6277194051271999E-006   1.4166353566701157E-008  -1.3441825737060681E-003  -5.2878299358152830E-006   6.9546936939188196E-005   1.0417660920964844E-007  -2.9050374019515909E-010  -1.3439844700760060E-003
 dijxc
  -9.4880903786289141E-003   9.7088999487149066E-002 -0.75868045963069186        1.7610273540371370E-004  -2.3185365308976912E-003  -1.3470274896504519E-003  -7.2645541681596209E-007   9.6270186958151219E-006   1.4164633340241861E-008  -1.3440869592724436E-003  -5.2874428079909603E-006   6.9541952566337445E-005   1.0416574460893353E-007  -2.9046946098029981E-010  -1.3438887511912760E-003
  -9.4880903786289141E-003   9.7088999487149066E-002 -0.75868045963069186        1.7610273540371370E-004  -2.3185365308976912E-003  -1.3470274896504519E-003  -7.2645541681596209E-007   9.6270186958151219E-006   1.4164633340241861E-008  -1.3440869592724436E-003  -5.2874428079909603E-006   6.9541952566337445E-005   1.0416574460893353E-007  -2.9046946098029981E-010  -1.3438887511912760E-003
 dijxc
  -9.4884300858467524E-003   9.7092479092562425E-002 -0.75870763593987278        1.7611251087259837E-004  -2.3186641205966089E-003  -1.3470757657181752E-003  -7.2648315758543026E-007   9.6273706197425487E-006   1.4165491083864218E-008  -1.3441349087211537E-003  -5.2876442771592240E-006   6.9544550126088438E-005   1.0417130681789892E-007  -2.9048722479291238E-010  -1.3439367529143671E-003
  -9.4884300858467524E-003   9.7092479092562425E-002 -0.75870763593987278        1.7611251087259837E-004  -2.3186641205966089E-003  -1.3470757657181752E-003  -7.2648315758543026E-007   9.6273706197425487E-006   1.4165491083864218E-008  -1.3441349087211537E-003  -5.2876442771592240E-006   6.9544550126088438E-005   1.0417130681789892E-007  -2.9048722479291238E-010  -1.3439367529143671E-003
 dijxc
  -9.4884285317249489E-003   9.7092487136400410E-002 -0.75870761893024818        1.7611214296799855E-004  -2.3186592903171239E-003  -1.3470751430247922E-003  -7.2648871469559413E-007   9.6274399698387455E-006   1.4165584463721813E-008  -1.3441342670649711E-003  -5.1460072479008001E-006   6.7700342989779637E-005   1.0170171327017117E-007  -2.7899497259834873E-010  -1.3439359665383577E-003
  -9.4884285317249489E-003   9.7092487136400410E-002 -0.75870761893024818        1.7611214296799855E-004  -2.3186592903171239E-003  -1.3470751430247922E-003  -7.2648871469559413E-007   9.6274399698387455E-006   1.4165584463721813E-008  -1.3441342670649711E-003  -5.1460072479008001E-006   6.7700342989779637E-005   1.0170171327017117E-007  -2.7899497259834873E-010  -1.3439359665383577E-003
 dijxc
  -9.4887665490578053E-003   9.7095956455459265E-002 -0.75873468919813936        1.7612222334496152E-004  -2.3187906826891585E-003  -1.3471228801813779E-003  -7.2652125417837314E-007   9.6278536043815244E-006   1.4166569656542001E-008  -1.3441816622063948E-003  -5.1430855103682519E-006   6.7663184962001409E-005   1.0166827742862086E-007  -2.7873923069681125E-010  -1.3439834106950426E-003
  -9.4887665490578053E-003   9.7095956455459265E-002 -0.75873468919813936        1.7612222334496152E-004  -2.3187906826891585E-003  -1.3471228801813779E-003  -7.2652125417837314E-007   9.6278536043815244E-006   1.4166569656542001E-008  -1.3441816622063948E-003  -5.1430855103682519E-006   6.7663184962001409E-005   1.0166827742862086E-007  -2.7873923069681125E-010  -1.3439834106950426E-003
 dijxc
  -9.4880896809795886E-003   9.7089013856790585E-002 -0.75868048900385576        1.7610273419399789E-004  -2.3185365970521269E-003  -1.3470269253211113E-003  -7.2646820081051916E-007   9.6271828568930332E-006   1.4164883263766148E-008  -1.3440863629737767E-003  -5.1473997519282504E-006   6.7719484461459264E-005   1.0174433410239588E-007  -2.7908461929749721E-010  -1.3438880134718913E-003
  -9.4880896809795886E-003   9.7089013856790585E-002 -0.75868048900385576        1.7610273419399789E-004  -2.3185365970521269E-003  -1.3470269253211113E-003  -7.2646820081051916E-007   9.6271828568930332E-006   1.4164883263766148E-008  -1.3440863629737767E-003  -5.1473997519282504E-006   6.7719484461459264E-005   1.0174433410239588E-007  -2.7908461929749721E-010  -1.3438880134718913E-003
 dijxc
  -9.4884300276692583E-003   9.7092495987546296E-002 -0.75870770307020063        1.7611275363694072E-004  -2.3186674776499903E-003  -1.3470754292409313E-003  -7.2650114857211600E-007   9.6276032213644009E-006   1.4165851015261530E-008  -1.3441345314233551E-003  -5.1473920561989689E-006   6.7719951434208131E-005   1.0176222158592340E-007  -2.7906687773807488E-010  -1.3439362354795085E-003
  -9.4884300276692583E-003   9.7092495987546296E-002 -0.75870770307020063        1.7611275363694072E-004  -2.3186674776499903E-003  -1.3470754292409313E-003  -7.2650114857211600E-007   9.6276032213644009E-006   1.4165851015261530E-008  -1.3441345314233551E-003  -5.1473920561989689E-006   6.7719951434208131E-005   1.0176222158592340E-007  -2.7906687773807488E-010  -1.3439362354795085E-003
 dijxc
  -9.4884296949301339E-003   9.7092476090504531E-002 -0.75870761203091763        1.7611251535992921E-004  -2.3186641242681325E-003  -1.3470757131766890E-003  -7.2648306448329956E-007   9.6273691774255729E-006   1.4165493460324887E-008  -1.3441348552845544E-003  -5.2876368478909960E-006   6.9544451011492716E-005   1.0417118496319483E-007  -2.9048664129624534E-010  -1.3439366994305090E-003
  -9.4884296949301339E-003   9.7092476090504531E-002 -0.75870761203091763        1.7611251535992921E-004  -2.3186641242681325E-003  -1.3470757131766890E-003  -7.2648306448329956E-007   9.6273691774255729E-006   1.4165493460324887E-008  -1.3441348552845544E-003  -5.2876368478909960E-006   6.9544451011492716E-005   1.0417118496319483E-007  -2.9048664129624534E-010  -1.3439366994305090E-003
 dijxc
  -9.4887689996517848E-003   9.7095953157713619E-002 -0.75873476246523319        1.7612229608956985E-004  -2.3187917270893520E-003  -1.3471238800751239E-003  -7.2651070951806265E-007   9.6277196210795458E-006   1.4166353631280529E-008  -1.3441826946254377E-003  -5.2878307749033399E-006   6.9546947957539154E-005   1.0417662383377216E-007  -2.9050380971047804E-010  -1.3439845909998154E-003
  -9.4887689996517848E-003   9.7095953157713619E-002 -0.75873476246523319        1.7612229608956985E-004  -2.3187917270893520E-003  -1.3471238800751239E-003  -7.2651070951806265E-007   9.6277196210795458E-006   1.4166353631280529E-008  -1.3441826946254377E-003  -5.2878307749033399E-006   6.9546947957539154E-005   1.0417662383377216E-007  -2.9050380971047804E-010  -1.3439845909998154E-003
 dijxc
  -9.4880904540540611E-003   9.7088999277314694E-002 -0.75868046154846736        1.7610273509944689E-004  -2.3185365285048666E-003  -1.3470275640149888E-003  -7.2645543122513834E-007   9.6270188880065893E-006   1.4164633406345278E-008  -1.3440870336744884E-003  -5.2874435270912691E-006   6.9541961996683882E-005   1.0416575716103249E-007  -2.9046952088410652E-010  -1.3438888255969176E-003
  -9.4880904540540611E-003   9.7088999277314694E-002 -0.75868046154846736        1.7610273509944689E-004  -2.3185365285048666E-003  -1.3470275640149888E-003  -7.2645543122513834E-007   9.6270188880065893E-006   1.4164633406345278E-008  -1.3440870336744884E-003  -5.2874435270912691E-006   6.9541961996683882E-005   1.0416575716103249E-007  -2.9046952088410652E-010  -1.3438888255969176E-003
 dijxc
  -9.4884301855126373E-003   9.7092477858429602E-002 -0.75870764829033988        1.7611251027289387E-004  -2.3186641141741370E-003  -1.3470759917951585E-003  -7.2648316913920731E-007   9.6273707735723411E-006   1.4165491098732628E-008  -1.3441351348417595E-003  -5.2876449056291072E-006   6.9544558358391353E-005   1.0417131759030320E-007  -2.9048727507599878E-010  -1.3439369790376927E-003
  -9.4884301855126373E-003   9.7092477858429602E-002 -0.75870764829033988        1.7611251027289387E-004  -2.3186641141741370E-003  -1.3470759917951585E-003  -7.2648316913920731E-007   9.6273707735723411E-006   1.4165491098732628E-008  -1.3441351348417595E-003  -5.2876449056291072E-006   6.9544558358391353E-005   1.0417131759030320E-007  -2.9048727507599878E-010  -1.3439369790376927E-003
 dijxc
  -9.4884293571657289E-003   9.7092491686575716E-002 -0.75870766085822339        1.7611278645141503E-004  -2.3186678183379984E-003  -1.3470752474578792E-003  -7.2650141380472745E-007   9.6276063132938250E-006   1.4165864577262976E-008  -1.3441343473099584E-003  -5.1475735875594717E-006   6.7722418633813636E-005   1.0176644872761520E-007  -2.7908070827902043E-010  -1.3439360513902078E-003
  -9.4884293571657289E-003   9.7092491686575716E-002 -0.75870766085822339        1.7611278645141503E-004  -2.3186678183379984E-003  -1.3470752474578792E-003  -7.2650141380472745E-007   9.6276063132938250E-006   1.4165864577262976E-008  -1.3441343473099584E-003  -5.1475735875594717E-006   6.7722418633813636E-005   1.0176644872761520E-007  -2.7908070827902043E-010  -1.3439360513902078E-003
 dijxc
  -9.4887704843792161E-003   9.7095978307502787E-002 -0.75873491874114829        1.7612285558433671E-004  -2.3187994348596841E-003  -1.3471239440893863E-003  -7.2653602173269447E-007   9.6280489230124883E-006   1.4166860234781618E-008  -1.3441827085444551E-003  -5.1516029735841601E-006   6.7775481057854258E-005   1.0185906409033889E-007  -2.7938913723972611E-010  -1.3439844715965857E-003
  -9.4887704843792161E-003   9.7095978307502787E-002 -0.75873491874114829        1.7612285558433671E-004  -2.3187994348596841E-003  -1.3471239440893863E-003  -7.2653602173269447E-007   9.6280489230124883E-006   1.4166860234781618E-008  -1.3441827085444551E-003  -5.1516029735841601E-006   6.7775481057854258E-005   1.0185906409033889E-007  -2.7938913723972611E-010  -1.3439844715965857E-003
 dijxc
  -9.4880935645275891E-003   9.7089035110660235E-002 -0.75868072762424577        1.7610323075845915E-004  -2.3185435681873064E-003  -1.3470281044566867E-003  -7.2648047566580745E-007   9.6273455388750968E-006   1.4165117868661264E-008  -1.3440875289361179E-003  -5.1526022368720794E-006   6.7788182977200796E-005   1.0187107106873350E-007  -2.7946945265775333E-010  -1.3438891898074530E-003
  -9.4880935645275891E-003   9.7089035110660235E-002 -0.75868072762424577        1.7610323075845915E-004  -2.3185435681873064E-003  -1.3470281044566867E-003  -7.2648047566580745E-007   9.6273455388750968E-006   1.4165117868661264E-008  -1.3440875289361179E-003  -5.1526022368720794E-006   6.7788182977200796E-005   1.0187107106873350E-007  -2.7946945265775333E-010  -1.3438891898074530E-003
 dijxc
  -9.4884354794619510E-003   9.7092533184918561E-002 -0.75870803971238587        1.7611308322631721E-004  -2.3186725146916638E-003  -1.3470764648864963E-003  -7.2651220037093706E-007   9.6277512664503738E-006   1.4166032068965043E-008  -1.3441355638880736E-003  -5.1541730564577970E-006   6.7808452771222504E-005   1.0191320787506254E-007  -2.7958450412401355E-010  -1.3439372808638375E-003
  -9.4884354794619510E-003   9.7092533184918561E-002 -0.75870803971238587        1.7611308322631721E-004  -2.3186725146916638E-003  -1.3470764648864963E-003  -7.2651220037093706E-007   9.6277512664503738E-006   1.4166032068965043E-008  -1.3441355638880736E-003  -5.1541730564577970E-006   6.7808452771222504E-005   1.0191320787506254E-007  -2.7958450412401355E-010  -1.3439372808638375E-003
 dijxc
  -9.4884296054761931E-003   9.7092476611127868E-002 -0.75870760921900182        1.7611251471667740E-004  -2.3186641176067436E-003  -1.3470755924714171E-003  -7.2648307561773018E-007   9.6273693271095304E-006   1.4165493455819347E-008  -1.3441347346263444E-003  -5.2876374884266798E-006   6.9544459409691953E-005   1.0417119586331698E-007  -2.9048669182333353E-010  -1.3439365787751324E-003
  -9.4884296054761931E-003   9.7092476611127868E-002 -0.75870760921900182        1.7611251471667740E-004  -2.3186641176067436E-003  -1.3470755924714171E-003  -7.2648307561773018E-007   9.6273693271095304E-006   1.4165493455819347E-008  -1.3441347346263444E-003  -5.2876374884266798E-006   6.9544459409691953E-005   1.0417119586331698E-007  -2.9048669182333353E-010  -1.3439365787751324E-003
