 dijxc
  -9.4884480244205333E-003   9.7092615251375997E-002 -0.75870882186898914       -1.7610976656486419E-004   2.3186305308864181E-003  -1.3470790685202569E-003  -7.2667577344712652E-007   9.6299789841831100E-006  -1.4169288685911038E-008  -1.3441383517426133E-003  -5.2880461461432421E-006   6.9549951607459981E-005  -1.0417692113298248E-007  -2.9081829380344306E-010  -1.3439401987574229E-003
  -9.4884480244205333E-003   9.7092615251375997E-002 -0.75870882186898914       -1.7610976656486419E-004   2.3186305308864181E-003  -1.3470790685202569E-003  -7.2667577344712652E-007   9.6299789841831100E-006  -1.4169288685911038E-008  -1.3441383517426133E-003  -5.2880461461432421E-006   6.9549951607459981E-005  -1.0417692113298248E-007  -2.9081829380344306E-010  -1.3439401987574229E-003
 dijxc
  -9.4884480244205333E-003   9.7092615251375997E-002 -0.75870882186898914       -1.7610976656486419E-004   2.3186305308864181E-003  -1.3470790685202569E-003  -7.2667577344712652E-007   9.6299789841831100E-006  -1.4169288685911038E-008  -1.3441383517426133E-003  -5.2880461461432421E-006   6.9549951607459981E-005  -1.0417692113298248E-007  -2.9081829380344306E-010  -1.3439401987574229E-003
  -9.4884480244205333E-003   9.7092615251375997E-002 -0.75870882186898914       -1.7610976656486419E-004   2.3186305308864181E-003  -1.3470790685202569E-003  -7.2667577344712652E-007   9.6299789841831100E-006  -1.4169288685911038E-008  -1.3441383517426133E-003  -5.2880461461432421E-006   6.9549951607459981E-005  -1.0417692113298248E-007  -2.9081829380344306E-010  -1.3439401987574229E-003
 dijxc
  -9.4887871965298274E-003   9.7096093033661554E-002 -0.75873596801799692       -1.7611954740362755E-004   2.3187581352943766E-003  -1.3471270696441889E-003  -7.2670342257414698E-007   9.6303294788844484E-006  -1.4170149052773969E-008  -1.3441860253093666E-003  -5.2882398511580863E-006   6.9552445663468356E-005  -1.0418235608374731E-007  -2.9083544942026292E-010  -1.3439879245515708E-003
  -9.4887871965298274E-003   9.7096093033661554E-002 -0.75873596801799692       -1.7611954740362755E-004   2.3187581352943766E-003  -1.3471270696441889E-003  -7.2670342257414698E-007   9.6303294788844484E-006  -1.4170149052773969E-008  -1.3441860253093666E-003  -5.2882398511580863E-006   6.9552445663468356E-005  -1.0418235608374731E-007  -2.9083544942026292E-010  -1.3439879245515708E-003
 dijxc
  -9.4881087320739538E-003   9.7089137825429744E-002 -0.75868167942073061       -1.7609998671842635E-004   2.3185029399578755E-003  -1.3470309774438458E-003  -7.2664812601284869E-007   9.6296285131060236E-006  -1.4168428393410040E-008  -1.3440905881853100E-003  -5.2878524594056376E-006   6.9547457810011407E-005  -1.0417148685350477E-007  -2.9080114028910860E-010  -1.3438923829760868E-003
  -9.4881087320739538E-003   9.7089137825429744E-002 -0.75868167942073061       -1.7609998671842635E-004   2.3185029399578755E-003  -1.3470309774438458E-003  -7.2664812601284869E-007   9.6296285131060236E-006  -1.4168428393410040E-008  -1.3440905881853100E-003  -5.2878524594056376E-006   6.9547457810011407E-005  -1.0417148685350477E-007  -2.9080114028910860E-010  -1.3438923829760868E-003
 dijxc
  -9.4884484032079133E-003   9.7092617737840337E-002 -0.75870885098270480       -1.7610976206750811E-004   2.3186305267099585E-003  -1.3470791846321554E-003  -7.2667586616357072E-007   9.6299804199616724E-006  -1.4169286316660668E-008  -1.3441384687474184E-003  -5.2880535783405303E-006   6.9550050751669926E-005  -1.0417704312761210E-007  -2.9081887940220889E-010  -1.3439403158091664E-003
  -9.4884484032079133E-003   9.7092617737840337E-002 -0.75870885098270480       -1.7610976206750811E-004   2.3186305267099585E-003  -1.3470791846321554E-003  -7.2667586616357072E-007   9.6299804199616724E-006  -1.4169286316660668E-008  -1.3441384687474184E-003  -5.2880535783405303E-006   6.9550050751669926E-005  -1.0417704312761210E-007  -2.9081887940220889E-010  -1.3439403158091664E-003
 dijxc
  -9.4884481758089109E-003   9.7092615163392806E-002 -0.75870883045414983       -1.7610974937710749E-004   2.3186303068259157E-003  -1.3470791908193028E-003  -7.2667575183881004E-007   9.6299786843308836E-006  -1.4169285034054287E-008  -1.3441384749749280E-003  -5.2880491143209028E-006   6.9550009960300146E-005  -1.0417697792916177E-007  -2.9081608019687203E-010  -1.3439403329324694E-003
  -9.4884481758089109E-003   9.7092615163392806E-002 -0.75870883045414983       -1.7610974937710749E-004   2.3186303068259157E-003  -1.3470791908193028E-003  -7.2667575183881004E-007   9.6299786843308836E-006  -1.4169285034054287E-008  -1.3441384749749280E-003  -5.2880491143209028E-006   6.9550009960300146E-005  -1.0417697792916177E-007  -2.9081608019687203E-010  -1.3439403329324694E-003
 dijxc
  -9.4887927746856414E-003   9.7096130084595542E-002 -0.75873631633034322       -1.7611973052857651E-004   2.3187612065974725E-003  -1.3471283006187375E-003  -7.2671419296832488E-007   9.6304737234247938E-006  -1.4170312843842981E-008  -1.3441872597911495E-003  -5.2920232205043474E-006   6.9602280381900073E-005  -1.0426880790902272E-007  -2.9114836077280885E-010  -1.3439891784520440E-003
  -9.4887927746856414E-003   9.7096130084595542E-002 -0.75873631633034322       -1.7611973052857651E-004   2.3187612065974725E-003  -1.3471283006187375E-003  -7.2671419296832488E-007   9.6304737234247938E-006  -1.4170312843842981E-008  -1.3441872597911495E-003  -5.2920232205043474E-006   6.9602280381900073E-005  -1.0426880790902272E-007  -2.9114836077280885E-010  -1.3439891784520440E-003
 dijxc
  -9.4881142991123345E-003   9.7089175034626926E-002 -0.75868202394509654       -1.7610016869860375E-004   2.3185059930733286E-003  -1.3470321759755535E-003  -7.2665885723529401E-007   9.6297722260077931E-006  -1.4168591499150394E-008  -1.3440917902176283E-003  -5.2915787910989361E-006   6.9596543427524540E-005  -1.0425678641569853E-007  -2.9110950309133281E-010  -1.3438936047223949E-003
  -9.4881142991123345E-003   9.7089175034626926E-002 -0.75868202394509654       -1.7610016869860375E-004   2.3185059930733286E-003  -1.3470321759755535E-003  -7.2665885723529401E-007   9.6297722260077931E-006  -1.4168591499150394E-008  -1.3440917902176283E-003  -5.2915787910989361E-006   6.9596543427524540E-005  -1.0425678641569853E-007  -2.9110950309133281E-010  -1.3438936047223949E-003
 dijxc
  -9.4884581677553547E-003   9.7092685487002728E-002 -0.75870946714894849       -1.7611003123779693E-004   2.3186352665854212E-003  -1.3470811477232429E-003  -7.2669401328248396E-007   9.6302237887585384E-006  -1.4169555172907874E-008  -1.3441404392737506E-003  -5.2906083137800460E-006   6.9584129880359509E-005  -1.0425510740820481E-007  -2.9104108926174622E-010  -1.3439423082813344E-003
  -9.4884581677553547E-003   9.7092685487002728E-002 -0.75870946714894849       -1.7611003123779693E-004   2.3186352665854212E-003  -1.3470811477232429E-003  -7.2669401328248396E-007   9.6302237887585384E-006  -1.4169555172907874E-008  -1.3441404392737506E-003  -5.2906083137800460E-006   6.9584129880359509E-005  -1.0425510740820481E-007  -2.9104108926174622E-010  -1.3439423082813344E-003
 dijxc
  -9.4884481171314799E-003   9.7092614679902073E-002 -0.75870882594080546       -1.7610976654439616E-004   2.3186305304593643E-003  -1.3470791952720006E-003  -7.2667577299496858E-007   9.6299789775843015E-006  -1.4169288688220401E-008  -1.3441384784933317E-003  -5.2880461430160922E-006   6.9549951562723969E-005  -1.0417692111818125E-007  -2.9081829491962357E-010  -1.3439403255079306E-003
  -9.4884481171314799E-003   9.7092614679902073E-002 -0.75870882594080546       -1.7610976654439616E-004   2.3186305304593643E-003  -1.3470791952720006E-003  -7.2667577299496858E-007   9.6299789775843015E-006  -1.4169288688220401E-008  -1.3441384784933317E-003  -5.2880461430160922E-006   6.9549951562723969E-005  -1.0417692111818125E-007  -2.9081829491962357E-010  -1.3439403255079306E-003
 dijxc
  -9.4887871961279683E-003   9.7096092669066006E-002 -0.75873597000236159       -1.7611954723468015E-004   2.3187581307616187E-003  -1.3471271123793570E-003  -7.2670341483962783E-007   9.6303293681355750E-006  -1.4170149062001088E-008  -1.3441860680218174E-003  -5.2882395171927370E-006   6.9552441227246350E-005  -1.0418235068877007E-007  -2.9083542322027458E-010  -1.3439879672599369E-003
  -9.4887871961279683E-003   9.7096092669066006E-002 -0.75873597000236159       -1.7611954723468015E-004   2.3187581307616187E-003  -1.3471271123793570E-003  -7.2670341483962783E-007   9.6303293681355750E-006  -1.4170149062001088E-008  -1.3441860680218174E-003  -5.2882395171927370E-006   6.9552441227246350E-005  -1.0418235068877007E-007  -2.9083542322027458E-010  -1.3439879672599369E-003
 dijxc
  -9.4881089464564361E-003   9.7089136251137353E-002 -0.75868168856919849       -1.7609998657537951E-004   2.3185029354582344E-003  -1.3470312955440626E-003  -7.2664811858608932E-007   9.6296284051880342E-006  -1.4168428418844570E-008  -1.3440909062601822E-003  -5.2878521269043627E-006   6.9547453383568173E-005  -1.0417148156265129E-007  -2.9080111383392072E-010  -1.3438927010467564E-003
  -9.4881089464564361E-003   9.7089136251137353E-002 -0.75868168856919849       -1.7609998657537951E-004   2.3185029354582344E-003  -1.3470312955440626E-003  -7.2664811858608932E-007   9.6296284051880342E-006  -1.4168428418844570E-008  -1.3440909062601822E-003  -5.2878521269043627E-006   6.9547453383568173E-005  -1.0417148156265129E-007  -2.9080111383392072E-010  -1.3438927010467564E-003
 dijxc
  -9.4884483336440985E-003   9.7092617764411485E-002 -0.75870884679036688       -1.7610976184176272E-004   2.3186305202927970E-003  -1.3470791213370497E-003  -7.2667585463588906E-007   9.6299802553130771E-006  -1.4169286352250668E-008  -1.3441384054140141E-003  -5.2880530056211199E-006   6.9550043160321884E-005  -1.0417703380958354E-007  -2.9081883193645049E-010  -1.3439402524692515E-003
  -9.4884483336440985E-003   9.7092617764411485E-002 -0.75870884679036688       -1.7610976184176272E-004   2.3186305202927970E-003  -1.3470791213370497E-003  -7.2667585463588906E-007   9.6299802553130771E-006  -1.4169286352250668E-008  -1.3441384054140141E-003  -5.2880530056211199E-006   6.9550043160321884E-005  -1.0417703380958354E-007  -2.9081883193645049E-010  -1.3439402524692515E-003
 dijxc
  -9.4884582611046448E-003   9.7092684046920910E-002 -0.75870946867682487       -1.7611007261025030E-004   2.3186357942099594E-003  -1.3470813248313001E-003  -7.2669501470148694E-007   9.6302368934989706E-006  -1.4169577576845575E-008  -1.3441406150277860E-003  -5.2922084921634204E-006   6.9605060270481025E-005  -1.0428532374644706E-007  -2.9117078218979167E-010  -1.3439424860898555E-003
  -9.4884582611046448E-003   9.7092684046920910E-002 -0.75870946867682487       -1.7611007261025030E-004   2.3186357942099594E-003  -1.3470813248313001E-003  -7.2669501470148694E-007   9.6302368934989706E-006  -1.4169577576845575E-008  -1.3441406150277860E-003  -5.2922084921634204E-006   6.9605060270481025E-005  -1.0428532374644706E-007  -2.9117078218979167E-010  -1.3439424860898555E-003
 dijxc
  -9.4888016415261168E-003   9.7096191232700288E-002 -0.75873688375402737       -1.7611994356487388E-004   2.3187651169836948E-003  -1.3471301874112397E-003  -7.2673011592392008E-007   9.6306874658255714E-006  -1.4170544938196005E-008  -1.3441891537828638E-003  -5.2912927821139936E-006   6.9593356583663797E-005  -1.0428439874059207E-007  -2.9110673983369063E-010  -1.3439910796551847E-003
  -9.4888016415261168E-003   9.7096191232700288E-002 -0.75873688375402737       -1.7611994356487388E-004   2.3187651169836948E-003  -1.3471301874112397E-003  -7.2673011592392008E-007   9.6306874658255714E-006  -1.4170544938196005E-008  -1.3441891537828638E-003  -5.2912927821139936E-006   6.9593356583663797E-005  -1.0428439874059207E-007  -2.9110673983369063E-010  -1.3439910796551847E-003
 dijxc
  -9.4881221122275344E-003   9.7089231583396648E-002 -0.75868252301412931       -1.7610028954925780E-004   2.3185085810395224E-003  -1.3470336324529673E-003  -7.2667191869123527E-007   9.6299478920782756E-006  -1.4168772127347085E-008  -1.3440932548143519E-003  -5.2865930350723279E-006   6.9531969038346048E-005  -1.0419211580496607E-007  -2.9072276871133609E-010  -1.3438950707001934E-003
  -9.4881221122275344E-003   9.7089231583396648E-002 -0.75868252301412931       -1.7610028954925780E-004   2.3185085810395224E-003  -1.3470336324529673E-003  -7.2667191869123527E-007   9.6299478920782756E-006  -1.4168772127347085E-008  -1.3440932548143519E-003  -5.2865930350723279E-006   6.9531969038346048E-005  -1.0419211580496607E-007  -2.9072276871133609E-010  -1.3438950707001934E-003
 dijxc
  -9.4884641376858890E-003   9.7092728315845103E-002 -0.75870985436623306       -1.7610999566921554E-004   2.3186355803363544E-003  -1.3470824033488572E-003  -7.2670205546078794E-007   9.6303325142997869E-006  -1.4169647566505795E-008  -1.3441417040616214E-003  -5.2781286665255602E-006   6.9421559574679329E-005  -1.0404871721501815E-007  -2.9004608967887903E-010  -1.3439435646126125E-003
  -9.4884641376858890E-003   9.7092728315845103E-002 -0.75870985436623306       -1.7610999566921554E-004   2.3186355803363544E-003  -1.3470824033488572E-003  -7.2670205546078794E-007   9.6303325142997869E-006  -1.4169647566505795E-008  -1.3441417040616214E-003  -5.2781286665255602E-006   6.9421559574679329E-005  -1.0404871721501815E-007  -2.9004608967887903E-010  -1.3439435646126125E-003
 dijxc
  -9.4884479406335195E-003   9.7092614673853841E-002 -0.75870882448500765       -1.7610976633618787E-004   2.3186305232734731E-003  -1.3470790787376737E-003  -7.2667576058451067E-007   9.6299787971482572E-006  -1.4169288743016047E-008  -1.3441383619135646E-003  -5.2880455403704969E-006   6.9549943549313044E-005  -1.0417691147918991E-007  -2.9081824557187548E-010  -1.3439402089208997E-003
  -9.4884479406335195E-003   9.7092614673853841E-002 -0.75870882448500765       -1.7610976633618787E-004   2.3186305232734731E-003  -1.3470790787376737E-003  -7.2667576058451067E-007   9.6299787971482572E-006  -1.4169288743016047E-008  -1.3441383619135646E-003  -5.2880455403704969E-006   6.9549943549313044E-005  -1.0417691147918991E-007  -2.9081824557187548E-010  -1.3439402089208997E-003
 dijxc
  -9.4887872027816424E-003   9.7096092067709430E-002 -0.75873596877361171       -1.7611954697729741E-004   2.3187581217347297E-003  -1.3471271671381252E-003  -7.2670339846337298E-007   9.6303291313092727E-006  -1.4170149138281346E-008  -1.3441861227198111E-003  -5.2882386750615347E-006   6.9552430047546254E-005  -1.0418233710397265E-007  -2.9083535262965361E-010  -1.3439880219482568E-003
  -9.4887872027816424E-003   9.7096092067709430E-002 -0.75873596877361171       -1.7611954697729741E-004   2.3187581217347297E-003  -1.3471271671381252E-003  -7.2670339846337298E-007   9.6303291313092727E-006  -1.4170149138281346E-008  -1.3441861227198111E-003  -5.2882386750615347E-006   6.9552430047546254E-005  -1.0418233710397265E-007  -2.9083535262965361E-010  -1.3439880219482568E-003
 dijxc
  -9.4881087235581443E-003   9.7089137345781951E-002 -0.75868167484175542       -1.7609998636914018E-004   2.3185029282916745E-003  -1.3470309985311514E-003  -7.2664810481986179E-007   9.6296282076786958E-006  -1.4168428488306850E-008  -1.3440906091956595E-003  -5.2878513678477590E-006   6.9547443327374502E-005  -1.0417146918677836E-007  -2.9080104909733486E-010  -1.3438924039739712E-003
  -9.4881087235581443E-003   9.7089137345781951E-002 -0.75868167484175542       -1.7609998636914018E-004   2.3185029282916745E-003  -1.3470309985311514E-003  -7.2664810481986179E-007   9.6296282076786958E-006  -1.4168428488306850E-008  -1.3440906091956595E-003  -5.2878513678477590E-006   6.9547443327374502E-005  -1.0417146918677836E-007  -2.9080104909733486E-010  -1.3438924039739712E-003
 dijxc
  -9.4884484147459078E-003   9.7092616817501809E-002 -0.75870885032604019       -1.7610976176134273E-004   2.3186305139128519E-003  -1.3470792785044853E-003  -7.2667584141638413E-007   9.6299800620766336E-006  -1.4169286487957145E-008  -1.3441385625171016E-003  -5.2880521582960259E-006   6.9550031927518053E-005  -1.0417702014009217E-007  -2.9081875843332198E-010  -1.3439404095632588E-003
  -9.4884484147459078E-003   9.7092616817501809E-002 -0.75870885032604019       -1.7610976176134273E-004   2.3186305139128519E-003  -1.3470792785044853E-003  -7.2667584141638413E-007   9.6299800620766336E-006  -1.4169286487957145E-008  -1.3441385625171016E-003  -5.2880521582960259E-006   6.9550031927518053E-005  -1.0417702014009217E-007  -2.9081875843332198E-010  -1.3439404095632588E-003
 dijxc
  -9.4884643003148323E-003   9.7092725809839422E-002 -0.75870986530141393       -1.7611003462979412E-004   2.3186360751661149E-003  -1.3470827671088546E-003  -7.2670299510602420E-007   9.6303448000973815E-006  -1.4169668699700485E-008  -1.3441420665210885E-003  -5.2796471238041199E-006   6.9441416987331249E-005  -1.0407731897546844E-007  -2.9016921419213634E-010  -1.3439439291261122E-003
  -9.4884643003148323E-003   9.7092725809839422E-002 -0.75870986530141393       -1.7611003462979412E-004   2.3186360751661149E-003  -1.3470827671088546E-003  -7.2670299510602420E-007   9.6303448000973815E-006  -1.4169668699700485E-008  -1.3441420665210885E-003  -5.2796471238041199E-006   6.9441416987331249E-005  -1.0407731897546844E-007  -2.9016921419213634E-010  -1.3439439291261122E-003
 dijxc
  -9.4888045365883363E-003   9.7096217250446981E-002 -0.75873708460386824       -1.7611968018841392E-004   2.3187621166760024E-003  -1.3471305237631301E-003  -7.2673082073771801E-007   9.6306983366337330E-006  -1.4170508456423643E-008  -1.3441895007872422E-003  -5.2678559705720913E-006   6.9287508084870200E-005  -1.0387089173722319E-007  -2.8922229305857670E-010  -1.3439914037358433E-003
  -9.4888045365883363E-003   9.7096217250446981E-002 -0.75873708460386824       -1.7611968018841392E-004   2.3187621166760024E-003  -1.3471305237631301E-003  -7.2673082073771801E-007   9.6306983366337330E-006  -1.4170508456423643E-008  -1.3441895007872422E-003  -5.2678559705720913E-006   6.9287508084870200E-005  -1.0387089173722319E-007  -2.8922229305857670E-010  -1.3439914037358433E-003
 dijxc
  -9.4881247476344324E-003   9.7089253180082533E-002 -0.75868270969550977       -1.7610001854886961E-004   2.3185054171282055E-003  -1.3470341914930293E-003  -7.2667196594311710E-007   9.6299498389457221E-006  -1.4168727534681488E-008  -1.3440938237050007E-003  -5.2619965524257983E-006   6.9211014586255013E-005  -1.0375726890025933E-007  -2.8874324030612831E-010  -1.3438956147117983E-003
  -9.4881247476344324E-003   9.7089253180082533E-002 -0.75868270969550977       -1.7610001854886961E-004   2.3185054171282055E-003  -1.3470341914930293E-003  -7.2667196594311710E-007   9.6299498389457221E-006  -1.4168727534681488E-008  -1.3440938237050007E-003  -5.2619965524257983E-006   6.9211014586255013E-005  -1.0375726890025933E-007  -2.8874324030612831E-010  -1.3438956147117983E-003
 dijxc
  -9.4884638880563723E-003   9.7092733346125240E-002 -0.75870986443056276       -1.7610959604594546E-004   2.3186304086072044E-003  -1.3470821314709041E-003  -7.2669692793472197E-007   9.6302650059936958E-006  -1.4169521078849523E-008  -1.3441414406151618E-003  -5.2454522119320094E-006   6.8995085216014027E-005  -1.0346211271872793E-007  -2.8740806990205792E-010  -1.3439432649827250E-003
  -9.4884638880563723E-003   9.7092733346125240E-002 -0.75870986443056276       -1.7610959604594546E-004   2.3186304086072044E-003  -1.3470821314709041E-003  -7.2669692793472197E-007   9.6302650059936958E-006  -1.4169521078849523E-008  -1.3441414406151618E-003  -5.2454522119320094E-006   6.8995085216014027E-005  -1.0346211271872793E-007  -2.8740806990205792E-010  -1.3439432649827250E-003
 dijxc
  -9.4884479679393334E-003   9.7092614082661427E-002 -0.75870882122789962       -1.7610976615488298E-004   2.3186305164837558E-003  -1.3470791379881272E-003  -7.2667574620952500E-007   9.6299785925843523E-006  -1.4169288834824360E-008  -1.3441384211065955E-003  -5.2880446658929258E-006   6.9549931988687499E-005  -1.0417689711887598E-007  -2.9081816918676322E-010  -1.3439402681049771E-003
  -9.4884479679393334E-003   9.7092614082661427E-002 -0.75870882122789962       -1.7610976615488298E-004   2.3186305164837558E-003  -1.3470791379881272E-003  -7.2667574620952500E-007   9.6299785925843523E-006  -1.4169288834824360E-008  -1.3441384211065955E-003  -5.2880446658929258E-006   6.9549931988687499E-005  -1.0417689711887598E-007  -2.9081816918676322E-010  -1.3439402681049771E-003
 dijxc
  -9.4887871064055392E-003   9.7096091849611363E-002 -0.75873596327902981       -1.7611954697556475E-004   2.3187581165693321E-003  -1.3471271034957728E-003  -7.2670338662068114E-007   9.6303289577183236E-006  -1.4170149317256551E-008  -1.3441860590087298E-003  -5.2882377880798692E-006   6.9552418306847291E-005  -1.0418232280993285E-007  -2.9083527347039596E-010  -1.3439879582280516E-003
  -9.4887871064055392E-003   9.7096091849611363E-002 -0.75873596327902981       -1.7611954697556475E-004   2.3187581165693321E-003  -1.3471271034957728E-003  -7.2670338662068114E-007   9.6303289577183236E-006  -1.4170149317256551E-008  -1.3441860590087298E-003  -5.2882377880798692E-006   6.9552418306847291E-005  -1.0418232280993285E-007  -2.9083527347039596E-010  -1.3439879582280516E-003
 dijxc
  -9.4881087249971061E-003   9.7089136540891061E-002 -0.75868167591554903       -1.7609998646416628E-004   2.3185029247859254E-003  -1.3470310780745885E-003  -7.2664809590041692E-007   9.6296280740682421E-006  -1.4168428687985611E-008  -1.3440906886739432E-003  -5.2878505997526479E-006   6.9547433153723708E-005  -1.0417145694590431E-007  -2.9080097971173742E-010  -1.3438924834443253E-003
  -9.4881087249971061E-003   9.7089136540891061E-002 -0.75868167591554903       -1.7609998646416628E-004   2.3185029247859254E-003  -1.3470310780745885E-003  -7.2664809590041692E-007   9.6296280740682421E-006  -1.4168428687985611E-008  -1.3440906886739432E-003  -5.2878505997526479E-006   6.9547433153723708E-005  -1.0417145694590431E-007  -2.9080097971173742E-010  -1.3438924834443253E-003
 dijxc
  -9.4884483227474278E-003   9.7092616689642128E-002 -0.75870884275517447       -1.7610976201566845E-004   2.3186305134566178E-003  -1.3470791950999778E-003  -7.2667583654739269E-007   9.6299799863444376E-006  -1.4169286719439987E-008  -1.3441384790524467E-003  -5.2880515066509646E-006   6.9550023310308460E-005  -1.0417700983745347E-007  -2.9081869629055609E-010  -1.3439403260922811E-003
  -9.4884483227474278E-003   9.7092616689642128E-002 -0.75870884275517447       -1.7610976201566845E-004   2.3186305134566178E-003  -1.3470791950999778E-003  -7.2667583654739269E-007   9.6299799863444376E-006  -1.4169286719439987E-008  -1.3441384790524467E-003  -5.2880515066509646E-006   6.9550023310308460E-005  -1.0417700983745347E-007  -2.9081869629055609E-010  -1.3439403260922811E-003
 dijxc
  -9.4884637624722372E-003   9.7092731451493039E-002 -0.75870984879112324       -1.7610960238793270E-004   2.3186304584342826E-003  -1.3470821684899461E-003  -7.2669702552880380E-007   9.6302661627629901E-006  -1.4169525526768398E-008  -1.3441414770245601E-003  -5.2457997552843395E-006   6.8999605253806432E-005  -1.0346843637135201E-007  -2.8743664911848712E-010  -1.3439433019895003E-003
  -9.4884637624722372E-003   9.7092731451493039E-002 -0.75870984879112324       -1.7610960238793270E-004   2.3186304584342826E-003  -1.3470821684899461E-003  -7.2669702552880380E-007   9.6302661627629901E-006  -1.4169525526768398E-008  -1.3441414770245601E-003  -5.2457997552843395E-006   6.8999605253806432E-005  -1.0346843637135201E-007  -2.8743664911848712E-010  -1.3439433019895003E-003
 dijxc
  -9.4888012152007251E-003   9.7096198989351928E-002 -0.75873690636398994       -1.7611911073703510E-004   2.3187543252324891E-003  -1.3471299225805886E-003  -7.2671905855010921E-007   9.6305418921411270E-006  -1.4170275399558392E-008  -1.3441889066702290E-003  -5.2249361251411413E-006   6.8727251986388401E-005  -1.0309211303951936E-007  -2.8574974419292548E-010  -1.3439907590704738E-003
  -9.4888012152007251E-003   9.7096198989351928E-002 -0.75873690636398994       -1.7611911073703510E-004   2.3187543252324891E-003  -1.3471299225805886E-003  -7.2671905855010921E-007   9.6305418921411270E-006  -1.4170275399558392E-008  -1.3441889066702290E-003  -5.2249361251411413E-006   6.8727251986388401E-005  -1.0309211303951936E-007  -2.8574974419292548E-010  -1.3439907590704738E-003
 dijxc
  -9.4881216490482340E-003   9.7089237177060431E-002 -0.75868254453517237       -1.7609953748482375E-004   2.3184988036109959E-003  -1.3470335414183475E-003  -7.2666216645902996E-007   9.6298192301857088E-006  -1.4168535887345062E-008  -1.3440931783166954E-003  -5.2217839604464524E-006   6.8686259203322393E-005  -1.0303034501330646E-007  -2.8548833975404763E-010  -1.3438949219840067E-003
  -9.4881216490482340E-003   9.7089237177060431E-002 -0.75868254453517237       -1.7609953748482375E-004   2.3184988036109959E-003  -1.3470335414183475E-003  -7.2666216645902996E-007   9.6298192301857088E-006  -1.4168535887345062E-008  -1.3440931783166954E-003  -5.2217839604464524E-006   6.8686259203322393E-005  -1.0303034501330646E-007  -2.8548833975404763E-010  -1.3438949219840067E-003
 dijxc
  -9.4884587412680538E-003   9.7092703017601298E-002 -0.75870956361943409       -1.7610914011992676E-004   2.3186238564337773E-003  -1.3470810565747976E-003  -7.2668546440100833E-007   9.6301112563089558E-006  -1.4169320097493771E-008  -1.3441403651337138E-003  -5.2022766017993182E-006   6.8431881844495819E-005  -1.0268134120093963E-007  -2.8390625462172004E-010  -1.3439421371889968E-003
  -9.4884587412680538E-003   9.7092703017601298E-002 -0.75870956361943409       -1.7610914011992676E-004   2.3186238564337773E-003  -1.3470810565747976E-003  -7.2668546440100833E-007   9.6301112563089558E-006  -1.4169320097493771E-008  -1.3441403651337138E-003  -5.2022766017993182E-006   6.8431881844495819E-005  -1.0268134120093963E-007  -2.8390625462172004E-010  -1.3439421371889968E-003
 dijxc
  -9.4884479195046882E-003   9.7092614187631168E-002 -0.75870881435767890       -1.7610976643007270E-004   2.3186305160365654E-003  -1.3470790707929346E-003  -7.2667574139404084E-007   9.6299785164812338E-006  -1.4169289079000360E-008  -1.3441383538485355E-003  -5.2880440013387326E-006   6.9549923194882135E-005  -1.0417688665561636E-007  -2.9081810599776699E-010  -1.3439402008404090E-003
  -9.4884479195046882E-003   9.7092614187631168E-002 -0.75870881435767890       -1.7610976643007270E-004   2.3186305160365654E-003  -1.3470790707929346E-003  -7.2667574139404084E-007   9.6299785164812338E-006  -1.4169289079000360E-008  -1.3441383538485355E-003  -5.2880440013387326E-006   6.9549923194882135E-005  -1.0417688665561636E-007  -2.9081810599776699E-010  -1.3439402008404090E-003
 dijxc
  -9.4887871022462135E-003   9.7096091254462863E-002 -0.75873596392268083       -1.7611954748896036E-004   2.3187581203558722E-003  -1.3471271531471723E-003  -7.2670338809780739E-007   9.6303289695298897E-006  -1.4170149614596357E-008  -1.3441861086037486E-003  -5.2882373412879864E-006   6.9552412399214727E-005  -1.0418231609855578E-007  -2.9083522595113345E-010  -1.3439880078190446E-003
  -9.4887871022462135E-003   9.7096091254462863E-002 -0.75873596392268083       -1.7611954748896036E-004   2.3187581203558722E-003  -1.3471271531471723E-003  -7.2670338809780739E-007   9.6303289695298897E-006  -1.4170149614596357E-008  -1.3441861086037486E-003  -5.2882373412879864E-006   6.9552412399214727E-005  -1.0418231609855578E-007  -2.9083522595113345E-010  -1.3439880078190446E-003
 dijxc
  -9.4881086016959659E-003   9.7089137719551827E-002 -0.75868166071534859       -1.7609998696218576E-004   2.3185029289389475E-003  -1.3470308301432418E-003  -7.2664809797070245E-007   9.6296280958943991E-006  -1.4168428959157277E-008  -1.3440904406935065E-003  -5.2878502431329976E-006   6.9547428440492478E-005  -1.0417145168481733E-007  -2.9080093959615814E-010  -1.3438922354606785E-003
  -9.4881086016959659E-003   9.7089137719551827E-002 -0.75868166071534859       -1.7609998696218576E-004   2.3185029289389475E-003  -1.3470308301432418E-003  -7.2664809797070245E-007   9.6296280958943991E-006  -1.4168428959157277E-008  -1.3440904406935065E-003  -5.2878502431329976E-006   6.9547428440492478E-005  -1.0417145168481733E-007  -2.9080093959615814E-010  -1.3438922354606785E-003
 dijxc
  -9.4884482688563105E-003   9.7092616723827546E-002 -0.75870884165659713       -1.7610976263682460E-004   2.3186305204372726E-003  -1.3470791544292851E-003  -7.2667584264017003E-007   9.6299800664456092E-006  -1.4169286990736518E-008  -1.3441384383440966E-003  -5.2880514001965592E-006   6.9550021905328405E-005  -1.0417700883577176E-007  -2.9081867480298334E-010  -1.3439402853830788E-003
  -9.4884482688563105E-003   9.7092616723827546E-002 -0.75870884165659713       -1.7610976263682460E-004   2.3186305204372726E-003  -1.3470791544292851E-003  -7.2667584264017003E-007   9.6299800664456092E-006  -1.4169286990736518E-008  -1.3441384383440966E-003  -5.2880514001965592E-006   6.9550021905328405E-005  -1.0417700883577176E-007  -2.9081867480298334E-010  -1.3439402853830788E-003
 dijxc
  -9.4884581279521072E-003   9.7092700381978911E-002 -0.75870952816141302       -1.7610911088627787E-004   2.3186234109662815E-003  -1.3470807990022949E-003  -7.2668460477954646E-007   9.6300997249016231E-006  -1.4169306356487029E-008  -1.3441401075667469E-003  -5.2012209761517275E-006   6.8418038508008964E-005  -1.0266115692734766E-007  -2.8382138228199992E-010  -1.3439418783504162E-003
  -9.4884581279521072E-003   9.7092700381978911E-002 -0.75870952816141302       -1.7610911088627787E-004   2.3186234109662815E-003  -1.3470807990022949E-003  -7.2668460477954646E-007   9.6300997249016231E-006  -1.4169306356487029E-008  -1.3441401075667469E-003  -5.2012209761517275E-006   6.8418038508008964E-005  -1.0266115692734766E-007  -2.8382138228199992E-010  -1.3439418783504162E-003
 dijxc
  -9.4887938205377026E-003   9.7096154331477835E-002 -0.75873646673804029       -1.7611870665204052E-004   2.3187481756817936E-003  -1.3471282785538217E-003  -7.2670638640063551E-007   9.6303709590174620E-006  -1.4170076302680070E-008  -1.3441872558332686E-003  -5.1794739370768021E-006   6.8134505385252455E-005  -1.0227104815527065E-007  -2.8205472175895476E-010  -1.3439890515772061E-003
  -9.4887938205377026E-003   9.7096154331477835E-002 -0.75873646673804029       -1.7611870665204052E-004   2.3187481756817936E-003  -1.3471282785538217E-003  -7.2670638640063551E-007   9.6303709590174620E-006  -1.4170076302680070E-008  -1.3441872558332686E-003  -5.1794739370768021E-006   6.8134505385252455E-005  -1.0227104815527065E-007  -2.8205472175895476E-010  -1.3439890515772061E-003
 dijxc
  -9.4881152068980318E-003   9.7089198479572397E-002 -0.75868215795904737       -1.7609924710934222E-004   2.3184942448269967E-003  -1.3470320794810725E-003  -7.2665246964153769E-007   9.6296877866222404E-006  -1.4168392919287419E-008  -1.3440917076789397E-003  -5.1808966151182762E-006   6.8153371434810992E-005  -1.0229572465789872E-007  -2.8216283179877319E-010  -1.3438934007194321E-003
  -9.4881152068980318E-003   9.7089198479572397E-002 -0.75868215795904737       -1.7609924710934222E-004   2.3184942448269967E-003  -1.3470320794810725E-003  -7.2665246964153769E-007   9.6296877866222404E-006  -1.4168392919287419E-008  -1.3440917076789397E-003  -5.1808966151182762E-006   6.8153371434810992E-005  -1.0229572465789872E-007  -2.8216283179877319E-010  -1.3438934007194321E-003
 dijxc
  -9.4884518575577229E-003   9.7092659461231398E-002 -0.75870915087102120       -1.7610902800794162E-004   2.3186215553996424E-003  -1.3470796179931644E-003  -7.2667841653630422E-007   9.6300141551954206E-006  -1.4169245338487264E-008  -1.3441389109000929E-003  -5.1655463765035353E-006   6.7953650241186543E-005  -1.0202732481063594E-007  -2.8090940982047479E-010  -1.3439406369497029E-003
  -9.4884518575577229E-003   9.7092659461231398E-002 -0.75870915087102120       -1.7610902800794162E-004   2.3186215553996424E-003  -1.3470796179931644E-003  -7.2667841653630422E-007   9.6300141551954206E-006  -1.4169245338487264E-008  -1.3441389109000929E-003  -5.1655463765035353E-006   6.7953650241186543E-005  -1.0202732481063594E-007  -2.8090940982047479E-010  -1.3439406369497029E-003
 dijxc
  -9.4884479195500790E-003   9.7092613978370906E-002 -0.75870881403590906       -1.7610976709520707E-004   2.3186305232464248E-003  -1.3470790853544697E-003  -7.2667574845524778E-007   9.6299786078844965E-006  -1.4169289376056445E-008  -1.3441383683697114E-003  -5.2880439093811131E-006   6.9549921970476019E-005  -1.0417688600126167E-007  -2.9081808586782065E-010  -1.3439402153607402E-003
  -9.4884479195500790E-003   9.7092613978370906E-002 -0.75870881403590906       -1.7610976709520707E-004   2.3186305232464248E-003  -1.3470790853544697E-003  -7.2667574845524778E-007   9.6299786078844965E-006  -1.4169289376056445E-008  -1.3441383683697114E-003  -5.2880439093811131E-006   6.9549921970476019E-005  -1.0417688600126167E-007  -2.9081808586782065E-010  -1.3439402153607402E-003
 dijxc
  -9.4887871366366467E-003   9.7096091226482092E-002 -0.75873596404985688       -1.7611954821623811E-004   2.3187581307809501E-003  -1.3471271799046409E-003  -7.2670339962557821E-007   9.6303291298656355E-006  -1.4170149863537955E-008  -1.3441861353444501E-003  -5.2882375778839584E-006   6.9552415542507509E-005  -1.0418232079104901E-007  -2.9083523042285132E-010  -1.3439880345623180E-003
  -9.4887871366366467E-003   9.7096091226482092E-002 -0.75873596404985688       -1.7611954821623811E-004   2.3187581307809501E-003  -1.3471271799046409E-003  -7.2670339962557821E-007   9.6303291298656355E-006  -1.4170149863537955E-008  -1.3441861353444501E-003  -5.2882375778839584E-006   6.9552415542507509E-005  -1.0418232079104901E-007  -2.9083523042285132E-010  -1.3439880345623180E-003
 dijxc
  -9.4881086333382797E-003   9.7089136874528525E-002 -0.75868166954615712       -1.7609998757885128E-004   2.3185029379386855E-003  -1.3470309625497213E-003  -7.2664810743651258E-007   9.6296282290232569E-006  -1.4168429165164676E-008  -1.3440905730868584E-003  -5.2878504892563970E-006   6.9547431705071502E-005  -1.0417145649146851E-007  -2.9080094507445235E-010  -1.3438923678563558E-003
  -9.4881086333382797E-003   9.7089136874528525E-002 -0.75868166954615712       -1.7609998757885128E-004   2.3185029379386855E-003  -1.3470309625497213E-003  -7.2664810743651258E-007   9.6296282290232569E-006  -1.4168429165164676E-008  -1.3440905730868584E-003  -5.2878504892563970E-006   6.9547431705071502E-005  -1.0417145649146851E-007  -2.9080094507445235E-010  -1.3438923678563558E-003
 dijxc
  -9.4884482954693244E-003   9.7092616538339005E-002 -0.75870884377632053       -1.7610976321127573E-004   2.3186305289775826E-003  -1.3470791964272501E-003  -7.2667585275234444E-007   9.6299802083687934E-006  -1.4169287165578447E-008  -1.3441384803382173E-003  -5.2880518952589209E-006   6.9550028422239561E-005  -1.0417701805583373E-007  -2.9081869987588453E-010  -1.3439403273807680E-003
  -9.4884482954693244E-003   9.7092616538339005E-002 -0.75870884377632053       -1.7610976321127573E-004   2.3186305289775826E-003  -1.3470791964272501E-003  -7.2667585275234444E-007   9.6299802083687934E-006  -1.4169287165578447E-008  -1.3441384803382173E-003  -5.2880518952589209E-006   6.9550028422239561E-005  -1.0417701805583373E-007  -2.9081869987588453E-010  -1.3439403273807680E-003
 dijxc
  -9.4884511442447517E-003   9.7092654535758327E-002 -0.75870910956721482       -1.7610899061180218E-004   2.3186209738108731E-003  -1.3470794992944018E-003  -7.2667722559111733E-007   9.6299981487588574E-006  -1.4169226971585002E-008  -1.3441387920172937E-003  -5.1638626833923855E-006   6.7931618969159223E-005  -1.0199559064028178E-007  -2.8077345477662271E-010  -1.3439405158310266E-003
  -9.4884511442447517E-003   9.7092654535758327E-002 -0.75870910956721482       -1.7610899061180218E-004   2.3186209738108731E-003  -1.3470794992944018E-003  -7.2667722559111733E-007   9.6299981487588574E-006  -1.4169226971585002E-008  -1.3441387920172937E-003  -5.1638626833923855E-006   6.7931618969159223E-005  -1.0199559064028178E-007  -2.8077345477662271E-010  -1.3439405158310266E-003
 dijxc
  -9.4887870514965243E-003   9.7096110899070498E-002 -0.75873604110238368       -1.7611884658588661E-004   2.3187491582906043E-003  -1.3471267483832266E-003  -7.2670393830178477E-007   9.6303340899813684E-006  -1.4170107029020303E-008  -1.3441857018058889E-003  -5.1499239091751307E-006   6.7750498276240073E-005  -1.0175519063758329E-007  -2.7963053421734057E-010  -1.3439874600083140E-003
  -9.4887870514965243E-003   9.7096110899070498E-002 -0.75873604110238368       -1.7611884658588661E-004   2.3187491582906043E-003  -1.3471267483832266E-003  -7.2670393830178477E-007   9.6303340899813684E-006  -1.4170107029020303E-008  -1.3441857018058889E-003  -5.1499239091751307E-006   6.7750498276240073E-005  -1.0175519063758329E-007  -2.7963053421734057E-010  -1.3439874600083140E-003
 dijxc
  -9.4881095379062176E-003   9.7089161656478920E-002 -0.75868180822699038       -1.7609942943790018E-004   2.3184959186647344E-003  -1.3470308745837430E-003  -7.2665169162708025E-007   9.6296734525743554E-006  -1.4168447799325951E-008  -1.3440904797705519E-003  -5.1545404451926335E-006   6.7811008432468298E-005  -1.0183897225337209E-007  -2.7999799196691939E-010  -1.3438921398801840E-003
  -9.4881095379062176E-003   9.7089161656478920E-002 -0.75868180822699038       -1.7609942943790018E-004   2.3184959186647344E-003  -1.3470308745837430E-003  -7.2665169162708025E-007   9.6296734525743554E-006  -1.4168447799325951E-008  -1.3440904797705519E-003  -5.1545404451926335E-006   6.7811008432468298E-005  -1.0183897225337209E-007  -2.7999799196691939E-010  -1.3438921398801840E-003
 dijxc
  -9.4884475227735091E-003   9.7092629919507539E-002 -0.75870887686513711       -1.7610940514980222E-004   2.3186259345105006E-003  -1.3470787372901795E-003  -7.2668208378561436E-007   9.6300588437360473E-006  -1.4169386195617382E-008  -1.3441380034866317E-003  -5.1475342510530616E-006   6.7720413278477950E-005  -1.0172809030620706E-007  -2.7941441398214158E-010  -1.3439397074508921E-003
  -9.4884475227735091E-003   9.7092629919507539E-002 -0.75870887686513711       -1.7610940514980222E-004   2.3186259345105006E-003  -1.3470787372901795E-003  -7.2668208378561436E-007   9.6300588437360473E-006  -1.4169386195617382E-008  -1.3441380034866317E-003  -5.1475342510530616E-006   6.7720413278477950E-005  -1.0172809030620706E-007  -2.7941441398214158E-010  -1.3439397074508921E-003
 dijxc
  -9.4884477812839582E-003   9.7092614879732059E-002 -0.75870880808112584       -1.7610976769950393E-004   2.3186305326110350E-003  -1.3470788923529071E-003  -7.2667575950655081E-007   9.6299787639794617E-006  -1.4169289548840890E-008  -1.3441381753672606E-003  -5.2880444324171691E-006   6.9549928866842107E-005  -1.0417689562402459E-007  -2.9081811300748932E-010  -1.3439400223623729E-003
  -9.4884477812839582E-003   9.7092614879732059E-002 -0.75870880808112584       -1.7610976769950393E-004   2.3186305326110350E-003  -1.3470788923529071E-003  -7.2667575950655081E-007   9.6299787639794617E-006  -1.4169289548840890E-008  -1.3441381753672606E-003  -5.2880444324171691E-006   6.9549928866842107E-005  -1.0417689562402459E-007  -2.9081811300748932E-010  -1.3439400223623729E-003
 dijxc
  -9.4887871299025352E-003   9.7096091104826740E-002 -0.75873596841084667       -1.7611954867872276E-004   2.3187581388714254E-003  -1.3471272039378749E-003  -7.2670340984053922E-007   9.6303292771018897E-006  -1.4170149954855333E-008  -1.3441861593929379E-003  -5.2882383563435162E-006   6.9552425787166810E-005  -1.0418233475495188E-007  -2.9083527757381223E-010  -1.3439880586162654E-003
  -9.4887871299025352E-003   9.7096091104826740E-002 -0.75873596841084667       -1.7611954867872276E-004   2.3187581388714254E-003  -1.3471272039378749E-003  -7.2670340984053922E-007   9.6303292771018897E-006  -1.4170149954855333E-008  -1.3441861593929379E-003  -5.2882383563435162E-006   6.9552425787166810E-005  -1.0418233475495188E-007  -2.9083527757381223E-010  -1.3439880586162654E-003
 dijxc
  -9.4881086926524479E-003   9.7089136468936868E-002 -0.75868167326216363       -1.7609998792633295E-004   2.3185029436779679E-003  -1.3470310506289681E-003  -7.2664811488422638E-007   9.6296283361641359E-006  -1.4168429239019075E-008  -1.3440906611778519E-003  -5.2878511941729476E-006   6.9547440959858082E-005  -1.0417146926013991E-007  -2.9080098671717211E-010  -1.3438924559516505E-003
  -9.4881086926524479E-003   9.7089136468936868E-002 -0.75868167326216363       -1.7609998792633295E-004   2.3185029436779679E-003  -1.3470310506289681E-003  -7.2664811488422638E-007   9.6296283361641359E-006  -1.4168429239019075E-008  -1.3440906611778519E-003  -5.2878511941729476E-006   6.9547440959858082E-005  -1.0417146926013991E-007  -2.9080098671717211E-010  -1.3438924559516505E-003
 dijxc
  -9.4884482885801633E-003   9.7092616729862816E-002 -0.75870884520292881       -1.7610976327630198E-004   2.3186305318538582E-003  -1.3470791783103716E-003  -7.2667585669110206E-007   9.6299802724204559E-006  -1.4169287124825652E-008  -1.3441384622496883E-003  -5.2880527016666417E-006   6.9550039018671225E-005  -1.0417703231134200E-007  -2.9081874873506796E-010  -1.3439403092970344E-003
  -9.4884482885801633E-003   9.7092616729862816E-002 -0.75870884520292881       -1.7610976327630198E-004   2.3186305318538582E-003  -1.3470791783103716E-003  -7.2667585669110206E-007   9.6299802724204559E-006  -1.4169287124825652E-008  -1.3441384622496883E-003  -5.2880527016666417E-006   6.9550039018671225E-005  -1.0417703231134200E-007  -2.9081874873506796E-010  -1.3439403092970344E-003
 dijxc
  -9.4884468057476138E-003   9.7092624609227782E-002 -0.75870882914370252       -1.7610939546689619E-004   2.3186257034889055E-003  -1.3470786212678566E-003  -7.2668141756496960E-007   9.6300496621508914E-006  -1.4169380473616065E-008  -1.3441378862451931E-003  -5.1464155958975893E-006   6.7705829176195115E-005  -1.0170750907995935E-007  -2.7932360723165746E-010  -1.3439395885620346E-003
  -9.4884468057476138E-003   9.7092624609227782E-002 -0.75870882914370252       -1.7610939546689619E-004   2.3186257034889055E-003  -1.3470786212678566E-003  -7.2668141756496960E-007   9.6300496621508914E-006  -1.4169380473616065E-008  -1.3441378862451931E-003  -5.1464155958975893E-006   6.7705829176195115E-005  -1.0170750907995935E-007  -2.7932360723165746E-010  -1.3439395885620346E-003
 dijxc
  -9.4887849081026314E-003   9.7096093680479223E-002 -0.75873590106873956       -1.7611947593839335E-004   2.3187570969896792E-003  -1.3471264395482135E-003  -7.2671396013602745E-007   9.6304633352421075E-006  -1.4170365872771608E-008  -1.3441853625122556E-003  -5.1434937977218095E-006   6.7668670303659166E-005  -1.0167407418857905E-007  -2.7906780633515175E-010  -1.3439871138430730E-003
  -9.4887849081026314E-003   9.7096093680479223E-002 -0.75873590106873956       -1.7611947593839335E-004   2.3187570969896792E-003  -1.3471264395482135E-003  -7.2671396013602745E-007   9.6304633352421075E-006  -1.4170365872771608E-008  -1.3441853625122556E-003  -5.1434937977218095E-006   6.7668670303659166E-005  -1.0167407418857905E-007  -2.7906780633515175E-010  -1.3439871138430730E-003
 dijxc
  -9.4881081136517827E-003   9.7089150182010517E-002 -0.75868170807461244       -1.7609998699378611E-004   2.3185030141039103E-003  -1.3470306426910899E-003  -7.2666088852178295E-007   9.6297923584807201E-006  -1.4168678980744644E-008  -1.3440902212635208E-003  -5.1478080436510928E-006   6.7724969899141026E-005  -1.0175012806551780E-007  -2.7941328729131193E-010  -1.3438918746058151E-003
  -9.4881081136517827E-003   9.7089150182010517E-002 -0.75868170807461244       -1.7609998699378611E-004   2.3185030141039103E-003  -1.3470306426910899E-003  -7.2666088852178295E-007   9.6297923584807201E-006  -1.4168678980744644E-008  -1.3440902212635208E-003  -5.1478080436510928E-006   6.7724969899141026E-005  -1.0175012806551780E-007  -2.7941328729131193E-010  -1.3438918746058151E-003
 dijxc
  -9.4884482887682298E-003   9.7092633297022155E-002 -0.75870891495890425       -1.7611000646059345E-004   2.3186338952670047E-003  -1.3470789204065364E-003  -7.2669383750103349E-007   9.6302127384550303E-006  -1.4169646880283027E-008  -1.3441381635153371E-003  -5.1478003716130569E-006   6.7725437144688699E-005  -1.0176801639703381E-007  -2.7939555583712450E-010  -1.3439398704147868E-003
  -9.4884482887682298E-003   9.7092633297022155E-002 -0.75870891495890425       -1.7611000646059345E-004   2.3186338952670047E-003  -1.3470789204065364E-003  -7.2669383750103349E-007   9.6302127384550303E-006  -1.4169646880283027E-008  -1.3441381635153371E-003  -5.1478003716130569E-006   6.7725437144688699E-005  -1.0176801639703381E-007  -2.7939555583712450E-010  -1.3439398704147868E-003
 dijxc
  -9.4884480092555842E-003   9.7092613533593594E-002 -0.75870882054825806       -1.7610976776282766E-004   2.3186305357635467E-003  -1.3470792091158290E-003  -7.2667576367905057E-007   9.6299788323472941E-006  -1.4169289495193024E-008  -1.3441384921619075E-003  -5.2880452696949158E-006   6.9549939875593173E-005  -1.0417691034412499E-007  -2.9081816423125900E-010  -1.3439403391621589E-003
  -9.4884480092555842E-003   9.7092613533593594E-002 -0.75870882054825806       -1.7610976776282766E-004   2.3186305357635467E-003  -1.3470792091158290E-003  -7.2667576367905057E-007   9.6299788323472941E-006  -1.4169289495193024E-008  -1.3441384921619075E-003  -5.2880452696949158E-006   6.9549939875593173E-005  -1.0417691034412499E-007  -2.9081816423125900E-010  -1.3439403391621589E-003
 dijxc
  -9.4887870716037128E-003   9.7096091920559000E-002 -0.75873596059105008       -1.7611954837697650E-004   2.3187581373023190E-003  -1.3471270580351332E-003  -7.2670340847903836E-007   9.6303292723000905E-006  -1.4170149778823841E-008  -1.3441860135348814E-003  -5.2882392337257573E-006   6.9552437309127591E-005  -1.0418234997190552E-007  -2.9083533154559187E-010  -1.3439879127628783E-003
  -9.4887870716037128E-003   9.7096091920559000E-002 -0.75873596059105008       -1.7611954837697650E-004   2.3187581373023190E-003  -1.3471270580351332E-003  -7.2670340847903836E-007   9.6303292723000905E-006  -1.4170149778823841E-008  -1.3441860135348814E-003  -5.2882392337257573E-006   6.9552437309127591E-005  -1.0418234997190552E-007  -2.9083533154559187E-010  -1.3439879127628783E-003
 dijxc
  -9.4881087513543055E-003   9.7089136416811786E-002 -0.75868167411623499       -1.7609998760920599E-004   2.3185029409920803E-003  -1.3470310916879737E-003  -7.2664811236241892E-007   9.6296283121548583E-006  -1.4168429088721097E-008  -1.3440907022728213E-003  -5.2878519525875402E-006   6.9547450899128246E-005  -1.0417148254011269E-007  -2.9080103152499282E-010  -1.3438924970501991E-003
  -9.4881087513543055E-003   9.7089136416811786E-002 -0.75868167411623499       -1.7609998760920599E-004   2.3185029409920803E-003  -1.3470310916879737E-003  -7.2664811236241892E-007   9.6296283121548583E-006  -1.4168429088721097E-008  -1.3440907022728213E-003  -5.2878519525875402E-006   6.9547450899128246E-005  -1.0417148254011269E-007  -2.9080103152499282E-010  -1.3438924970501991E-003
 dijxc
  -9.4884483079101037E-003   9.7092616817491248E-002 -0.75870884311412790       -1.7610976261962097E-004   2.3186305250000039E-003  -1.3470791707569721E-003  -7.2667584971951004E-007   9.6299801903799769E-006  -1.4169286875827784E-008  -1.3441384547438668E-003  -5.2880533762419479E-006   6.9550047863045487E-005  -1.0417704377854142E-007  -2.9081878594847559E-010  -1.3439403017941548E-003
  -9.4884483079101037E-003   9.7092616817491248E-002 -0.75870884311412790       -1.7610976261962097E-004   2.3186305250000039E-003  -1.3470791707569721E-003  -7.2667584971951004E-007   9.6299801903799769E-006  -1.4169286875827784E-008  -1.3441384547438668E-003  -5.2880533762419479E-006   6.9550047863045487E-005  -1.0417704377854142E-007  -2.9081878594847559E-010  -1.3439403017941548E-003
 dijxc
  -9.4884476588193555E-003   9.7092629429053390E-002 -0.75870886825157247       -1.7611003930269054E-004   2.3186342361575653E-003  -1.3470787081195600E-003  -7.2669410300045323E-007   9.6302158332029227E-006  -1.4169660459410565E-008  -1.3441379488955251E-003  -5.1479818858382949E-006   6.7727904121951579E-005  -1.0177224318948326E-007  -2.7940938928721515E-010  -1.3439396558189776E-003
  -9.4884476588193555E-003   9.7092629429053390E-002 -0.75870886825157247       -1.7611003930269054E-004   2.3186342361575653E-003  -1.3470787081195600E-003  -7.2669410300045323E-007   9.6302158332029227E-006  -1.4169660459410565E-008  -1.3441379488955251E-003  -5.1479818858382949E-006   6.7727904121951579E-005  -1.0177224318948326E-007  -2.7940938928721515E-010  -1.3439396558189776E-003
 dijxc
  -9.4887887059533198E-003   9.7096116179681252E-002 -0.75873612655743927       -1.7612010846489534E-004   2.3187658533352371E-003  -1.3471273417543434E-003  -7.2672871100772169E-007   9.6306584436090854E-006  -1.4170656243897849E-008  -1.3441862471397397E-003  -5.1520113311564492E-006   6.7780967314068558E-005  -1.0186485788196546E-007  -2.7971791879799410E-010  -1.3439880130344812E-003
  -9.4887887059533198E-003   9.7096116179681252E-002 -0.75873612655743927       -1.7612010846489534E-004   2.3187658533352371E-003  -1.3471273417543434E-003  -7.2672871100772169E-007   9.6306584436090854E-006  -1.4170656243897849E-008  -1.3441862471397397E-003  -5.1520113311564492E-006   6.7780967314068558E-005  -1.0186485788196546E-007  -2.7971791879799410E-010  -1.3439880130344812E-003
 dijxc
  -9.4881118717479659E-003   9.7089172242211946E-002 -0.75868194106438780       -1.7610048382699146E-004   2.3185099882021155E-003  -1.3470316481182818E-003  -7.2667314692263483E-007   9.6299548288395979E-006  -1.4168913402412714E-008  -1.3440912135049105E-003  -5.1530106309132322E-006   6.7793669683916563E-005  -1.0187686469645053E-007  -2.7979825624440859E-010  -1.3438928772202287E-003
  -9.4881118717479659E-003   9.7089172242211946E-002 -0.75868194106438780       -1.7610048382699146E-004   2.3185099882021155E-003  -1.3470316481182818E-003  -7.2667314692263483E-007   9.6299548288395979E-006  -1.4168913402412714E-008  -1.3440912135049105E-003  -5.1530106309132322E-006   6.7793669683916563E-005  -1.0187686469645053E-007  -2.7979825624440859E-010  -1.3438928772202287E-003
 dijxc
  -9.4884538439885587E-003   9.7092669691719008E-002 -0.75870925906819620       -1.7611033619533646E-004   2.3186389335319384E-003  -1.3470801236431336E-003  -7.2670487077455303E-007   9.6303605438955991E-006  -1.4169827700737035E-008  -1.3441393635622659E-003  -5.1545815991943056E-006   6.7813941371174788E-005  -1.0191900392855595E-007  -2.7991335899602829E-010  -1.3439410833812424E-003
  -9.4884538439885587E-003   9.7092669691719008E-002 -0.75870925906819620       -1.7611033619533646E-004   2.3186389335319384E-003  -1.3470801236431336E-003  -7.2670487077455303E-007   9.6303605438955991E-006  -1.4169827700737035E-008  -1.3441393635622659E-003  -5.1545815991943056E-006   6.7813941371174788E-005  -1.0191900392855595E-007  -2.7991335899602829E-010  -1.3439410833812424E-003
 dijxc
  -9.4884479598057146E-003   9.7092613688728818E-002 -0.75870881977205118       -1.7610976711171554E-004   2.3186305284343431E-003  -1.3470791578574016E-003  -7.2667575614501776E-007   9.6299787405731886E-006  -1.4169289256930405E-008  -1.3441384409467521E-003  -5.2880459549819641E-006   6.9549948841500373E-005  -1.0417692215552000E-007  -2.9081820275628159E-010  -1.3439402879495941E-003
  -9.4884479598057146E-003   9.7092613688728818E-002 -0.75870881977205118       -1.7610976711171554E-004   2.3186305284343431E-003  -1.3470791578574016E-003  -7.2667575614501776E-007   9.6299787405731886E-006  -1.4169289256930405E-008  -1.3441384409467521E-003  -5.2880459549819641E-006   6.9549948841500373E-005  -1.0417692215552000E-007  -2.9081820275628159E-010  -1.3439402879495941E-003
