 dijxc
  0.32080358624953054       -2.9673210896457825        24.988079471696409        1.2847219525066644E-007   4.0308026152904489E-005  -1.1541467241865416E-002  -1.1941574666594807E-007   1.1204737416028101E-006  -2.5831228852168916E-008  -1.0888776181486808E-002  -1.4735188139886564E-005   8.8521544226204428E-005   5.3720732189192151E-005   3.1213293411884905E-008  -1.1629279103428772E-002  -8.4126372185627153E-005   4.8382298506136117E-004 -0.36262278342871540        1.3865130856603651E-007  -3.1754705689564775E-004   6.4190986220311359        6.1216169457371829E-007  -6.0395996854594766E-006   1.3865130856603651E-007 -0.36651378203541851       -1.6936533164824889E-007  -7.9477838729311411E-007   6.4408521476519827        1.7413016359744547E-004  -1.3151190082094913E-003  -3.1754705689564775E-004  -1.6936533164824889E-007 -0.36209542952676693        1.7786909004605779E-003   9.6729016237250321E-007   6.4161520598910382     
 dijxc
  0.32080358624953054       -2.9673210896457825        24.988079471696409        1.2847219525066644E-007   4.0308026152904489E-005  -1.1541467241865416E-002  -1.1941574666594807E-007   1.1204737416028101E-006  -2.5831228852168916E-008  -1.0888776181486808E-002  -1.4735188139886564E-005   8.8521544226204428E-005   5.3720732189192151E-005   3.1213293411884905E-008  -1.1629279103428772E-002  -8.4126372185627153E-005   4.8382298506136117E-004 -0.36262278342871540        1.3865130856603651E-007  -3.1754705689564775E-004   6.4190986220311359        6.1216169457371829E-007  -6.0395996854594766E-006   1.3865130856603651E-007 -0.36651378203541851       -1.6936533164824889E-007  -7.9477838729311411E-007   6.4408521476519827        1.7413016359744547E-004  -1.3151190082094913E-003  -3.1754705689564775E-004  -1.6936533164824889E-007 -0.36209542952676693        1.7786909004605779E-003   9.6729016237250321E-007   6.4161520598910382     
 dijxc
  0.32080563360209902       -2.9673409165821334        24.988268181983987        1.5345931646917378E-007   4.0155484456623497E-005  -1.1542229518888690E-002  -1.1943979441850819E-007   1.1207072559095769E-006  -2.5829613794173872E-008  -1.0889410165522632E-002  -1.4742821399746186E-005   8.8579281822331348E-005   5.3724619606511880E-005   3.1212779472686778E-008  -1.1630087753487756E-002  -8.4415723147195781E-005   4.8601724278330035E-004 -0.36261790240888053        1.3864328906636225E-007  -3.1756837794314765E-004   6.4190741937288207        6.1229099310260765E-007  -6.0408931452429952E-006   1.3864328906636225E-007 -0.36650963296642020       -1.6936313470441945E-007  -7.9473406101370709E-007   6.4408316729302850        1.7419852680401553E-004  -1.3156725598529688E-003  -3.1756837794314765E-004  -1.6936313470441945E-007 -0.36209027703993596        1.7787992855077415E-003   9.6727803234118400E-007   6.4161261335286861     
 dijxc
  0.32080153932509475       -2.9673012667084162        24.987890798955153        1.0350393328142301E-007   4.0460416398229132E-005  -1.1540704993838725E-002  -1.1939168869078686E-007   1.1202401414197448E-006  -2.5832845311592790E-008  -1.0888142230856913E-002  -1.4727558080011071E-005   8.8463835406606031E-005   5.3716844866714775E-005   3.1213807255404910E-008  -1.1628470487495192E-002  -8.3837175101103326E-005   4.8163000586243899E-004 -0.36262766420748133        1.3865933603640373E-007  -3.1752573585333219E-004   6.4191230499721925        6.1203233374974709E-007  -6.0383056741548642E-006   1.3865933603640373E-007 -0.36651793082541456       -1.6936752794563085E-007  -7.9482275801372931E-007   6.4408726217170233        1.7406182170587217E-004  -1.3145656473693764E-003  -3.1752573585333219E-004  -1.6936752794563085E-007 -0.36210058174602205        1.7785825112636904E-003   9.6730228803358324E-007   6.4161779857679928     
 dijxc
  0.32080358421855765       -2.9673210684633684        24.988079247256120        1.2866922600544398E-007   4.0306324583084629E-005  -1.1541467672291583E-002  -1.1941568376602844E-007   1.1204731476986271E-006  -2.5831230753346288E-008  -1.0888776612486481E-002  -1.4735120071857127E-005   8.8521020429432494E-005   5.3720717673002244E-005   3.1213294666794643E-008  -1.1629279589838261E-002  -8.4127675730695522E-005   4.8383467554191488E-004 -0.36262278170819684        1.3865131753057344E-007  -3.1754697075164838E-004   6.4190986136648753        6.1216134917316669E-007  -6.0395963219292979E-006   1.3865131753057344E-007 -0.36651378033064252       -1.6936533833848865E-007  -7.9477843005299154E-007   6.4408521394850595        1.7412958526684367E-004  -1.3151142303829664E-003  -3.1754697075164838E-004  -1.6936533833848865E-007 -0.36209542747920809        1.7786904277585641E-003   9.6729020031602679E-007   6.4161520496672866     
 dijxc
  0.32080358617546256       -2.9673210892176405        24.988079473736477        1.2841711603443374E-007   4.0308565977777307E-005  -1.1541466443014778E-002  -1.1941574297002542E-007   1.1204737034271241E-006  -2.5831232149217195E-008  -1.0888775365258480E-002  -1.4735197308443066E-005   8.8521628831227502E-005   5.3720731118070051E-005   3.1213279620918424E-008  -1.1629278071704566E-002  -8.4126157048183527E-005   4.8382069711052841E-004 -0.36262278830006817        1.3865132765544175E-007  -3.1754704680455074E-004   6.4190986481431676        6.1216167989700794E-007  -6.0395995134383717E-006   1.3865132765544175E-007 -0.36651378696912601       -1.6936525199570924E-007  -7.9477849776368747E-007   6.4408521741286524        1.7413021308942332E-004  -1.3151194861816561E-003  -3.1754704680455074E-004  -1.6936525199570924E-007 -0.36209543547409900        1.7786908513990906E-003   9.6728969543025338E-007   6.4161520914688328     
 dijxc
  0.32080563632170428       -2.9673409367086445        24.988268289391435        1.5459082132066870E-007   4.0147340872463780E-005  -1.1542232896269607E-002  -1.1944043088504071E-007   1.1207129073049357E-006  -2.5830029285330777E-008  -1.0889415072665359E-002  -1.4969331198667281E-005   9.0563802522155846E-005   5.3753891074925257E-005   3.1212313748872290E-008  -1.1630089947062210E-002  -8.4426461863715087E-005   4.8610351150915631E-004 -0.36261788342270512        1.3864552073778289E-007  -3.1774094727299610E-004   6.4190741047430429        6.1229485031784435E-007  -6.0409288998209341E-006   1.3864552073778289E-007 -0.36650960467916543       -1.6935867474251227E-007  -7.9474682116286549E-007   6.4408315318012228        1.7563665223933102E-004  -1.3286979925712238E-003  -3.1774094727299610E-004  -1.6935867474251227E-007 -0.36209026469887101        1.7797650404342102E-003   9.6724638857929468E-007   6.4161260819145740     
 dijxc
  0.32080154203566807       -2.9673012867043163        24.987890905130985        1.0463530183942984E-007   4.0452275756880341E-005  -1.1540708385605794E-002  -1.1939232483026828E-007   1.1202457912086459E-006  -2.5833260118622515E-008  -1.0888147154491053E-002  -1.4953606171683749E-005   9.0443982069193113E-005   5.3746113778585075E-005   3.1213336767745215E-008  -1.1628472711100499E-002  -8.3847916181336809E-005   4.8171628696220246E-004 -0.36262764511345208        1.3866156394214220E-007  -3.1769829847419674E-004   6.4191229604031124        6.1203618609755924E-007  -6.0383413918812160E-006   1.3866156394214220E-007 -0.36651790241880744       -1.6936304747467326E-007  -7.9483549640147118E-007   6.4408724799393289        1.7549759789593631E-004  -1.3275678160746677E-003  -3.1769829847419674E-004  -1.6936304747467326E-007 -0.36210056921845862        1.7795482395877868E-003   9.6727054276795026E-007   6.4161779331455389     
 dijxc
  0.32080358949415910       -2.9673211063457305        24.988079425744480        1.3096274470754912E-007   4.0289712052604101E-005  -1.1541475575320544E-002  -1.1941706728603333E-007   1.1204855840303173E-006  -2.5831987132800074E-008  -1.0888787740414338E-002  -1.5174486561623099E-005   9.2359275868237597E-005   5.3779109691822494E-005   3.1211907030996293E-008  -1.1629285936425732E-002  -8.4149217475440688E-005   4.8400810642447944E-004 -0.36262273695859060        1.3865537383499743E-007  -3.1789124804576844E-004   6.4190984001731000        6.1216944523040477E-007  -6.0396721758999195E-006   1.3865537383499743E-007 -0.36651371609986882       -1.6935410299535617E-007  -7.9480162331915445E-007   6.4408518166874904        1.7694129671992786E-004  -1.3405079045156459E-003  -3.1789124804576844E-004  -1.6935410299535617E-007 -0.36209539183312500        1.7806172631338335E-003   9.6721427961380841E-007   6.4161518876747667     
 dijxc
  0.32080358624550209       -2.9673210896441846        24.988079471707231        1.2847211853234792E-007   4.0308026860605965E-005  -1.1541467245406181E-002  -1.1941571635330228E-007   1.1204734696060164E-006  -2.5831232839077987E-008  -1.0888776184939920E-002  -1.4735188299874388E-005   8.8521545650053503E-005   5.3720732229578194E-005   3.1213293857053923E-008  -1.1629279106822273E-002  -8.4126371753783194E-005   4.8382298097304825E-004 -0.36262278342754578        1.3865133109849603E-007  -3.1754705712152360E-004   6.4190986220160422        6.1216151477510374E-007  -6.0395980132218702E-006   1.3865133109849603E-007 -0.36651378203471663       -1.6936533404070147E-007  -7.9477851459759655E-007   6.4408521476395411        1.7413016456168263E-004  -1.3151190171342357E-003  -3.1754705712152360E-004  -1.6936533404070147E-007 -0.36209542952643642        1.7786909017370334E-003   9.6729017598049514E-007   6.4161520598806856     
 dijxc
  0.32080563360744341       -2.9673409166688924        24.988268183036428        1.5345743476752605E-007   4.0155501811393624E-005  -1.1542229519609586E-002  -1.1943973430675984E-007   1.1207067170988054E-006  -2.5829621792546470E-008  -1.0889410166150387E-002  -1.4742821965045739E-005   8.8579286872451094E-005   5.3724619656602271E-005   3.1212780414189376E-008  -1.1630087753816486E-002  -8.4415712907858016E-005   4.8601714460271955E-004 -0.36261790241026637        1.3864333426317938E-007  -3.1756837820131549E-004   6.4190741937105784        6.1229063553019017E-007  -6.0408898230961349E-006   1.3864333426317938E-007 -0.36650963296805394       -1.6936313974811965E-007  -7.9473431644868432E-007   6.4408316729133102        1.7419853021878652E-004  -1.3156725914455364E-003  -3.1756837820131549E-004  -1.6936313974811965E-007 -0.36209027704356311        1.7787992869517234E-003   9.6727806102747730E-007   6.4161261335231750     
 dijxc
  0.32080153933435784       -2.9673012668272221        24.987890800323036        1.0350206240130050E-007   4.0460433649731740E-005  -1.1540704991444689E-002  -1.1939162920008590E-007   1.1202396080997335E-006  -2.5832853231141874E-008  -1.0888142228368793E-002  -1.4727558640017400E-005   8.8463840410429423E-005   5.3716844916151148E-005   3.1213808184016587E-008  -1.1628470484710565E-002  -8.3837164917804148E-005   4.8162990822239954E-004 -0.36262766422192172        1.3865938081685584E-007  -3.1752573610808717E-004   6.4191230500251208        6.1203198001585571E-007  -6.0383023868391795E-006   1.3865938081685584E-007 -0.36651793084011142       -1.6936753291067745E-007  -7.9482301106133909E-007   6.4408726217712235        1.7406182508770591E-004  -1.3145656786558381E-003  -3.1752573610808717E-004  -1.6936753291067745E-007 -0.36210058176269444        1.7785825126856425E-003   9.6730231628695567E-007   6.4161779858336043     
 dijxc
  0.32080358424118804       -2.9673210686519642        24.988079249440656        1.2866575948915488E-007   4.0306356526651047E-005  -1.1541467663597975E-002  -1.1941559630842728E-007   1.1204723636462062E-006  -2.5831242419059872E-008  -1.0888776603755958E-002  -1.4735120997246540E-005   8.8521028718916258E-005   5.3720717730651781E-005   3.1213296034262990E-008  -1.1629279580509480E-002  -8.4127656792342968E-005   4.8383449410683291E-004 -0.36262278171804757        1.3865138358317943E-007  -3.1754697103020420E-004   6.4190986136980346        6.1216082928380595E-007  -6.0395914891205062E-006   1.3865138358317943E-007 -0.36651378034021820       -1.6936534562686184E-007  -7.9477880321553735E-007   6.4408521395163749        1.7412959080278698E-004  -1.3151142817957526E-003  -3.1754697103020420E-004  -1.6936534562686184E-007 -0.36209542749269269        1.7786904293077561E-003   9.6729024180791898E-007   6.4161520497211049     
 dijxc
  0.32080359159597799       -2.9673211283659833        24.988079660678732        1.3077318312984285E-007   4.0291350278518130E-005  -1.1541475039985233E-002  -1.1941706349247695E-007   1.1204855356286342E-006  -2.5832012161225290E-008  -1.0888787157370530E-002  -1.5178509949235568E-005   9.2397813149725725E-005   5.3779167193975869E-005   3.1212057733678872E-008  -1.1629285166204498E-002  -8.4147963201617037E-005   4.8399686105491172E-004 -0.36262273924446214        1.3865551222774490E-007  -3.1789158824547110E-004   6.4190984113222846        6.1216948094375551E-007  -6.0396724154295706E-006   1.3865551222774490E-007 -0.36651371863017579       -1.6935487607556711E-007  -7.9480242087662583E-007   6.4408518291202057        1.7696030547810561E-004  -1.3407015598221814E-003  -3.1789158824547110E-004  -1.6935487607556711E-007 -0.36209539540951935        1.7806191090601051E-003   9.6721852213484202E-007   6.4161519061993104     
 dijxc
  0.32080564162440800       -2.9673409743624184        24.988268454509946        1.5691675809460696E-007   4.0130396961849280E-005  -1.1542241900291364E-002  -1.1944181988996849E-007   1.1207254886442366E-006  -2.5830743155911904E-008  -1.0889427409660278E-002  -1.5397539885100854E-005   9.4295913701862127E-005   5.3812131658432074E-005   3.1210631030617666E-008  -1.1630098020865620E-002  -8.4448099270592169E-005   4.8627806134265809E-004 -0.36261783216263277        1.3864934663612793E-007  -3.1808438787730558E-004   6.4190738569242107        6.1230279652655774E-007  -6.0410039035461030E-006   1.3864934663612793E-007 -0.36650953337704245       -1.6934597182674327E-007  -7.9476869342823195E-007   6.4408311714579085        1.7839429376221395E-004  -1.3535474613603962E-003  -3.1808438787730558E-004  -1.6934597182674327E-007 -0.36209021933526664        1.7816872488708464E-003   9.6716254665009367E-007   6.4161258679597548     
 dijxc
  0.32080154693986174       -2.9673013202807650        24.987891025850811        1.0693319795307112E-007   4.0435574865435109E-005  -1.1540717543467915E-002  -1.1939380359601769E-007   1.1202592911031097E-006  -2.5833912714016534E-008  -1.0888159783432098E-002  -1.5369913966951297E-005   9.4062146725437256E-005   5.3804224592580897E-005   3.1211244296199003E-008  -1.1628481411442460E-002  -8.3869375296716711E-005   4.8188920717384052E-004 -0.36262759316137305        1.3866505672953844E-007  -3.1804100135080556E-004   6.4191227091817407        6.1204444196428558E-007  -6.0384199026045317E-006   1.3866505672953844E-007 -0.36651782965902635       -1.6934825645507572E-007  -7.9485546528629282E-007   6.4408721118532917        1.7819879637306790E-004  -1.3518431616503536E-003  -3.1804100135080556E-004  -1.6934825645507572E-007 -0.36210052060636222        1.7814664615384943E-003   9.6717527691885533E-007   6.4161777011476673     
 dijxc
  0.32080359421919757       -2.9673211375863002        24.988079513134952        1.3319579802573377E-007   4.0273605139829507E-005  -1.1541485286119292E-002  -1.1941865568145586E-007   1.1205002689433264E-006  -2.5832533034671574E-008  -1.0888801136182749E-002  -1.5564329077134017E-005   9.5725730389230931E-005   5.3836844878291349E-005   3.1209074190102677E-008  -1.1629296081971059E-002  -8.4170325861484472E-005   4.8417762016681896E-004 -0.36262268193843655        1.3865828859534694E-007  -3.1823187100992942E-004   6.4190981334341810        6.1217796593630593E-007  -6.0397542582751850E-006   1.3865828859534694E-007 -0.36651363909415341       -1.6933560146899011E-007  -7.9481828673409047E-007   6.4408514263583445        1.7951402625589148E-004  -1.3634907930015147E-003  -3.1823187100992942E-004  -1.6933560146899011E-007 -0.36209533528376098        1.7825239910625205E-003   9.6709888325117565E-007   6.4161516123529196     
 dijxc
  0.32080358627028521       -2.9673210898631486        24.988079474129954        1.2846858886785354E-007   4.0308059394347399E-005  -1.1541467234567629E-002  -1.1941562859183676E-007   1.1204726829506434E-006  -2.5831244566361063E-008  -1.0888776174034380E-002  -1.4735189236410237E-005   8.8521554032466892E-005   5.3720732287897029E-005   3.1213295238981605E-008  -1.1629279095347458E-002  -8.4126352493416523E-005   4.8382279639882500E-004 -0.36262278345271737        1.3865139747091948E-007  -3.1754705740309568E-004   6.4190986221065547        6.1216099283701339E-007  -6.0395931624848748E-006   1.3865139747091948E-007 -0.36651378205975588       -1.6936534141109124E-007  -7.9477888960956320E-007   6.4408521477289868        1.7413017018128846E-004  -1.3151190692544923E-003  -3.1754705740309568E-004  -1.6936534141109124E-007 -0.36209542955524998        1.7786909032993107E-003   9.6729021793501470E-007   6.4161520599919086     
 dijxc
  0.32080563363368980       -2.9673409169561071        24.988268186375642        1.5345233769316909E-007   4.0155548763203631E-005  -1.1542229512216770E-002  -1.1943961961974969E-007   1.1207056890533069E-006  -2.5829637181208793E-008  -1.0889410158742188E-002  -1.4742823256228839E-005   8.8579298448221384E-005   5.3724619721640252E-005   3.1212782217952171E-008  -1.1630087745542181E-002  -8.4415685038727049E-005   4.8601687766709485E-004 -0.36261790243302694        1.3864342144595543E-007  -3.1756837850036891E-004   6.4190741937780089        6.1228995353440465E-007  -6.0408834835112313E-006   1.3864342144595543E-007 -0.36650963299020917       -1.6936314933726331E-007  -7.9473480894707119E-007   6.4408316729768398        1.7419853793232033E-004  -1.3156726631213919E-003  -3.1756837850036891E-004  -1.6936314933726331E-007 -0.36209027707136732        1.7787992886024600E-003   9.6727811564511084E-007   6.4161261336192954     
 dijxc
  0.32080153936428274       -2.9673012671497840        24.987890803802806        1.0349715928920279E-007   4.0460478776328725E-005  -1.1540704980661967E-002  -1.1939151628727504E-007   1.1202385956960349E-006  -2.5832868397551269E-008  -1.0888142217623728E-002  -1.4727559893089987E-005   8.8463851664832594E-005   5.3716844979407081E-005   3.1213809940369320E-008  -1.1628470473044855E-002  -8.3837138029673551E-005   4.8162965088110630E-004 -0.36262766426318016        1.3865946682057012E-007  -3.1752573639913870E-004   6.4191230501399499        6.1203130908557488E-007  -6.0382961475449030E-006   1.3865946682057012E-007 -0.36651793088053791       -1.6936754222301683E-007  -7.9482349679346753E-007   6.4408726218807857        1.7406183252890425E-004  -1.3145657479641587E-003  -3.1752573639913870E-004  -1.6936754222301683E-007 -0.36210058180900062        1.7785825142906204E-003   9.6730236936137692E-007   6.4161779859771508     
 dijxc
  0.32080358427429895       -2.9673210690100755        24.988079253463233        1.2865966788871676E-007   4.0306412494609152E-005  -1.1541467653136170E-002  -1.1941545982450731E-007   1.1204711396861811E-006  -2.5831260902452591E-008  -1.0888776593473294E-002  -1.4735122530878844E-005   8.8521042543408780E-005   5.3720717796698145E-005   3.1213298132309033E-008  -1.1629279568918377E-002  -8.4127623220975941E-005   4.8383417323128526E-004 -0.36262278175366414        1.3865148854514806E-007  -3.1754697132341578E-004   6.4190986137969404        6.1216001855419106E-007  -6.0395839470651572E-006   1.3865148854514806E-007 -0.36651378037419802       -1.6936535668734013E-007  -7.9477939583864764E-007   6.4408521396050986        1.7412959982733133E-004  -1.3151143661742240E-003  -3.1754697132341578E-004  -1.6936535668734013E-007 -0.36209542753475021        1.7786904309105302E-003   9.6729030492838370E-007   6.4161520498566667     
 dijxc
  0.32080359630862393       -2.9673211595062559        24.988079747167191        1.3300637958462023E-007   4.0275241432599434E-005  -1.1541484761211543E-002  -1.1941865424072997E-007   1.1205002445553183E-006  -2.5832557106946282E-008  -1.0888800565733270E-002  -1.5568209976857330E-005   9.5762872855723649E-005   5.3836900092794837E-005   3.1209218980386302E-008  -1.1629295329890620E-002  -8.4169071303461277E-005   4.8416637628313991E-004 -0.36262268418270704        1.3865842173011955E-007  -3.1823219799933974E-004   6.4190981444121107        6.1217800971001922E-007  -6.0397545906475906E-006   1.3865842173011955E-007 -0.36651364157104399       -1.6933634418057533E-007  -7.9481905430636830E-007   6.4408514385524605        1.7953242244897436E-004  -1.3636779507181502E-003  -3.1823219799933974E-004  -1.6933634418057533E-007 -0.36209533877886968        1.7825257650002447E-003   9.6710295895166540E-007   6.4161516304785398     
 dijxc
  0.32080564600243361       -2.9673410016041721        24.988268489049148        1.5905402080918789E-007   4.0115165599912788E-005  -1.1542252409241914E-002  -1.1944358062733992E-007   1.1207420132829077E-006  -2.5831131050986229E-008  -1.0889441918370303E-002  -1.5748595455947244E-005   9.7293472296367195E-005   5.3869317350921172E-005   3.1206713021998412E-008  -1.1630110252665235E-002  -8.4468685189816416E-005   4.8644251600087952E-004 -0.36261777283938418        1.3865140496983838E-007  -3.1842197077371808E-004   6.4190735685887539        6.1231177772547768E-007  -6.0410918827665399E-006   1.3865140496983838E-007 -0.36650945033410420       -1.6932203160314468E-007  -7.9478045994930534E-007   6.4408307496364312        1.8077868690208890E-004  -1.3746357515947007E-003  -3.1842197077371808E-004  -1.6932203160314468E-007 -0.36209015145220486        1.7835771792796887E-003   9.6701764272088270E-007   6.4161255308826082     
 dijxc
  0.32080155108140956       -2.9673013452204828        24.987891038294947        1.0903645733388486E-007   4.0420660318522567E-005  -1.1540727982239297E-002  -1.1939557117123970E-007   1.1202759004593806E-006  -2.5834279494182796E-008  -1.0888174269144887E-002  -1.5713066293470293E-005   9.6985189665732969E-005   5.3861262724138727E-005   3.1207167962457703E-008  -1.1628493755163019E-002  -8.3889782457481697E-005   4.8205190296567017E-004 -0.36262753426306543        1.3866700158253811E-007  -3.1837780697914009E-004   6.4191224228808554        6.1205342259033289E-007  -6.0385079865139108E-006   1.3866700158253811E-007 -0.36651774677880200       -1.6932355188104566E-007  -7.9486658100253814E-007   6.4408716905973424        1.8054339343967675E-004  -1.3725370766470651E-003  -3.1837780697914009E-004  -1.6932355188104566E-007 -0.36210045210507230        1.7833520455377821E-003   9.6702629665372680E-007   6.4161773601901064     
 dijxc
  0.32080359817835280       -2.9673211605108336        24.988079498316068        1.3516369930364577E-007   4.0259965637791471E-005  -1.1541496304812250E-002  -1.1942048600405259E-007   1.1205176405352621E-006  -2.5832772936068346E-008  -1.0888816431477391E-002  -1.5865046200275821E-005   9.8248031884248848E-005   5.3893139308424727E-005   3.1204089192511542E-008  -1.1629310079063836E-002  -8.4190057146030142E-005   4.8433352785646642E-004 -0.36262261982877098        1.3865954927131781E-007  -3.1856468153894368E-004   6.4190978306797337        6.1218695551752109E-007  -6.0398434736050380E-006   1.3865954927131781E-007 -0.36651355174237316       -1.6930646861069270E-007  -7.9482548420996200E-007   6.4408509814574497        1.8164690287744901E-004  -1.3820799345948449E-003  -3.1856468153894368E-004  -1.6930646861069270E-007 -0.36209525757265049        1.7843872215298358E-003   9.6692620668438207E-007   6.4161512208223552     
 dijxc
  0.32080358630509503       -2.9673210902250147        24.988079478140662        1.2846243825857547E-007   4.0308115916762592E-005  -1.1541467223315713E-002  -1.1941549176649477E-007   1.1204714559888834E-006  -2.5831263096420883E-008  -1.0888776162948068E-002  -1.4735190779867273E-005   8.8521567939190077E-005   5.3720732353743683E-005   3.1213297348367170E-008  -1.1629279082968250E-002  -8.4126318628757358E-005   4.8382247264490603E-004 -0.36262278348588139        1.3865150267851027E-007  -3.1754705769534443E-004   6.4190986221827657        6.1216017995468375E-007  -6.0395856009929691E-006   1.3865150267851027E-007 -0.36651378209134500       -1.6936535253604532E-007  -7.9477948364625692E-007   6.4408521477954039        1.7413017928139132E-004  -1.3151191542773483E-003  -3.1754705769534443E-004  -1.6936535253604532E-007 -0.36209542959484320        1.7786909048973923E-003   9.6729028141656449E-007   6.4161520601047073     
 dijxc
  0.32080563367037879       -2.9673409173915894        24.988268191140108        1.5344521576101537E-007   4.0155614097344371E-005  -1.1542229500544572E-002  -1.1943946161969740E-007   1.1207042720041735E-006  -2.5829658801414542E-008  -1.0889410147407408E-002  -1.4742825035348263E-005   8.8579314532451496E-005   5.3724619787241667E-005   3.1212784614914222E-008  -1.1630087732502549E-002  -8.4415645594457353E-005   4.8601650119607512E-004 -0.36261790249065085        1.3864354439011764E-007  -3.1756837877904411E-004   6.4190741939477221        6.1228901514759010E-007  -6.0408747512141397E-006   1.3864354439011764E-007 -0.36650963304531531       -1.6936316189905036E-007  -7.9473550288536036E-007   6.4408316731311626        1.7419854831477697E-004  -1.3156727605509603E-003  -3.1756837877904411E-004  -1.6936316189905036E-007 -0.36209027713677955        1.7787992901187059E-003   9.6727818742667909E-007   6.4161261338333233     
 dijxc
  0.32080153940157613       -2.9673012675261683        24.987890808047460        1.0349035319421702E-007   4.0460541139794733E-005  -1.1540704968393732E-002  -1.1939136129292803E-007   1.1202372055570335E-006  -2.5832889754281918E-008  -1.0888142205762431E-002  -1.4727561607405703E-005   8.8463867189084860E-005   5.3716845039936699E-005   3.1213812276052283E-008  -1.1628470459410692E-002  -8.3837100188268547E-005   4.8162929011985416E-004 -0.36262766429536220        1.3865958833492084E-007  -3.1752573665347924E-004   6.4191230502284569        6.1203038864723729E-007  -6.0382875812268354E-006   1.3865958833492084E-007 -0.36651793090991314       -1.6936755442504466E-007  -7.9482418257417086E-007   6.4408726219522112        1.7406184247859626E-004  -1.3145658415456239E-003  -3.1752573665347924E-004  -1.6936755442504466E-007 -0.36210058184895666        1.7785825156720000E-003   9.6730243914388304E-007   6.4161779861098811     
 dijxc
  0.32080358429837674       -2.9673210693831185        24.988079257787263        1.2865232819821588E-007   4.0306479562188100E-005  -1.1541467651713815E-002  -1.1941528842058608E-007   1.1204696026670249E-006  -2.5831285055106517E-008  -1.0888776592678319E-002  -1.4735124387355366E-005   8.8521059416029187E-005   5.3720717847599093E-005   3.1213300676601586E-008  -1.1629279565907265E-002  -8.4127582038841890E-005   4.8383378168367582E-004 -0.36262278178722568        1.3865162614683111E-007  -3.1754697151654845E-004   6.4190986138700552        6.1215899992435283E-007  -6.0395744670564670E-006   1.3865162614683111E-007 -0.36651378040381966       -1.6936536986318406E-007  -7.9478017218777033E-007   6.4408521396543801        1.7412961047760388E-004  -1.3151144668365835E-003  -3.1754697151654845E-004  -1.6936536986318406E-007 -0.36209542757734431        1.7786904319400225E-003   9.6729038044380003E-007   6.4161520499811608     
 dijxc
  0.32080360022077470       -2.9673211818372138        24.988079724310033        1.3497736085961860E-007   4.0261566334846410E-005  -1.1541495850739367E-002  -1.1942051550799060E-007   1.1205179275123876E-006  -2.5832781849954566E-008  -1.0888815966207201E-002  -1.5867495755912209E-005   9.8271021452921750E-005   5.3893203550300910E-005   3.1204140214298361E-008  -1.1629309504571146E-002  -8.4188807077109477E-005   4.8432237535952322E-004 -0.36262262169559600        1.3865959947434938E-007  -3.1856503593061139E-004   6.4190978397608305        6.1218711444068625E-007  -6.0398450709681667E-006   1.3865959947434938E-007 -0.36651355365171040       -1.6930671676947199E-007  -7.9482577881551391E-007   6.4408509906705973        1.8165941727523092E-004  -1.3822032170031867E-003  -3.1856503593061139E-004  -1.6930671676947199E-007 -0.36209526013720528        1.7843892008680331E-003   9.6692753557353495E-007   6.4161512338584998     
 dijxc
  0.32080564972380482       -2.9673410217045846        24.988268436331019        1.6086151249811017E-007   4.0103035157687463E-005  -1.1542264108987545E-002  -1.1944549601008517E-007   1.1207603972963653E-006  -2.5831209957795160E-008  -1.0889458187567938E-002  -1.5997273250362380E-005   9.9324203507497014E-005   5.3924724628615440E-005   3.1200591394660114E-008  -1.1630126251333001E-002  -8.4487612033573703E-005   4.8659035867426234E-004 -0.36261770688320782        1.3865179672923098E-007  -3.1875001123630238E-004   6.4190732460636148        6.1232081444233115E-007  -6.0411828470720681E-006   1.3865179672923098E-007 -0.36650935752801467       -1.6928734444347053E-007  -7.9478268187161401E-007   6.4408302757932638        1.8265215107271684E-004  -1.3906450279223741E-003  -3.1875001123630238E-004  -1.6928734444347053E-007 -0.36209006253694453        1.7854137376638222E-003   9.6681520755902735E-007   6.4161250776988510     
 dijxc
  0.32080155471501465       -2.9673013649164628        24.987890988669022        1.1081315549339186E-007   4.0408840286713823E-005  -1.1540739345536927E-002  -1.1939738601907504E-007   1.1202932930913709E-006  -2.5834388791767670E-008  -1.0888190132713728E-002  -1.5959781925264149E-005   9.8999554866860905E-005   5.3916515942678897E-005   3.1201227596062444E-008  -1.1628509188627748E-002  -8.3908587250516902E-005   4.8219838491219476E-004 -0.36262747018114827        1.3866756080194716E-007  -3.1870511144949825E-004   6.4191221095942659        6.1206204564582122E-007  -6.0385945751392713E-006   1.3866756080194716E-007 -0.36651765623136939       -1.6928988011146849E-007  -7.9486975445608339E-007   6.4408712282090264        1.8240269158458199E-004  -1.3884244103329465E-003  -3.1870511144949825E-004  -1.6928988011146849E-007 -0.36210036620523434        1.7851843025096783E-003   9.6682964877460907E-007   6.4161769228689440     
 dijxc
  0.32080360189442964       -2.9673211812971161        24.988079462267446        1.3676130185965567E-007   4.0249886408707516E-005  -1.1541507802438108E-002  -1.1942214778042032E-007   1.1205336838898579E-006  -2.5832812958239271E-008  -1.0888832501208957E-002  -1.6064594541957510E-005   9.9821687962863752E-005   5.3947353107924001E-005   3.1197609971496336E-008  -1.1629326218803970E-002  -8.4208058891574184E-005   4.8447155964937642E-004 -0.36262255476991317        1.3865974125635718E-007  -3.1888657904297269E-004   6.4190975116393245        6.1219466548598268E-007  -6.0399215849487276E-006   1.3865974125635718E-007 -0.36651345984119582       -1.6927044361124478E-007  -7.9482653989248095E-007   6.4408505111603613        1.8326147483424334E-004  -1.3955754897676527E-003  -3.1888657904297269E-004  -1.6927044361124478E-007 -0.36209516726725260        1.7861888133579524E-003   9.6671771734489212E-007   6.4161507584637762     
 dijxc
  0.32080358633749351       -2.9673210905980349        24.988079482520792        1.2845506019665029E-007   4.0308183345803811E-005  -1.1541467215707049E-002  -1.1941531997810106E-007   1.1204699154312420E-006  -2.5831287258607011E-008  -1.0888776155965389E-002  -1.4735192644154247E-005   8.8521584881935678E-005   5.3720732405425432E-005   3.1213299895392165E-008  -1.1629279073769330E-002  -8.4126277252168436E-005   4.8382207918817285E-004 -0.36262278351296218        1.3865164034240482E-007  -3.1754705789274052E-004   6.4190986222628110        6.1215915922785548E-007  -6.0395761007583925E-006   1.3865164034240482E-007 -0.36651378211449098       -1.6936536572940163E-007  -7.9478026033398971E-007   6.4408521478516958        1.7413018997899671E-004  -1.3151192553843281E-003  -3.1754705789274052E-004  -1.6936536572940163E-007 -0.36209542963096464        1.7786909059540081E-003   9.6729035702408379E-007   6.4161520602361710     
 dijxc
  0.32080563370405274       -2.9673409177760819        24.988268195576392        1.5343764052850223E-007   4.0155683067189885E-005  -1.1542229492175274E-002  -1.1943927709087196E-007   1.1207026176046055E-006  -2.5829685475278474E-008  -1.0889410139922694E-002  -1.4742826970828258E-005   8.8579332203641989E-005   5.3724619823597486E-005   3.1212787296079451E-008  -1.1630087722330304E-002  -8.4415602601011351E-005   4.8601609379794785E-004 -0.36261790252153736        1.3864369658253827E-007  -3.1756837888801401E-004   6.4190741940341569        6.1228791764871749E-007  -6.0408645371273993E-006   1.3864369658253827E-007 -0.36650963307101281       -1.6936317563199450E-007  -7.9473636127514093E-007   6.4408316731862563        1.7419855926132817E-004  -1.3156728646370559E-003  -3.1756837888801401E-004  -1.6936317563199450E-007 -0.36209027717790132        1.7787992906643938E-003   9.6727826635376392E-007   6.4161261339779747     
 dijxc
  0.32080153943006490       -2.9673012678779256        24.987890812084395        1.0348312254640096E-007   4.0460606883794577E-005  -1.1540704962895512E-002  -1.1939118077017048E-007   1.1202355875390129E-006  -2.5832916200034226E-008  -1.0888142201182699E-002  -1.4727563465421995E-005   8.8463884163751975E-005   5.3716845066822751E-005   3.1213814895712868E-008  -1.1628470452129211E-002  -8.3837058968874736E-005   4.8162890011959681E-004 -0.36262766432241650        1.3865973923241510E-007  -3.1752573671376967E-004   6.4191230502830265        6.1202931410687201E-007  -6.0382775836136813E-006   1.3865973923241510E-007 -0.36651793093163898       -1.6936756779812802E-007  -7.9482503365462058E-007   6.4408726219747301        1.7406185296114799E-004  -1.3145659413388855E-003  -3.1752573671376967E-004  -1.6936756779812802E-007 -0.36210058188613387        1.7785825159488955E-003   9.6730251606695674E-007   6.4161779862220119     
 dijxc
  0.32080358434563849       -2.9673210697784436        24.988079262072297        1.2864526516960914E-007   4.0306543450476206E-005  -1.1541467630504225E-002  -1.1941510061180301E-007   1.1204679208055232E-006  -2.5831313792843212E-008  -1.0888776572597125E-002  -1.4735126225561277E-005   8.8521076269334478E-005   5.3720717845812978E-005   3.1213303353082266E-008  -1.1629279542741171E-002  -8.4127541111706593E-005   4.8383339644047184E-004 -0.36262278183260582        1.3865179025927837E-007  -3.1754697141716577E-004   6.4190986140344091        6.1215787889767655E-007  -6.0395640452566184E-006   1.3865179025927837E-007 -0.36651378044285576       -1.6936538333337829E-007  -7.9478109764763582E-007   6.4408521397805636        1.7412962072476808E-004  -1.3151145648892279E-003  -3.1754697141716577E-004  -1.6936538333337829E-007 -0.36209542763382668        1.7786904313056870E-003   9.6729045821227826E-007   6.4161520502086287     
 dijxc
  0.32080360387392531       -2.9673212018730895        24.988079678671753        1.3657494070269582E-007   4.0251478726294275E-005  -1.1541507450155919E-002  -1.1942221536349528E-007   1.1205343527132922E-006  -2.5832803226485004E-008  -1.0888832180055028E-002  -1.6065029539656741E-005   9.9824911221862002E-005   5.3947426282409433E-005   3.1197538764259072E-008  -1.1629325892894705E-002  -8.4206794176551900E-005   4.8446032166600506E-004 -0.36262255610016969        1.3865968970319710E-007  -3.1888695358514021E-004   6.4190975181066516        6.1219497013779236E-007  -6.0399247649289114E-006   1.3865968970319710E-007 -0.36651346097864623       -1.6927004933894743E-007  -7.9482625416019060E-007   6.4408505164187755        1.8326540548390996E-004  -1.3956070266152459E-003  -3.1888695358514021E-004  -1.6927004933894743E-007 -0.36209516851748635        1.7861909746883686E-003   9.6671548184348063E-007   6.4161507644183224     
 dijxc
  0.32080565355370622       -2.9673410440426151        24.988268420733476        1.6226350054475936E-007   4.0094867119353628E-005  -1.1542275664756400E-002  -1.1944694588262443E-007   1.1207745275949716E-006  -2.5831184863948917E-008  -1.0889474365142378E-002  -1.6145328893242297E-005   1.0041764302980404E-004   5.3977801166700800E-005   3.1193597841753644E-008  -1.1630142961021092E-002  -8.4504753542850516E-005   4.8671926043832232E-004 -0.36261764124102075        1.3865164525236836E-007  -3.1906602527978836E-004   6.4190729231667412        6.1232733700780658E-007  -6.0412497044765134E-006   1.3865164525236836E-007 -0.36650926479181145       -1.6924915095423854E-007  -7.9478175196988573E-007   6.4408298001993423        1.8399772498512196E-004  -1.4015192761666507E-003  -3.1906602527978836E-004  -1.6924915095423854E-007 -0.36208996850511238        1.7871818986375998E-003   9.6659605004368155E-007   6.4161245938650850     
 dijxc
  0.32080155851233833       -2.9673013874585017        24.987890984614094        1.1221067734230300E-007   4.0400750365011994E-005  -1.1540750407949586E-002  -1.1939867659579094E-007   1.1203058474689920E-006  -2.5834422074811509E-008  -1.0888205684776164E-002  -1.6111158492998875E-005   1.0012738106952932E-004   5.3969505010324131E-005   3.1194631953940014E-008  -1.1628524876928073E-002  -8.3925767486252469E-005   4.8232742249858864E-004 -0.36262740725476400        1.3866772783728754E-007  -3.1902079814152210E-004   6.4191218002401520        6.1206791076697170E-007  -6.0386544852147316E-006   1.3866772783728754E-007 -0.36651756694828813       -1.6925381494630473E-007  -7.9487063833502123E-007   6.4408707703805046        1.8375879246997190E-004  -1.3994301769879212E-003  -3.1902079814152210E-004  -1.6925381494630473E-007 -0.36210027770617387        1.7869503485606229E-003   9.6662240281649057E-007   6.4161764687150029     
 dijxc
  0.32080360601777302       -2.9673212081196025        24.988079516308886        1.3800322108721128E-007   4.0243389641057592E-005  -1.1541518403553191E-002  -1.1942299704162001E-007   1.1205420588237863E-006  -2.5832869113739698E-008  -1.0888847430127017E-002  -1.6174082808837734E-005   1.0056408457598519E-004   5.3999253798628546E-005   3.1191141211464151E-008  -1.1629341078041144E-002  -8.4224684111742799E-005   4.8459410097100893E-004 -0.36262249410353126        1.3866004248055527E-007  -3.1919683923505401E-004   6.4190972127190227        6.1219838012955378E-007  -6.0399601293898413E-006   1.3866004248055527E-007 -0.36651337374951043       -1.6923557942760428E-007  -7.9482816089272601E-007   6.4408500690585662        1.8438840014022180E-004  -1.4043925649483608E-003  -3.1919683923505401E-004  -1.6923557942760428E-007 -0.36209508270237317        1.7879235929609126E-003   9.6651853407083787E-007   6.4161503245839935     
 dijxc
  0.32080358637564627       -2.9673210910047194        24.988079486896453        1.2844799184814302E-007   4.0308247280487585E-005  -1.1541467202194615E-002  -1.1941513185083976E-007   1.1204682305165021E-006  -2.5831315977882907E-008  -1.0888776143594299E-002  -1.4735194486418961E-005   8.8521601779974337E-005   5.3720732405351848E-005   3.1213302569814727E-008  -1.1629279058295798E-002  -8.4126236291174358E-005   4.8382169359891729E-004 -0.36262278356456334        1.3865180437598921E-007  -3.1754705780263161E-004   6.4190986224146185        6.1215803668508127E-007  -6.0395656633115855E-006   1.3865180437598921E-007 -0.36651378215969094       -1.6936537918802626E-007  -7.9478118531488898E-007   6.4408521479649554        1.7413020023329171E-004  -1.3151193535613202E-003  -3.1754705780263161E-004  -1.6936537918802626E-007 -0.36209542969369268        1.7786909053702027E-003   9.6729043472778581E-007   6.4161520604512399     
 dijxc
  0.32080563373975324       -2.9673409181233348        24.988268199434057        1.5343109737956534E-007   4.0155741799980272E-005  -1.1542229478559797E-002  -1.1943908624584018E-007   1.1207009103131100E-006  -2.5829716201854846E-008  -1.0889410127686301E-002  -1.4742828709516112E-005   8.8579348227683783E-005   5.3724619784778583E-005   3.1212789942663343E-008  -1.1630087706602753E-002  -8.4415563789677715E-005   4.8601573114795047E-004 -0.36261790256172699        1.3864387222798632E-007  -3.1756837858857911E-004   6.4190741941837874        6.1228677472763723E-007  -6.0408539216492966E-006   1.3864387222798632E-007 -0.36650963310370765       -1.6936318870142147E-007  -7.9473735156133896E-007   6.4408316732909565        1.7419856879158951E-004  -1.3156729565296952E-003  -3.1756837858857911E-004  -1.6936318870142147E-007 -0.36209027723006537        1.7787992889010222E-003   9.6727834217483103E-007   6.4161261341956370     
 dijxc
  0.32080153945954881       -2.9673012681915418        24.987890815655192        1.0347684832185624E-007   4.0460663117450031E-005  -1.1540704952965372E-002  -1.1939099424008208E-007   1.1202339196621331E-006  -2.5832946736381827E-008  -1.0888142192592300E-002  -1.4727565132854946E-005   8.8463899520347229E-005   5.3716845016241976E-005   3.1213817472866097E-008  -1.1628470440121018E-002  -8.3837021587938255E-005   4.8162855143549590E-004 -0.36262766435804661        1.3865991374442078E-007  -3.1752573635272216E-004   6.4191230504216330        6.1202819547758335E-007  -6.0382671995785476E-006   1.3865991374442078E-007 -0.36651793095997992       -1.6936758047290093E-007  -7.9482601762155218E-007   6.4408726220697083        1.7406186212421405E-004  -1.3145660296123422E-003  -3.1752573635272216E-004  -1.6936758047290093E-007 -0.36210058193354933        1.7785825138412546E-003   9.6730258967374060E-007   6.4161779864275568     
 dijxc
  0.32080358436677431       -2.9673210700462076        24.988079265157829        1.2863970737281738E-007   4.0306592741833660E-005  -1.1541467624471731E-002  -1.1941491626557546E-007   1.1204662754085607E-006  -2.5831346109102111E-008  -1.0888776568036738E-002  -1.4735127722378836E-005   8.8521090096246505E-005   5.3720717742814727E-005   3.1213305797870842E-008  -1.1629279534530156E-002  -8.4127506976469855E-005   4.8383308125007842E-004 -0.36262278186957742        1.3865197501916280E-007  -3.1754697077520191E-004   6.4190986141852981        6.1215676727110139E-007  -6.0395537452174842E-006   1.3865197501916280E-007 -0.36651378047196720       -1.6936539504565035E-007  -7.9478213932106393E-007   6.4408521398847451        1.7412962888163099E-004  -1.3151146438424414E-003  -3.1754697077520191E-004  -1.6936539504565035E-007 -0.36209542768315128        1.7786904276250364E-003   9.6729052668152713E-007   6.4161520504295968     
 dijxc
  0.32080360797916979       -2.9673212284616417        24.988079729638322        1.3780821765084596E-007   4.0245057776157697E-005  -1.1541518108104491E-002  -1.1942308403036784E-007   1.1205429204252109E-006  -2.5832849953221824E-008  -1.0888847187260436E-002  -1.6172821039506924E-005   1.0055099590431979E-004   5.3999312521908948E-005   3.1190995517189602E-008  -1.1629340913302796E-002  -8.4223365911068613E-005   4.8458236811163547E-004 -0.36262249511394934        1.3865994004270189E-007  -3.1919711821014015E-004   6.4190972175899237        6.1219876592421936E-007  -6.0399641618333886E-006   1.3865994004270189E-007 -0.36651337444644300       -1.6923480082623316E-007  -7.9482758474818537E-007   6.4408500720347748        1.8438443294729916E-004  -1.4043428702910047E-003  -3.1919711821014015E-004  -1.6923480082623316E-007 -0.36209508304811683        1.7879252580077134E-003   9.6651417959880873E-007   6.4161503256240273     
 dijxc
  0.32080565812306094       -2.9673410766116937        24.988268553074427        1.6335257435512461E-007   4.0089966803285557E-005  -1.1542285566729191E-002  -1.1944722999150136E-007   1.1207775061657507E-006  -2.5831301800983182E-008  -1.0889488335331987E-002  -1.6214271302510250E-005   1.0078972517057612E-004   5.4028609169572931E-005   3.1187512935205534E-008  -1.1630156402649368E-002  -8.4520888793868375E-005   4.8683574893336451E-004 -0.36261758408043721        1.3865228754664420E-007  -3.1937093746877082E-004   6.4190726408843055        6.1232837462446430E-007  -6.0412613771760965E-006   1.3865228754664420E-007 -0.36650918368185420       -1.6921686788746754E-007  -7.9478528769720774E-007   6.4408293831312822        1.8489731325898614E-004  -1.4081874439406019E-003  -3.1937093746877082E-004  -1.6921686788746754E-007 -0.36208989099494482        1.7888856625465669E-003   9.6641267725645945E-007   6.4161241971980623     
 dijxc
  0.32080156295605727       -2.9673014191197544        24.987891114312063        1.1334151477431757E-007   4.0395491367372065E-005  -1.1540759915542605E-002  -1.1939883025348624E-007   1.1203075424449745E-006  -2.5834585531697668E-008  -1.0888219155851760E-002  -1.6186241100144966E-005   1.0055947127066053E-004   5.4020427290563257E-005   3.1188911482588482E-008  -1.1628537384877416E-002  -8.3942175167646830E-005   4.8244639804471853E-004 -0.36262735235956284        1.3866862095040639E-007  -3.1932646695454012E-004   6.4191215295395319        6.1206837966594905E-007  -6.0386602607281270E-006   1.3866862095040639E-007 -0.36651748868951267       -1.6922343360816994E-007  -7.9487560411348423E-007   6.4408703682453936        1.8468499248326705E-004  -1.4063819721764387E-003  -3.1932646695454012E-004  -1.6922343360816994E-007 -0.36210020548328264        1.7886581512401604E-003   9.6644958296275082E-007   6.4161761007625735     
 dijxc
  0.32080361087278159       -2.9673212450917172        24.988079720139300        1.3909087033716590E-007   4.0238728511868320E-005  -1.1541527100290758E-002  -1.1942249562443964E-007   1.1205374861562618E-006  -2.5833121857679370E-008  -1.0888859755198037E-002  -1.6218347196404493E-005   1.0071851892124058E-004   5.4049536862120335E-005   3.1186102358461086E-008  -1.1629351540372930E-002  -8.4241220956122548E-005   4.8471298258979451E-004 -0.36262244343322447        1.3866142534300555E-007  -3.1949972626363186E-004   6.4190969627345158        6.1219572776338622E-007  -6.0399346121602952E-006   1.3866142534300555E-007 -0.36651330161536194       -1.6920925789657103E-007  -7.9483589261395909E-007   6.4408496984315269        1.8513422955893379E-004  -1.4096717645287707E-003  -3.1949972626363186E-004  -1.6920925789657103E-007 -0.36209502134070892        1.7896146877289451E-003   9.6636958756069523E-007   6.4161500152054565     
 dijxc
  0.32080358640029266       -2.9673210912859345        24.988079489990582        1.2844246099472900E-007   4.0308296308972958E-005  -1.1541467193069359E-002  -1.1941494741343502E-007   1.1204665841967069E-006  -2.5831348277889398E-008  -1.0888776135962029E-002  -1.4735195981251718E-005   8.8521615600308890E-005   5.3720732303595910E-005   3.1213305016205743E-008  -1.1629279046985429E-002  -8.4126202277560411E-005   4.8382137961781787E-004 -0.36262278360841566        1.3865198906266043E-007  -3.1754705716778033E-004   6.4190986225772404        6.1215692469362899E-007  -6.0395553589735820E-006   1.3865198906266043E-007 -0.36651378219559499       -1.6936539090462724E-007  -7.9478222655038179E-007   6.4408521480802783        1.7413020835677748E-004  -1.3151194322784760E-003  -3.1754705716778033E-004  -1.6936539090462724E-007 -0.36209542974993242        1.7786909017263501E-003   9.6729050323027014E-007   6.4161520606841469     
 dijxc
  0.32080563375244242       -2.9673409183192199        24.988268201695668        1.5342656318833946E-007   4.0155781306187822E-005  -1.1542229475146548E-002  -1.1943890870729721E-007   1.1206993294459568E-006  -2.5829750011512415E-008  -1.0889410125830390E-002  -1.4742829962225789E-005   8.8579359839087896E-005   5.3724619622027795E-005   3.1212792157037357E-008  -1.1630087700939783E-002  -8.4415534508038698E-005   4.8601546509630290E-004 -0.36261790259752469        1.3864406561209677E-007  -3.1756837762309648E-004   6.4190741943344900        6.1228569650414050E-007  -6.0408439552250187E-006   1.3864406561209677E-007 -0.36650963313126989       -1.6936319890261306E-007  -7.9473844178865289E-007   6.4408316733929132        1.7419857552419490E-004  -1.3156730221507010E-003  -3.1756837762309648E-004  -1.6936319890261306E-007 -0.36209027727863219        1.7787992834008121E-003   9.6727840242875224E-007   6.4161261344187057     
 dijxc
  0.32080153947689860       -2.9673012683854316        24.987890818002771        1.0347243618149492E-007   4.0460701525542032E-005  -1.1540704945245575E-002  -1.1939082032651659E-007   1.1202323716699708E-006  -2.5832980325034124E-008  -1.0888142186332050E-002  -1.4727566339132739E-005   8.8463910676323139E-005   5.3716844844212179E-005   3.1213819592787335E-008  -1.1628470430188421E-002  -8.3836993038563355E-005   4.8162829233816502E-004 -0.36262766439411676        1.3866010583503892E-007  -3.1752573533818643E-004   6.4191230506186265        6.1202713814886138E-007  -6.0382574310377443E-006   1.3866010583503892E-007 -0.36651793098830182       -1.6936759015868718E-007  -7.9482710060832556E-007   6.4408726222208692        1.7406186866431844E-004  -1.3145660931274650E-003  -3.1752573533818643E-004  -1.6936759015868718E-007 -0.36210058198218475        1.7785825080648353E-003   9.6730264699447989E-007   6.4161779866957422     
 dijxc
  0.32080358437123357       -2.9673210701641040        24.988079266511821        1.2863627552026744E-007   4.0306621865866842E-005  -1.1541467623634061E-002  -1.1941475238714233E-007   1.1204648208603745E-006  -2.5831380867616622E-008  -1.0888776568569132E-002  -1.4735128665345677E-005   8.8521098809674650E-005   5.3720717506419819E-005   3.1213307534827394E-008  -1.1629279531453478E-002  -8.4127483244351655E-005   4.8383287043621980E-004 -0.36262278189944053        1.3865217389985779E-007  -3.1754696941106665E-004   6.4190986143003590        6.1215576267931161E-007  -6.0395444912562284E-006   1.3865217389985779E-007 -0.36651378049454691       -1.6936540240942612E-007  -7.9478326051256446E-007   6.4408521399569691        1.7412963399173820E-004  -1.3151146935481922E-003  -3.1754696941106665E-004  -1.6936540240942612E-007 -0.36209542772575154        1.7786904198863606E-003   9.6729057113486695E-007   6.4161520506167351     
 dijxc
  0.32080361287095926       -2.9673212658979815        24.988079939234311        1.3887964332951489E-007   4.0240549826783855E-005  -1.1541526769657598E-002  -1.1942257072447183E-007   1.1205382269289348E-006  -2.5833107959215451E-008  -1.0888859465191608E-002  -1.6216284694721142E-005   1.0069825703405547E-004   5.4049532832202321E-005   3.1185973748576868E-008  -1.1629351340909651E-002  -8.4239820500994558E-005   4.8470042369530688E-004 -0.36262244461555898        1.3866135270160420E-007  -3.1949966891527300E-004   6.4190969683411367        6.1219607700264539E-007  -6.0399382113601806E-006   1.3866135270160420E-007 -0.36651330254987291       -1.6920858563551251E-007  -7.9483548566716494E-007   6.4408497025206124        1.8512549399836922E-004  -1.4095776737889903E-003  -3.1949966891527300E-004  -1.6920858563551251E-007 -0.36209502180250458        1.7896144417920952E-003   9.6636585529227601E-007   6.4161500167275349     
 dijxc
  0.32080566346630701       -2.9673411202014162        24.988268849466614        1.6443139453839852E-007   4.0085611583228024E-005  -1.1542293243910762E-002  -1.1944594693802487E-007   1.1207654175969788E-006  -2.5831689671771732E-008  -1.0889499190659797E-002  -1.6233074419343953E-005   1.0071935545353388E-004   5.4078423920253440E-005   3.1183486314451173E-008  -1.1630164154581173E-002  -8.4537784633190595E-005   4.8695661714680656E-004 -0.36261753890300019        1.3865440846327291E-007  -3.1967208405436699E-004   6.4190724179772118        6.1232206209043753E-007  -6.0411989343941791E-006   1.3865440846327291E-007 -0.36650911958014731       -1.6919633335279742E-007  -7.9479720153525082E-007   6.4408290540142321        1.8548499851505664E-004  -1.4120354902512249E-003  -3.1967208405436699E-004  -1.6919633335279742E-007 -0.36208984428234126        1.7905657182652592E-003   9.6629719165768788E-007   6.4161239670901971     
 dijxc
  0.32080156806074528       -2.9673014600897711        24.987891383458333        1.1450513245270598E-007   4.0390354421804145E-005  -1.1540767509559242E-002  -1.1939751408168389E-007   1.1202951378069403E-006  -2.5834981115465520E-008  -1.0888229912534082E-002  -1.6211323290589765E-005   1.0054822017902445E-004   5.4070698633861743E-005   3.1185002565911611E-008  -1.1628544810230131E-002  -8.3959533799153724E-005   4.8257179630683422E-004 -0.36262730775021307        1.3867077830852386E-007  -3.1963016667532437E-004   6.4191213098806053        6.1206187610032641E-007  -6.0385959956902989E-006   1.3867077830852386E-007 -0.36651742523736619       -1.6920344180938704E-007  -7.9488772955629615E-007   6.4408700428484131        1.8530435851771615E-004  -1.4105454251490395E-003  -3.1963016667532437E-004  -1.6920344180938704E-007 -0.36210016089055957        1.7903525801254401E-003   9.6633697972860414E-007   6.4161758824763293     
 dijxc
  0.32080361627395887       -2.9673212899325292        24.988080043051522        1.4038894206106713E-007   4.0232542493918267E-005  -1.1541534143685639E-002  -1.1942048813088715E-007   1.1205184738199127E-006  -2.5833613386136818E-008  -1.0888869592170357E-002  -1.6224861118704181E-005   1.0054481243295350E-004   5.4100316063728013E-005   3.1183013104062950E-008  -1.1629356878553002E-002  -8.4259663389537362E-005   4.8484769034492245E-004 -0.36262240188625000        1.3866409850210444E-007  -3.1980696666503383E-004   6.4190967584976386        6.1218586005515020E-007  -6.0398368231263668E-006   1.3866409850210444E-007 -0.36651324329818330       -1.6919387985277015E-007  -7.9485094252528952E-007   6.4408494002090126        1.8563528619644623E-004  -1.4127784923672389E-003  -3.1980696666503383E-004  -1.6919387985277015E-007 -0.36209498851438954        1.7913280964107030E-003   9.6628362699275021E-007   6.4161498614858381     
 dijxc
  0.32080358640495038       -2.9673210913964554        24.988079491439539        1.2843908081371300E-007   4.0308324948405309E-005  -1.1541467192016999E-002  -1.1941478378210620E-007   1.1204651320027914E-006  -2.5831383047668845E-008  -1.0888776136294478E-002  -1.4735196916403529E-005   8.8521624242352920E-005   5.3720732066752894E-005   3.1213306761704954E-008  -1.1629279043694658E-002  -8.4126178786445501E-005   4.8382117122550822E-004 -0.36262278363498979        1.3865218800383747E-007  -3.1754705579940037E-004   6.4190986227236220        6.1215592134563065E-007  -6.0395461172370767E-006   1.3865218800383747E-007 -0.36651378221478387       -1.6936539831190535E-007  -7.9478334809001286E-007   6.4408521481832341        1.7413021340728619E-004  -1.3151194814684213E-003  -3.1754705579940037E-004  -1.6936539831190535E-007 -0.36209542978924558        1.7786908939639199E-003   9.6729054794105630E-007   6.4161520609026148     
 dijxc
  0.32080563375876670       -2.9673409183909976        24.988268202558267        1.5342429023148892E-007   4.0155799504568097E-005  -1.1542229468956396E-002  -1.1943875905879339E-007   1.1206980063183754E-006  -2.5829785666327267E-008  -1.0889410120870621E-002  -1.4742830584084509E-005   8.8579365571148013E-005   5.3724619312210018E-005   3.1212793402668021E-008  -1.1630087692518686E-002  -8.4415516618027502E-005   4.8601531236361838E-004 -0.36261790263106958        1.3864426970621576E-007  -3.1756837586559446E-004   6.4190741945146028        6.1228476879041955E-007  -6.0408354438293687E-006   1.3864426970621576E-007 -0.36650963315831098       -1.6936320334006118E-007  -7.9473959231471513E-007   6.4408316735351114        1.7419857892749834E-004  -1.3156730552469113E-003  -3.1756837586559446E-004  -1.6936320334006118E-007 -0.36209027732488502        1.7787992734564775E-003   9.6727843059376410E-007   6.4161261346706215     
 dijxc
  0.32080153949210866       -2.9673012685046500        24.987890819004711        1.0347012609356262E-007   4.0460720148802193E-005  -1.1540704932370860E-002  -1.1939067278660547E-007   1.1202310669337875E-006  -2.5833015670895925E-008  -1.0888142174574129E-002  -1.4727566951184594E-005   8.8463916294692949E-005   5.3716844533512695E-005   3.1213820707853311E-008  -1.1628470415111170E-002  -8.3836975105472457E-005   4.8162813872357582E-004 -0.36262766444352518        1.3866030821743524E-007  -3.1752573357499906E-004   6.4191230508061548        6.1202622412475511E-007  -6.0382490442167122E-006   1.3866030821743524E-007 -0.36651793103176089       -1.6936759389874573E-007  -7.9482824142715369E-007   6.4408726223737851        1.7406187205673746E-004  -1.3145661259198599E-003  -3.1752573357499906E-004  -1.6936759389874573E-007 -0.36210058204414580        1.7785824980919398E-003   9.6730267116023882E-007   6.4161779869541835     
 dijxc
  0.32080358438414019       -2.9673210702440196        24.988079267241062        1.2863489683561016E-007   4.0306631807631891E-005  -1.1541467609051566E-002  -1.1941461970120951E-007   1.1204636515600371E-006  -2.5831416653696504E-008  -1.0888776554829949E-002  -1.4735128989932312E-005   8.8521101746662380E-005   5.3720717133136756E-005   3.1213307970125990E-008  -1.1629279514692545E-002  -8.4127470197713965E-005   4.8383276472361734E-004 -0.36262278195418685        1.3865237905456252E-007  -3.1754696731115190E-004   6.4190986145752520        6.1215493246841878E-007  -6.0395369013579996E-006   1.3865237905456252E-007 -0.36651378054479700       -1.6936540222284480E-007  -7.9478441669976166E-007   6.4408521402060579        1.7412963587562483E-004  -1.3151147115247391E-003  -3.1754696731115190E-004  -1.6936540222284480E-007 -0.36209542779293158        1.7786904080294322E-003   9.6729057326552602E-007   6.4161520509617693     
 dijxc
  0.32080361831666099       -2.9673213114197670        24.988080271669059        1.4016231672877364E-007   4.0234514694748811E-005  -1.1541533702098303E-002  -1.1942052832964045E-007   1.1205188669127840E-006  -2.5833614128426948E-008  -1.0888869157620759E-002  -1.6222898978018747E-005   1.0052629605692418E-004   5.4100196070250375E-005   3.1182976912579283E-008  -1.1629356459854800E-002  -8.4258193808659637E-005   4.8483439462478420E-004 -0.36262240368227472        1.3866410673030701E-007  -3.1980630219123889E-004   6.4190967670931700        6.1218607565798952E-007  -6.0398389738564164E-006   1.3866410673030701E-007 -0.36651324503584121       -1.6919371480014644E-007  -7.9485099539275606E-007   6.4408494083681536        1.8562546978702251E-004  -1.4126803777907136E-003  -3.1980630219123889E-004  -1.6919371480014644E-007 -0.36209499012730884        1.7913243547372005E-003   9.6628275300150325E-007   6.4161498691273611     
 dijxc
  0.32080566921225034       -2.9673411693137357        24.988269230624613        1.6593048332308305E-007   4.0077768411562992E-005  -1.1542299677841379E-002  -1.1944318651954728E-007   1.1207391899601568E-006  -2.5832302867881809E-008  -1.0889507981535325E-002  -1.6227812791102166E-005   1.0044816986358148E-004   5.4130142684602806E-005   3.1181427795286626E-008  -1.1630167037756274E-002  -8.4557683193600404E-005   4.8710424179943727E-004 -0.36261750074176524        1.3865773416337297E-007  -3.1998528904909917E-004   6.4190722308530503        6.1230855224354066E-007  -6.0410647708174075E-006   1.3865773416337297E-007 -0.36650906709291442       -1.6918661979460469E-007  -7.9481595927054801E-007   6.4408287867634870        1.8589998941544368E-004  -1.4144144428423872E-003  -3.1998528904909917E-004  -1.6918661979460469E-007 -0.36208982536437817        1.7923116935924918E-003   9.6624360401572384E-007   6.4161238898436732     
 dijxc
  0.32080157348665367       -2.9673015057032934        24.987891722784614        1.1610005203908402E-007   4.0381599611085235E-005  -1.1540774275657834E-002  -1.1939482598454911E-007   1.1202696268813524E-006  -2.5835567035998177E-008  -1.0888239103047405E-002  -1.6210864708429625E-005   1.0032030501980489E-004   5.4123257132956579E-005   3.1182774158294592E-008  -1.1628548226375636E-002  -8.3979908154206787E-005   4.8272428788343429E-004 -0.36262726803286044        1.3867394966477286E-007  -3.1994792900333206E-004   6.4191211152858978        6.1204863070112923E-007  -6.0384647358618539E-006   1.3867394966477286E-007 -0.36651737079630348       -1.6919271433762651E-007  -7.9490561554437870E-007   6.4408697658707590        1.8574744636321784E-004  -1.4131868426284985E-003  -3.1994792900333206E-004  -1.6919271433762651E-007 -0.36210013956490777        1.7921245069798739E-003   9.6627753209462945E-007   6.4161757926078620     
 dijxc
  0.32080362188772005       -2.9673213376246101        24.988080402796456        1.4229284605004862E-007   4.0221070120207417E-005  -1.1541541212366550E-002  -1.1941725116165981E-007   1.1204877491943687E-006  -2.5834255080406647E-008  -1.0888878798657103E-002  -1.6216240217766192E-005   1.0024936912774398E-004   5.4155192446602747E-005   3.1181311221940509E-008  -1.1629359505979313E-002  -8.4281974207108256E-005   4.8501827927655504E-004 -0.36262236081185878        1.3866755852097809E-007  -3.2013806866988887E-004   6.4190965570879230        6.1216982112349872E-007  -6.0396781021639360E-006   1.3866755852097809E-007 -0.36651318906568242       -1.6918598737957309E-007  -7.9487047615887294E-007   6.4408491252616855        1.8601858834444186E-004  -1.4149170480456041E-003  -3.2013806866988887E-004  -1.6918598737957309E-007 -0.36209497247956363        1.7931747667624546E-003   9.6624047858189283E-007   6.4161498017887082     
 dijxc
  0.32080358641517615       -2.9673210914124302        24.988079491624280        1.2843775176111728E-007   4.0308334400285180E-005  -1.1541467179119913E-002  -1.1941465162182665E-007   1.1204639676916292E-006  -2.5831418869799729E-008  -1.0888776124261021E-002  -1.4735197226984568E-005   8.8521627057087883E-005   5.3720731689468556E-005   3.1213307210905690E-008  -1.1629279028618621E-002  -8.4126165987266169E-005   4.8382106803390376E-004 -0.36262278366478701        1.3865239332762690E-007  -3.1754705368224620E-004   6.4190986229142268        6.1215509360718751E-007  -6.0395385525259639E-006   1.3865239332762690E-007 -0.36651378224004044       -1.6936539819104259E-007  -7.9478450527166211E-007   6.4408521483478207        1.7413021522859524E-004  -1.3151194988244169E-003  -3.1754705368224620E-004  -1.6936539819104259E-007 -0.36209542983146953        1.7786908820116305E-003   9.6729055045615102E-007   6.4161520611633138     
 dijxc
  0.32080563376076682       -2.9673409183394459        24.988268202133074        1.5342386330315811E-007   4.0155800643067874E-005  -1.1542229458825576E-002  -1.1943864415709970E-007   1.1206969985210356E-006  -2.5829821593750690E-008  -1.0889410111219022E-002  -1.4742830597862708E-005   8.8579365593421971E-005   5.3724618873376471E-005   3.1212793030448617E-008  -1.1630087680260720E-002  -8.4415508698358824E-005   4.8601525652368274E-004 -0.36261790265719079        1.3864447594916692E-007  -3.1756837341333905E-004   6.4190741947202579        6.1228404029422205E-007  -6.0408288167163021E-006   1.3864447594916692E-007 -0.36650963318184332       -1.6936319853264302E-007  -7.9474075434776316E-007   6.4408316737265574        1.7419857921207707E-004  -1.3156730573783437E-003  -3.1756837341333905E-004  -1.6936319853264302E-007 -0.36209027736317062        1.7787992596351660E-003   9.6727840672861420E-007   6.4161261349447720     
 dijxc
  0.32080153948428763       -2.9673012684448943        24.987890818689973        1.0346954608972727E-007   4.0460722800858610E-005  -1.1540704930431037E-002  -1.1939055825121404E-007   1.1202300609436130E-006  -2.5833051240357451E-008  -1.0888142173032550E-002  -1.4727566990557037E-005   8.8463916559923739E-005   5.3716844104330865E-005   3.1213820195179433E-008  -1.1628470411051230E-002  -8.3836966550677496E-005   4.8162807603929704E-004 -0.36262766446679473        1.3866051254880419E-007  -3.1752573117349646E-004   6.4191230510089126        6.1202550083299157E-007  -6.0382424558045784E-006   1.3866051254880419E-007 -0.36651793105286179       -1.6936758833773639E-007  -7.9482939252503263E-007   6.4408726225646982        1.7406187246242372E-004  -1.3145661292411636E-003  -3.1752573117349646E-004  -1.6936758833773639E-007 -0.36210058207953810        1.7785824845563500E-003   9.6730264297473808E-007   6.4161779872252236     
 dijxc
  0.32080358437796719       -2.9673210701367267        24.988079266286800        1.2863497617941064E-007   4.0306628485341803E-005  -1.1541467602681911E-002  -1.1941452149202627E-007   1.1204627914408596E-006  -2.5831451931055922E-008  -1.0888776548455145E-002  -1.4735128787911407E-005   8.8521099782527606E-005   5.3720716662028130E-005   3.1213306487171285E-008  -1.1629279506239043E-002  -8.4127465433730093E-005   4.8383273797858852E-004 -0.36262278197535858        1.3865258222251300E-007  -3.1754696468278568E-004   6.4190986147691049        6.1215430733773712E-007  -6.0395312250345873E-006   1.3865258222251300E-007 -0.36651378056595196       -1.6936539115735715E-007  -7.9478556066200233E-007   6.4408521404008416        1.7412963496288850E-004  -1.3151147020267488E-003  -3.1754696468278568E-004  -1.6936539115735715E-007 -0.36209542782603177        1.7786903932334416E-003   9.6729051402696502E-007   6.4161520512227295     
 dijxc
  0.32080362397521872       -2.9673213594656671        24.988080636957456        1.4206203098884532E-007   4.0223090193478158E-005  -1.1541540612360450E-002  -1.1941725557793539E-007   1.1204877914994284E-006  -2.5834268305322844E-008  -1.0888878176187007E-002  -1.6214858182325182E-005   1.0023698876477388E-004   5.4154937445209164E-005   3.1181378546150633E-008  -1.1629358769997884E-002  -8.4280496958883861E-005   4.8500483984615934E-004 -0.36262236336332337        1.3866763485601971E-007  -3.2013669809065830E-004   6.4190965695089925        6.1216988288057519E-007  -6.0396786551171795E-006   1.3866763485601971E-007 -0.36651319172956665       -1.6918638236211326E-007  -7.9487091581674819E-007   6.4408491382182138        1.8601036562396984E-004  -1.4148407447091482E-003  -3.2013669809065830E-004  -1.6918638236211326E-007 -0.36209497570779109        1.7931669461450275E-003   9.6624274857269720E-007   6.4161498181664571     
