 dijxc
  0.32080358700842554       -2.9673210969218831        24.988079540010599       -1.2891314293108760E-007  -4.0304048928657931E-005  -1.1541465913363941E-002  -1.1945127407601866E-007   1.1208105468386201E-006   2.5776942547389915E-008  -1.0888777217360687E-002  -1.4734977055934006E-005   8.8519823465615585E-005  -5.3721087839652743E-005   3.1260025768400696E-008  -1.1629280300883137E-002   8.4128924692422749E-005  -4.8384592550231183E-004 -0.36262279117655583       -1.3835417495290065E-007   3.1754914371708910E-004   6.4190986668457448        6.1233708662776323E-007  -6.0413626060288241E-006  -1.3835417495290065E-007 -0.36651377581502098       -1.6962638186127355E-007   7.9308504121764313E-007   6.4408521141323973        1.7412856833899488E-004  -1.3151053302471974E-003   3.1754914371708910E-004  -1.6962638186127355E-007 -0.36209542246486170       -1.7787026027675777E-003   9.6877081288789842E-007   6.4161520216142254     
 dijxc
  0.32080358700842554       -2.9673210969218831        24.988079540010599       -1.2891314293108760E-007  -4.0304048928657931E-005  -1.1541465913363941E-002  -1.1945127407601866E-007   1.1208105468386201E-006   2.5776942547389915E-008  -1.0888777217360687E-002  -1.4734977055934006E-005   8.8519823465615585E-005  -5.3721087839652743E-005   3.1260025768400696E-008  -1.1629280300883137E-002   8.4128924692422749E-005  -4.8384592550231183E-004 -0.36262279117655583       -1.3835417495290065E-007   3.1754914371708910E-004   6.4190986668457448        6.1233708662776323E-007  -6.0413626060288241E-006  -1.3835417495290065E-007 -0.36651377581502098       -1.6962638186127355E-007   7.9308504121764313E-007   6.4408521141323973        1.7412856833899488E-004  -1.3151053302471974E-003   3.1754914371708910E-004  -1.6962638186127355E-007 -0.36209542246486170       -1.7787026027675777E-003   9.6877081288789842E-007   6.4161520216142254     
 dijxc
  0.32080563434677378       -2.9673409238012507        24.988268249964122       -1.5390028990582552E-007  -4.0151506916174824E-005  -1.1542228201928371E-002  -1.1947532980830737E-007   1.1210441438827431E-006   2.5775328765265740E-008  -1.0889411212885391E-002  -1.4742610270180441E-005   8.8577560633780938E-005  -5.3724975262774431E-005   3.1259511548283966E-008  -1.1630088962507383E-002   8.4418275663284439E-005  -4.8604018379635924E-004 -0.36261791013538297       -1.3834616196528681E-007   3.1757046479209347E-004   6.4190742384663650        6.1246641718354410E-007  -6.0426564303527828E-006  -1.3834616196528681E-007 -0.36650962672509085       -1.6962418352313341E-007   7.9304075220399443E-007   6.4408316393363343        1.7419693129110174E-004  -1.3156588794356289E-003   3.1757046479209347E-004  -1.6962418352313341E-007 -0.36209026995660970       -1.7788109878983565E-003   9.6875867209532334E-007   6.4161260951748194     
 dijxc
  0.32080154007551248       -2.9673012739624842        24.987890867130545       -1.0394483466693148E-007  -4.0456439659711517E-005  -1.1540703671870815E-002  -1.1942722541673449E-007   1.1205770193474263E-006   2.5778555564438082E-008  -1.0888143273315484E-002  -1.4727347016805895E-005   8.8462114875558320E-005  -5.3717200498617072E-005   3.1260539911133323E-008  -1.1628471691444472E-002   8.3839727482083913E-005  -4.8165294464859215E-004 -0.36262767194997542       -1.3836218387510183E-007   3.1752782257611737E-004   6.4191230947591347        6.1220779580519232E-007  -6.0400691800748553E-006  -1.3836218387510183E-007 -0.36651792459931931       -1.6962857963496019E-007   7.9312930640743034E-007   6.4408725881672897        1.7406022652804613E-004  -1.3145519703494058E-003   3.1752782257611737E-004  -1.6962857963496019E-007 -0.36210057467892992       -1.7785942130814371E-003   9.6878294983809529E-007   6.4161779474639431     
 dijxc
  0.32080358497258887       -2.9673210757225892        24.988079315409450       -1.2911013891186262E-007  -4.0302347665747003E-005  -1.1541466348350134E-002  -1.1945124562879088E-007   1.1208102625909678E-006   2.5776940128199886E-008  -1.0888777652890806E-002  -1.4734908941426684E-005   8.8519299285551268E-005  -5.3721073300012981E-005   3.1260027061740081E-008  -1.1629280791830232E-002   8.4130228022721306E-005  -4.8385761399566635E-004 -0.36262278944734339       -1.3835415992062800E-007   3.1754905743531869E-004   6.4190986584325502        6.1233694453971025E-007  -6.0413611352094031E-006  -1.3835415992062800E-007 -0.36651377410169855       -1.6962638873633193E-007   7.9308494787055357E-007   6.4408521059191894        1.7412798966669424E-004  -1.3151005494540884E-003   3.1754905743531869E-004  -1.6962638873633193E-007 -0.36209542040874287       -1.7787021292783097E-003   9.6877085200161029E-007   6.4161520113443169     
 dijxc
  0.32080358693764127       -2.9673210964811680        24.988079541965650       -1.2885806463066693E-007  -4.0304588749408586E-005  -1.1541465111659502E-002  -1.1945127037462595E-007   1.1208105086236239E-006   2.5776945826853918E-008  -1.0888776398270336E-002  -1.4734986225393914E-005   8.8519908075595903E-005  -5.3721086769067025E-005   3.1260011975935821E-008  -1.1629279266306275E-002   8.4128709556585612E-005  -4.8384363755431205E-004 -0.36262279604236131       -1.3835419394335323E-007   3.1754913362725838E-004   6.4190986929583094        6.1233707193141369E-007  -6.0413624338603253E-006  -1.3835419394335323E-007 -0.36651378074320168       -1.6962630219842030E-007   7.9308515112098648E-007   6.4408521406096515        1.7412861783326034E-004  -1.3151058082326347E-003   3.1754913362725838E-004  -1.6962630219842030E-007 -0.36209542840664416       -1.7787025537093510E-003   9.6877034588546860E-007   6.4161520531925484     
 dijxc
  0.32080563706736864       -2.9673409439165930        24.988268357342594       -1.5503179804351011E-007  -4.0143363316828904E-005  -1.1542231578151999E-002  -1.1947596716261933E-007   1.1210498031834672E-006   2.5775742648265856E-008  -1.0889416118873681E-002  -1.4969120077969752E-005   9.0562081407698567E-005  -5.3754246761316689E-005   3.1259043308305811E-008  -1.1630091154916429E-002   8.4429014385554015E-005  -4.8612645259759539E-004 -0.36261789114589538       -1.3834838489118473E-007   3.1774303427637850E-004   6.4190741494949259        6.1247027980936532E-007  -6.0426922343984623E-006  -1.3834838489118473E-007 -0.36650959843442910       -1.6961970931894201E-007   7.9305346239155054E-007   6.4408314982210442        1.7563505677100334E-004  -1.3286843126594876E-003   3.1774303427637850E-004  -1.6961970931894201E-007 -0.36209025761229741       -1.7797767437168414E-003   9.6872694501032189E-007   6.4161260435754288     
 dijxc
  0.32080154278148759       -2.9673012939376635        24.987890973179617       -1.0507620540762363E-007  -4.0448299002504942E-005  -1.1540707066913222E-002  -1.1942786244283171E-007   1.1205826769992142E-006   2.5778968765318394E-008  -1.0888148200240637E-002  -1.4953395115876372E-005   9.0442261607384206E-005  -5.3746469439903769E-005   3.1260066910120727E-008  -1.1628473918316777E-002   8.3850468572840541E-005  -4.8173922587976294E-004 -0.36262765285051141       -1.3836440304174429E-007   3.1770038535133989E-004   6.4191230051735086        6.1221165354844596E-007  -6.0401049470447100E-006  -1.3836440304174429E-007 -0.36651789618717145       -1.6962408493503570E-007   7.9314199486555242E-007   6.4408724463725022        1.7549600276109439E-004  -1.3275541395579352E-003   3.1770038535133989E-004  -1.6962408493503570E-007 -0.36210056214598835       -1.7795599423024214E-003   9.6875112132523416E-007   6.4161778948252648     
 dijxc
  0.32080359024730426       -2.9673211135846733        24.988079493748259       -1.3140365922398088E-007  -4.0285735112428108E-005  -1.1541474252443798E-002  -1.1945263062574822E-007   1.1208227117386572E-006   2.5777693526469532E-008  -1.0888788781913274E-002  -1.5174275438206332E-005   9.2357554799196137E-005  -5.3779465373209723E-005   3.1258634634371943E-008  -1.1629287139451543E-002   8.4151769775258944E-005  -4.8403104500623182E-004 -0.36262274468624500       -1.3835819997219790E-007   3.1789333501966389E-004   6.4190984448939066        6.1234505006806883E-007  -6.0414370742784323E-006  -1.3835819997219790E-007 -0.36651370985928677       -1.6961512623510435E-007   7.9310804833498295E-007   6.4408517830739660        1.7693970116688460E-004  -1.3404942241977595E-003   3.1789333501966389E-004  -1.6961512623510435E-007 -0.36209538475134984       -1.7806289663347063E-003   9.6869477242905038E-007   6.4161518493059777     
 dijxc
  0.32080358699879141       -2.9673210968934400        24.988079539909847       -1.2891302926019104E-007  -4.0304049955078932E-005  -1.1541465922511630E-002  -1.1945127812222837E-007   1.1208105836805527E-006   2.5776942261993337E-008  -1.0888777226396459E-002  -1.4734977168951191E-005   8.8519824506957050E-005  -5.3721087856084518E-005   3.1260026235909825E-008  -1.1629280309859352E-002   8.4128924039182835E-005  -4.8384591936418667E-004 -0.36262279115900770       -1.3835417373231161E-007   3.1754914380452350E-004   6.4190986667776126        6.1233710949734904E-007  -6.0413628209447658E-006  -1.3835417373231161E-007 -0.36651377579809391       -1.6962638435168170E-007   7.9308503382883518E-007   6.4408521140675994        1.7412856896233982E-004  -1.3151053362132018E-003   3.1754914380452350E-004  -1.6962638435168170E-007 -0.36209542244829090       -1.7787026032530873E-003   9.6877082716471243E-007   6.4161520215516372     
 dijxc
  0.32080563435996368       -2.9673409239280524        24.988268251254688       -1.5389833641422560E-007  -4.0151524905251198E-005  -1.1542228199712894E-002  -1.1947533810069010E-007   1.1210442200167681E-006   2.5775328283909677E-008  -1.0889411210522594E-002  -1.4742610742783843E-005   8.8577564920786015E-005  -5.3724975265254354E-005   3.1259512515928741E-008  -1.1630088959852680E-002   8.4418264982413497E-005  -4.8604008155468876E-004 -0.36261791013350680       -1.3834615999668544E-007   3.1757046477164281E-004   6.4190742384027262        6.1246646306325204E-007  -6.0426568653286677E-006  -1.3834615999668544E-007 -0.36650962672374099       -1.6962418867211959E-007   7.9304074021035475E-007   6.4408316392752765        1.7419693402451680E-004  -1.3156589051317585E-003   3.1757046477164281E-004  -1.6962418867211959E-007 -0.36209026995725307       -1.7788109877571756E-003   9.6875870158537933E-007   6.4161260951255121     
 dijxc
  0.32080154008497486       -2.9673012740632645        24.987890868379992       -1.0394289350365387E-007  -4.0456457539724173E-005  -1.1540703671927360E-002  -1.1942723367548363E-007   1.1205770952173242E-006   2.5778555170420050E-008  -1.0888143273228693E-002  -1.4727347485019305E-005   8.8462119120441275E-005  -5.3717200500028480E-005   3.1260540820820921E-008  -1.1628471691063312E-002   8.3839716861300607E-005  -4.8165284300394427E-004 -0.36262767194162104       -1.3836218235126735E-007   3.1752782254900207E-004   6.4191230947174596        6.1220784146005430E-007  -6.0400696131949622E-006  -1.3836218235126735E-007 -0.36651792459145216       -1.6962858447528005E-007   7.9312929699442689E-007   6.4408725881280411        1.7406022923085568E-004  -1.3145519957769186E-003   3.1752782254900207E-004  -1.6962858447528005E-007 -0.36210057467308976       -1.7785942129068565E-003   9.6878297755777916E-007   6.4161779474365570     
 dijxc
  0.32080358499452549       -2.9673210759361131        24.988079317828753       -1.2910656684419418E-007  -4.0302380533594118E-005  -1.1541466344259808E-002  -1.1945125798771960E-007   1.1208103762567974E-006   2.5776939756924358E-008  -1.0888777648693074E-002  -1.4734909731966152E-005   8.8519306473719298E-005  -5.3721073285365856E-005   3.1260028285554115E-008  -1.1629280787028996E-002   8.4130208433216863E-005  -4.8385742660332924E-004 -0.36262278944605653       -1.3835415875442645E-007   3.1754905729357774E-004   6.4190986583890055        6.1233701265442385E-007  -6.0413617825540645E-006  -1.3835415875442645E-007 -0.36651377410053004       -1.6962639523457444E-007   7.9308494027014155E-007   6.4408521058757167        1.7412799420501334E-004  -1.3151005922722959E-003   3.1754905729357774E-004  -1.6962639523457444E-007 -0.36209542041153142       -1.7787021284423530E-003   9.6877088921203575E-007   6.4161520113239536     
 dijxc
  0.32080359235496486       -2.9673211356625147        24.988079729059660       -1.3121409784064156E-007  -4.0287373341485510E-005  -1.1541473712944221E-002  -1.1945262682799691E-007   1.1208226634264611E-006   2.5777718532842742E-008  -1.0888788194709287E-002  -1.5178298828294513E-005   9.2396092101454624E-005  -5.3779522876443099E-005   3.1258785242270636E-008  -1.1629286365070601E-002   8.4150515503498381E-005  -4.8401979965309908E-004 -0.36262274699319674       -1.3835833824169088E-007   3.1789367522361788E-004   6.4190984560981246        6.1234508553082921E-007  -6.0414373123063474E-006  -1.3835833824169088E-007 -0.36651371241063707       -1.6961589879752395E-007   7.9310884519315324E-007   6.4408517955615254        1.7695870993763809E-004  -1.3406878796317402E-003   3.1789367522361788E-004  -1.6961589879752395E-007 -0.36209538834880117       -1.7806308122878842E-003   9.6869901192746640E-007   6.4161518678854179     
 dijxc
  0.32080564238105114       -2.9673409816415193        24.988268522922542       -1.5735766633337431E-007  -4.0126419996187488E-005  -1.1542240577045330E-002  -1.1947742581535342E-007   1.1210630100181397E-006   2.5776445221614535E-008  -1.0889428450718212E-002  -1.5397328674019314E-005   9.4294191861785738E-005  -5.3812487348988739E-005   3.1257355982235583E-008  -1.1630099223511700E-002   8.4450651377096175E-005  -4.8630099866262086E-004 -0.36261783989358959       -1.3835214824240656E-007   3.1808647488244096E-004   6.4190739016629808        6.1247863787412929E-007  -6.0427710695280030E-006  -1.3835214824240656E-007 -0.36650952714023388       -1.6960698023437881E-007   7.9307497943340183E-007   6.4408311378653540        1.7839269763675927E-004  -1.3535337759440144E-003   3.1808647488244096E-004  -1.6960698023437881E-007 -0.36209021225692256       -1.7816989521935364E-003   9.6864295021933122E-007   6.4161258296101495     
 dijxc
  0.32080154770295649       -2.9673013275852083        24.987891094316403       -1.0737403858449432E-007  -4.0431598668628593E-005  -1.1540716214546068E-002  -1.1942940992492232E-007   1.1205967939731553E-006   2.5779610413636739E-008  -1.0888160818898533E-002  -1.5369702820213199E-005   9.4060425519848284E-005  -5.3804580256555982E-005   3.1257969987779721E-008  -1.1628482608347014E-002   8.3871927286900488E-005  -4.8191214243704299E-004 -0.36262760090420687       -1.3836783511989277E-007   3.1804308821802848E-004   6.4191227539398596        6.1222031601604179E-007  -6.0401872403718751E-006  -1.3836783511989277E-007 -0.36651782343341188       -1.6960926864150274E-007   7.9316161912287789E-007   6.4408720782753193        1.7819720056570315E-004  -1.3518294794598758E-003   3.1804308821802848E-004  -1.6960926864150274E-007 -0.36210051354015904       -1.7814781642166010E-003   9.6865570788442785E-007   6.4161776628179528     
 dijxc
  0.32080359495389893       -2.9673211447798757        24.988079581097384       -1.3363662001341292E-007  -4.0269629018793897E-005  -1.1541483980771330E-002  -1.1945431924284088E-007   1.1208382969058278E-006   2.5778225094856083E-008  -1.0888802195115004E-002  -1.5564117815077940E-005   9.5724008184073313E-005  -5.3837200533834905E-005   3.1255797580813090E-008  -1.1629297302413286E-002   8.4172877574059991E-005  -4.8420055340186172E-004 -0.36262268963722066       -1.3836103489976260E-007   3.1823395781418643E-004   6.4190981780680669        6.1235416346018761E-007  -6.0415246733395447E-006  -1.3836103489976260E-007 -0.36651363282518035       -1.6959660080962666E-007   7.9312425909904175E-007   6.4408513926603321        1.7951242967770471E-004  -1.3634771039507847E-003   3.1823395781418643E-004  -1.6959660080962666E-007 -0.36209532817378043       -1.7825356933186892E-003   9.6857923673115459E-007   6.4161515739010113     
 dijxc
  0.32080358702859213       -2.9673210971563480        24.988079542616390       -1.2890939487591225E-007  -4.0304083408958735E-005  -1.1541465912104240E-002  -1.1945129050031628E-007   1.1208106975668936E-006   2.5776941837128691E-008  -1.0888777215861747E-002  -1.4734977969177461E-005   8.8519831774018921E-005  -5.3721087841591873E-005   3.1260027507987399E-008  -1.1629280298742974E-002   8.4128904136790696E-005  -4.8384572890952703E-004 -0.36262279117766566       -1.3835417229460125E-007   3.1754914366313079E-004   6.4190986667956018        6.1233717762364296E-007  -6.0413634686448186E-006  -1.3835417229460125E-007 -0.36651377581695749       -1.6962639110864643E-007   7.9308502465287644E-007   6.4408521140861756        1.7412857357695439E-004  -1.3151053796722158E-003   3.1754914366313079E-004  -1.6962639110864643E-007 -0.36209542247101451       -1.7787026024184544E-003   9.6877086585547069E-007   6.4161520215927510     
 dijxc
  0.32080563439035586       -2.9673409242557289        24.988268254995099       -1.5389310526071102E-007  -4.0151573039468242E-005  -1.1542228193186385E-002  -1.1947535447213634E-007   1.1210443707563449E-006   2.5775327950284231E-008  -1.0889411203885924E-002  -1.4742611857791716E-005   8.8577575055954789E-005  -5.3724975234355439E-005   3.1259514058945751E-008  -1.1630088952349647E-002   8.4418236280931904E-005  -4.8603980699815169E-004 -0.36261791015085026       -1.3834615927230710E-007   3.1757046451087354E-004   6.4190742384506807        6.1246655305607673E-007  -6.0426577217968073E-006  -1.3834615927230710E-007 -0.36650962674097315       -1.6962419685948532E-007   7.9304073490558286E-007   6.4408316393217326        1.7419694042319645E-004  -1.3156589654966669E-003   3.1757046451087354E-004  -1.6962419685948532E-007 -0.36209026998020061       -1.7788109862320318E-003   9.6875874846757977E-007   6.4161260952053594     
 dijxc
  0.32080154011382322       -2.9673012744057008        24.987890872093253       -1.0393785875297150E-007  -4.0456503814542433E-005  -1.1540703666400469E-002  -1.1942724988031867E-007   1.1205772442533016E-006   2.5778555005183000E-008  -1.0888143267645430E-002  -1.4727348564944462E-005   8.8462128970199057E-005  -5.3717200467551719E-005   3.1260542217139560E-008  -1.1628471684558273E-002   8.3839689161789737E-005  -4.8165257824217946E-004 -0.36262767196861084       -1.3836218248181789E-007   3.1752782228436003E-004   6.4191230947630373        6.1220793078739760E-007  -6.0400704626058401E-006  -1.3836218248181789E-007 -0.36651792461814775       -1.6962859187167500E-007   7.9312929664303824E-007   6.4408725881709898        1.7406023537782020E-004  -1.3145520539751161E-003   3.1752782228436003E-004  -1.6962859187167500E-007 -0.36210057470568030       -1.7785942113584352E-003   9.6878301991620257E-007   6.4161779475140168     
 dijxc
  0.32080358503074696       -2.9673210763305820        24.988079322183360       -1.2910032064951805E-007  -4.0302437862449160E-005  -1.1541466337371721E-002  -1.1945127778232908E-007   1.1208105581262582E-006   2.5776939884674867E-008  -1.0888777641858471E-002  -1.4734911057562640E-005   8.8519318609571788E-005  -5.3721073232785710E-005   3.1260029754805316E-008  -1.1629280778895579E-002   8.4130173890527760E-005  -4.8385709687367388E-004 -0.36262278946399162       -1.3835416063638204E-007   3.1754905689439564E-004   6.4190986583932332        6.1233712220107824E-007  -6.0413628232861148E-006  -1.3835416063638204E-007 -0.36651377411748198       -1.6962640299897363E-007   7.9308494978150988E-007   6.4408521058730415        1.7412800164861943E-004  -1.3151006631309859E-003   3.1754905689439564E-004  -1.6962640299897363E-007 -0.36209542043659237       -1.7787021261214731E-003   9.6877093368988574E-007   6.4161520113687462     
 dijxc
  0.32080359706644673       -2.9673211668051183        24.988079815676954       -1.3344719912793847E-007  -4.0271265325687075E-005  -1.1541483438624343E-002  -1.1945431812574137E-007   1.1208382754274445E-006   2.5778249033818926E-008  -1.0888801607439179E-002  -1.5567998715113443E-005   9.5761150659135267E-005  -5.3837255748731186E-005   3.1255942315786681E-008  -1.1629296533095641E-002   8.4171623011978261E-005  -4.8418930946694317E-004 -0.36262269191368146       -1.3836116733552254E-007   3.1823428480704972E-004   6.4190981891229111        6.1235420906098878E-007  -6.0415250226487324E-006  -1.3836116733552254E-007 -0.36651363533422665       -1.6959734320628030E-007   7.9312502264274914E-007   6.4408514049311361        1.7953082587730408E-004  -1.3636642617275336E-003   3.1823428480704972E-004  -1.6959734320628030E-007 -0.36209533170106190       -1.7825374672754972E-003   9.6858331058378246E-007   6.4161515921034518     
 dijxc
  0.32080564676296958       -2.9673410089438397        24.988268557867137       -1.5949480761909069E-007  -4.0111189701467299E-005  -1.1542251087269063E-002  -1.1947931720684700E-007   1.1210807081641565E-006   2.5776815592471671E-008  -1.0889442960553296E-002  -1.5748384057212345E-005   9.7291748918979323E-005  -5.3869672985149252E-005   3.1253434175974292E-008  -1.1630111456436956E-002   8.4471236528138843E-005  -4.8646544630417325E-004 -0.36261778057310762       -1.3835410867156244E-007   3.1842405744120250E-004   6.4190736132871002        6.1248839205614292E-007  -6.0428662440757766E-006  -1.3835410867156244E-007 -0.36650944410085023       -1.6958301847844278E-007   7.9308619129897115E-007   6.4408307160074942        1.8077708939123573E-004  -1.3746220542851591E-003   3.1842405744120250E-004  -1.6958301847844278E-007 -0.36209014437749126       -1.7835888806903757E-003   9.6849792104708540E-007   6.4161254924975228     
 dijxc
  0.32080155183418263       -2.9673013524990219        24.987891106739582       -1.0947717855497554E-007  -4.0416685166333813E-005  -1.1540726665654463E-002  -1.1943130606528695E-007   1.1206145581206996E-006   2.5779960120114629E-008  -1.0888175316810404E-002  -1.5712854965097225E-005   9.6983466982997142E-005  -5.3861618330757051E-005   3.1253889825139731E-008  -1.1628494964257260E-002   8.3892333696337058E-005  -4.8207483137668481E-004 -0.36262754197585689       -1.3836968442394098E-007   3.1837989350609743E-004   6.4191224675238354        6.1223005715952067E-007  -6.0402824050283443E-006  -1.3836968442394098E-007 -0.36651774052390662       -1.6958454241686327E-007   7.9317219374111562E-007   6.4408716569081896        1.8054179628037789E-004  -1.3725233828892872E-003   3.1837989350609743E-004  -1.6958454241686327E-007 -0.36210044500968452       -1.7833637462917251E-003   9.6850660175308094E-007   6.4161773217501521     
 dijxc
  0.32080359893830468       -2.9673211678344775        24.988079567138357       -1.3560437633459052E-007  -4.0255990783687380E-005  -1.1541494986451240E-002  -1.1945630449283953E-007   1.1208570600653984E-006   2.5778445297868904E-008  -1.0888817477216407E-002  -1.5864834727211759E-005   9.8246307980398096E-005  -5.3893494879044923E-005   3.1250808908962700E-008  -1.1629311286318937E-002   8.4192607944090966E-005  -4.8435645275066478E-004 -0.36262262753748742       -1.3836218493887362E-007   3.1856676784920842E-004   6.4190978752939838        6.1236406970023563E-007  -6.0416224250081622E-006  -1.3836218493887362E-007 -0.36651354548432635       -1.6956744733251751E-007   7.9313083060236992E-007   6.4408509477449769        1.8164530468950157E-004  -1.3820662318046858E-003   3.1856676784920842E-004  -1.6956744733251751E-007 -0.36209525047361568       -1.7843989209789376E-003   9.6840644070167064E-007   6.4161511823565949     
 dijxc
  0.32080358706794115       -2.9673210975698758        24.988079547057442       -1.2890309079117254E-007  -4.0304141291786931E-005  -1.1541465902660017E-002  -1.1945131033469873E-007   1.1208108798863208E-006   2.5776941938056131E-008  -1.0888777206444662E-002  -1.4734979305313827E-005   8.8519843992426522E-005  -5.3721087789651053E-005   3.1260029007096101E-008  -1.1629280288057570E-002   8.4128869300215529E-005  -4.8384539630114484E-004 -0.36262279120354218       -1.3835417404172237E-007   3.1754914326478651E-004   6.4190986668190764        6.1233728727584125E-007  -6.0413645107682823E-006  -1.3835417404172237E-007 -0.36651377584193812       -1.6962639903520447E-007   7.9308503338208375E-007   6.4408521141032686        1.7412858109572754E-004  -1.3151054511729258E-003   3.1754914326478651E-004  -1.6962639903520447E-007 -0.36209542250400056       -1.7787026001016846E-003   9.6877091125816313E-007   6.4161520216566998     
 dijxc
  0.32080563443454091       -2.9673409247309714        24.988268260188814       -1.5388580887550649E-007  -4.0151639902653315E-005  -1.1542228183410205E-002  -1.1947537762998043E-007   1.1210445832916726E-006   2.5775328488619283E-008  -1.0889411194289662E-002  -1.4742613396918793E-005   8.8577589204407516E-005  -5.3724975158960393E-005   3.1259515513226942E-008  -1.1630088941070454E-002   8.4418195733393825E-005  -4.8603942048443862E-004 -0.36261791017943745       -1.3834616351013049E-007   3.1757046396643269E-004   6.4190742384892463        6.1246668167089161E-007  -6.0426589425978360E-006  -1.3834616351013049E-007 -0.36650962676786752       -1.6962420451700486E-007   7.9304075776153091E-007   6.4408316393490086        1.7419694895965657E-004  -1.3156590471905987E-003   3.1757046396643269E-004  -1.6962420451700486E-007 -0.36209027001737626       -1.7788109830794703E-003   9.6875879234593626E-007   6.4161260952928156     
 dijxc
  0.32080154015439299       -2.9673012748087482        24.987890876631948       -1.0393088421013594E-007  -4.0456567659524008E-005  -1.1540703658433710E-002  -1.1942727265004141E-007   1.1205774529939303E-006   2.5778555687253518E-008  -1.0888143259927666E-002  -1.4727350043474763E-005   8.8462142593493309E-005  -5.3717200387610599E-005   3.1260543532777584E-008  -1.1628471675092636E-002   8.3839650247472588E-005  -4.8165220773123971E-004 -0.36262767197357354       -1.3836218747647289E-007   3.1752782171725735E-004   6.4191230947243323        6.1220805773889738E-007  -6.0400716660895639E-006  -1.3836218747647289E-007 -0.36651792462110844       -1.6962859878848612E-007   7.9312932384289057E-007   6.4408725881192437        1.7406024350145367E-004  -1.3145521320202572E-003   3.1752782171725735E-004  -1.6962859878848612E-007 -0.36210057471920615       -1.7785942080839538E-003   9.6878305955966262E-007   6.4161779475240426     
 dijxc
  0.32080358507608631       -2.9673210767751139        24.988079327148707       -1.2909279598677769E-007  -4.0302506532948054E-005  -1.1541466327185626E-002  -1.1945130319183371E-007   1.1208107904780335E-006   2.5776941094949162E-008  -1.0888777632117971E-002  -1.4734912650093594E-005   8.8519333378341247E-005  -5.3721073121342873E-005   3.1260030940319061E-008  -1.1629280766965636E-002   8.4130131530903122E-005  -4.8385669464834542E-004 -0.36262278947629484       -1.3835416863781424E-007   3.1754905614207702E-004   6.4190986583914462        6.1233726490076175E-007  -6.0413641729057318E-006  -1.3835416863781424E-007 -0.36651377412684333       -1.6962640918846514E-007   7.9308499400353220E-007   6.4408521058523949        1.7412801023539533E-004  -1.3151007462996343E-003   3.1754905614207702E-004  -1.6962640918846514E-007 -0.36209542045883597       -1.7787021217874736E-003   9.6877096920096744E-007   6.4161520114235353     
 dijxc
  0.32080360098277005       -2.9673211891279361        24.988079792777771       -1.3541803712700381E-007  -4.0257591487671211E-005  -1.1541494530775374E-002  -1.1945633464961355E-007   1.1208573528871694E-006   2.5778454053069251E-008  -1.0888817010344422E-002  -1.5867284280134625E-005   9.8269297524217859E-005  -5.3893559120894041E-005   3.1250859946425657E-008  -1.1629310710224709E-002   8.4191357873898695E-005  -4.8434530022447534E-004 -0.36262262938857959       -1.3836223431609664E-007   3.1856712224042499E-004   6.4190978843076625        6.1236423250095944E-007  -6.0416240579994364E-006  -1.3836223431609664E-007 -0.36651354737792652       -1.6956769555909212E-007   7.9313112044924859E-007   6.4408509568906460        1.8165781907353014E-004  -1.3821895140768102E-003   3.1856712224042499E-004  -1.6956769555909212E-007 -0.36209525302242873       -1.7844009003132764E-003   9.6840776996523939E-007   6.4161511953252779     
 dijxc
  0.32080565048725213       -2.9673410290509512        24.988268505325568       -1.6130213371128623E-007  -4.0099060705688804E-005  -1.1542262792043775E-002  -1.1948141139544365E-007   1.1211006980280962E-006   2.5776872577221791E-008  -1.0889459234553124E-002  -1.5997061614082027E-005   9.9322478235000614E-005  -5.3925080149111180E-005   3.1247309099266039E-008  -1.1630127459932769E-002   8.4490162319587051E-005  -4.8661327937466034E-004 -0.36261771457802994       -1.3835437684070427E-007   3.1875209725011085E-004   6.4190732906005152        6.1249848731995894E-007  -6.0429670670843997E-006  -1.3835437684070427E-007 -0.36650935125710260       -1.6954831216258257E-007   7.9308771461211512E-007   6.4408302420093424        1.8265055170636803E-004  -1.3906313148071997E-003   3.1875209725011085E-004  -1.6954831216258257E-007 -0.36209005542450046       -1.7854254353475312E-003   9.6829537538186147E-007   6.4161250391590023     
 dijxc
  0.32080155547385769       -2.9673013722324155        24.987891057358478       -1.1125371315185799E-007  -4.0404866556595647E-005  -1.1540738031604825E-002  -1.1943329635524741E-007   1.1206335262513924E-006   2.5780047815291488E-008  -1.0888191182822332E-002  -1.5959570373220264E-005   9.8997830423024888E-005  -5.3916871437577681E-005   3.1247945830650895E-008  -1.1628510400181223E-002   8.3911137457877522E-005  -4.8222130391321823E-004 -0.36262747786735355       -1.3837012177948541E-007   3.1870719733501334E-004   6.4191221540780106        6.1223971904520649E-007  -6.0403786687016820E-006  -1.3837012177948541E-007 -0.36651764995106823       -1.6955085057301640E-007   7.9317467842372053E-007   6.4408711943667667        1.8240109264708597E-004  -1.3884107015141212E-003   3.1870719733501334E-004  -1.6955085057301640E-007 -0.36210035908438404       -1.7851959996089280E-003   9.6830983807272076E-007   6.4161768842761671     
 dijxc
  0.32080360266725838       -2.9673211886794366        24.988079531518142       -1.3720179816206207E-007  -4.0245913130581976E-005  -1.1541506482026689E-002  -1.1945815998629965E-007   1.1208748423418720E-006   2.5778461680938474E-008  -1.0888833544665043E-002  -1.6064382841115825E-005   9.9819962305500219E-005  -5.3947708543261739E-005   3.1244325957580646E-008  -1.1629327423801850E-002   8.4210608538469922E-005  -4.8449447404514171E-004 -0.36262256245503610       -1.3836224323205665E-007   3.1888866457571903E-004   6.4190975561195742        6.1237292829017560E-007  -6.0417112313677147E-006  -1.3836224323205665E-007 -0.36651345356082404       -1.6953140200700106E-007   7.9313113110773543E-007   6.4408504773203843        1.8325987474017926E-004  -1.3955617709843484E-003   3.1888866457571903E-004  -1.6953140200700106E-007 -0.36209516014583487       -1.7862005083715427E-003   9.6819783454203171E-007   6.4161507198709309     
 dijxc
  0.32080358710982643       -2.9673210979879450        24.988079551849168       -1.2889552721765626E-007  -4.0304210330009091E-005  -1.1541465895409359E-002  -1.1945133581272099E-007   1.1208111129171679E-006   2.5776943161023741E-008  -1.0888777199637420E-002  -1.4734980905578390E-005   8.8519858829713466E-005  -5.3721087678879249E-005   3.1260030186599843E-008  -1.1629280279060697E-002   8.4128826740524190E-005  -4.8384499212143761E-004 -0.36262279120364738       -1.3835418210136819E-007   3.1754914251578642E-004   6.4190986667706662        6.1233743028245170E-007  -6.0413658635834903E-006  -1.3835418210136819E-007 -0.36651377583910461       -1.6962640519344742E-007   7.9308507795143002E-007   6.4408521140360850        1.7412858972836793E-004  -1.3151055347761121E-003   3.1754914251578642E-004  -1.6962640519344742E-007 -0.36209542251406046       -1.7787025957908065E-003   9.6877094658588994E-007   6.4161520216649350     
 dijxc
  0.32080563446270893       -2.9673409251565883        24.988268265044290       -1.5387803838017430E-007  -4.0151710566089409E-005  -1.1542228187194886E-002  -1.1947540526829400E-007   1.1210448353739537E-006   2.5775330380402321E-008  -1.0889411198747340E-002  -1.4742615044883437E-005   8.8577604595718815E-005  -5.3724975011891519E-005   3.1259516439727805E-008  -1.1630088942876302E-002   8.4418151473144321E-005  -4.8603900168153172E-004 -0.36261791018926787       -1.3834617532767820E-007   3.1757046300550095E-004   6.4190742384453561        6.1246683820394674E-007  -6.0426604191403147E-006  -1.3834617532767820E-007 -0.36650962677364485       -1.6962420929616690E-007   7.9304082364753766E-007   6.4408316392796232        1.7419695762017857E-004  -1.3156591320052596E-003   3.1757046300550095E-004  -1.6962420929616690E-007 -0.36209027003847655       -1.7788109775681148E-003   9.6875881981310288E-007   6.4161260953130377     
 dijxc
  0.32080154018981144       -2.9673012752367613        24.987890881475916       -1.0392346260117799E-007  -4.0456635050435571E-005  -1.1540703655553236E-002  -1.1942729971420172E-007   1.1205776995763488E-006   2.5778557648753830E-008  -1.0888143257744148E-002  -1.4727351618094328E-005   8.8462157328800034E-005  -5.3717200232666426E-005   3.1260544409329735E-008  -1.1628471670253507E-002   8.3839607787312336E-005  -4.8165180654878884E-004 -0.36262767198788914       -1.3836219970733182E-007   3.1752782071674658E-004   6.4191230947299109        6.1220821147907619E-007  -6.0400731147122976E-006  -1.3836219970733182E-007 -0.36651792463129845       -1.6962860329879427E-007   7.9312939202894457E-007   6.4408725880988449        1.7406025172205295E-004  -1.3145522127495583E-003   3.1752782071674658E-004  -1.6962860329879427E-007 -0.36210057474467450       -1.7785942023458158E-003   9.6878308550193255E-007   6.4161779475930691     
 dijxc
  0.32080358512253565       -2.9673210772148373        24.988079331843192       -1.2908554045694698E-007  -4.0302572088897639E-005  -1.1541466315854884E-002  -1.1945133161601237E-007   1.1208110486727436E-006   2.5776943733466225E-008  -1.0888777621675401E-002  -1.4734914183554762E-005   8.8519347832138483E-005  -5.3721072917809096E-005   3.1260031610922847E-008  -1.1629280753489860E-002   8.4130089326730985E-005  -4.8385629798589948E-004 -0.36262278949147625       -1.3835418477365512E-007   3.1754905486309213E-004   6.4190986583776102        6.1233742798147928E-007  -6.0413657044104649E-006  -1.3835418477365512E-007 -0.36651377413694630       -1.6962641257745301E-007   7.9308508418182491E-007   6.4408521058070125        1.7412801801113863E-004  -1.3151008236387044E-003   3.1754905486309213E-004  -1.6962641257745301E-007 -0.36209542048623516       -1.7787021144836099E-003   9.6877098876121003E-007   6.4161520114791522     
 dijxc
  0.32080360463600638       -2.9673212092403780        24.988079747915720       -1.3701543544784062E-007  -4.0247505458016597E-005  -1.1541506138192104E-002  -1.1945822862146865E-007   1.1208755206675118E-006   2.5778451849260974E-008  -1.0888833231955400E-002  -1.6064817833054561E-005   9.9823185514346719E-005  -5.3947781716766124E-005   3.1244254819034717E-008  -1.1629327106338121E-002   8.4209343818937913E-005  -4.8448323601582740E-004 -0.36262256378329716       -1.3836219114000976E-007   3.1888903911417212E-004   6.4190975625814666        6.1237323903351653E-007  -6.0417144682558443E-006  -1.3836219114000976E-007 -0.36651345469631952       -1.6953100808795414E-007   7.9313084229858202E-007   6.4408504825735946        1.8326380536155240E-004  -1.3955933075611301E-003   3.1888903911417212E-004  -1.6953100808795414E-007 -0.36209516139408093       -1.7862026696803836E-003   9.6819560107924176E-007   6.4161507258200867     
 dijxc
  0.32080565430787278       -2.9673410514054441        24.988268490004021       -1.6270392533691232E-007  -4.0090894376714864E-005  -1.1542274363669482E-002  -1.1948306953684217E-007   1.1211166969865435E-006   2.5776822236353290E-008  -1.0889475427741345E-002  -1.6145117032121762E-005   1.0041591608270554E-004  -5.3978156528512371E-005   3.1240311649193702E-008  -1.1630144185257305E-002   8.4507302570623649E-005  -4.8674216971067354E-004 -0.36261764890059023       -1.3835408215011404E-007   3.1906811038383276E-004   6.4190729675189608        6.1250624676632464E-007  -6.0430454380704988E-006  -1.3835408215011404E-007 -0.36650925848697996       -1.6951009779411281E-007   7.9308597628708872E-007   6.4408297662376341        1.8399612362632057E-004  -1.4015055465463780E-003   3.1906811038383276E-004  -1.6951009779411281E-007 -0.36208996135870841       -1.7871935911367861E-003   9.6807609828611715E-007   6.4161245551479187     
 dijxc
  0.32080155927516280       -2.9673013948328268        24.987891053948218       -1.1265104089361982E-007  -4.0396778328079122E-005  -1.1540749099176850E-002  -1.1943479076276706E-007   1.1206479089255640E-006   2.5780055983749833E-008  -1.0888206739806172E-002  -1.6110946727315859E-005   1.0012565505071355E-004  -5.3969860349836578E-005   3.1241346120214939E-008  -1.1628526093424379E-002   8.3928316439803817E-005  -4.8235033013960493E-004 -0.36262741492010991       -1.3837014644556012E-007   3.1902288313112099E-004   6.4191218446328175        6.1224679572149236E-007  -6.0404498529195235E-006  -1.3837014644556012E-007 -0.36651756064840263       -1.6951476364102774E-007   7.9317475849246263E-007   6.4408707364537534        1.8375719159645780E-004  -1.3994164522151073E-003   3.1902288313112099E-004  -1.6951476364102774E-007 -0.36210027056574140       -1.7869620405593933E-003   9.6810246733841703E-007   6.4161764300384139     
 dijxc
  0.32080360678860198       -2.9673212155290720        24.988079585947592       -1.3844351406354643E-007  -4.0239418123808084E-005  -1.1541517093822173E-002  -1.1945922120590134E-007   1.1208851164812442E-006   2.5778491106195957E-008  -1.0888848484026034E-002  -1.6173870901635011E-005   1.0056235746650884E-004  -5.3999609059260250E-005   3.1237852837546030E-008  -1.1629342293496499E-002   8.4227232436663915E-005  -4.8461700345235674E-004 -0.36262250175168192       -1.3836239280312114E-007   3.1919892375896898E-004   6.4190972570286231        6.1237790683557043E-007  -6.0417615253570036E-006  -1.3836239280312114E-007 -0.36651336743346352       -1.6949651484139069E-007   7.9313189597533562E-007   6.4408500350546625        1.8438679805008747E-004  -1.4043788299627495E-003   3.1919892375896898E-004  -1.6949651484139069E-007 -0.36209507554529846       -1.7879352822401404E-003   9.6799851974077363E-007   6.4161502858279658     
 dijxc
  0.32080358714596469       -2.9673210984129277        24.988079556478084       -1.2888826400231615E-007  -4.0304275947494631E-005  -1.1541465892111351E-002  -1.1945136430149418E-007   1.1208113716757576E-006   2.5776945831130928E-008  -1.0888777197241357E-002  -1.4734982443004003E-005   8.8519873330052302E-005  -5.3721087476644549E-005   3.1260030823666239E-008  -1.1629280273609023E-002   8.4128784489078629E-005  -4.8384459498551250E-004 -0.36262279121740848       -1.3835419838364512E-007   3.1754914124472867E-004   6.4190986667408403        6.1233759373811398E-007  -6.0413673986716149E-006  -1.3835419838364512E-007 -0.36651377584774236       -1.6962640840038949E-007   7.9308516900492588E-007   6.4408521139743540        1.7412859751201901E-004  -1.3151056122398062E-003   3.1754914124472867E-004  -1.6962640840038949E-007 -0.36209542254008431       -1.7787025885268430E-003   9.6877096510935721E-007   6.4161520217048320     
 dijxc
  0.32080563450643673       -2.9673409255485867        24.988268269223546       -1.5387130068759169E-007  -4.0151770964016819E-005  -1.1542228176415453E-002  -1.1947543449924142E-007   1.1210450998317188E-006   2.5775333829540871E-008  -1.0889411189078976E-002  -1.4742616461413138E-005   8.8577618108270570E-005  -5.3724974752580222E-005   3.1259516811717399E-008  -1.1630088929775517E-002   8.4418111351594344E-005  -4.8603862737217054E-004 -0.36261791019638817       -1.3834619608809332E-007   3.1757046141772064E-004   6.4190742384130841        6.1246700787548661E-007  -6.0426620063015228E-006  -1.3834619608809332E-007 -0.36650962677471988       -1.6962421105682700E-007   7.9304093991957521E-007   6.4408316392099785        1.7419696449848967E-004  -1.3156592017647896E-003   3.1757046141772064E-004  -1.6962421105682700E-007 -0.36209027005880384       -1.7788109685188248E-003   9.6875883011291615E-007   6.4161260953558097     
 dijxc
  0.32080154022428420       -2.9673012755852537        24.987890885275139       -1.0391699655698282E-007  -4.0456692925365463E-005  -1.1540703651063536E-002  -1.1942732834641432E-007   1.1205779584768385E-006   2.5778561136101579E-008  -1.0888143254338171E-002  -1.4727352963860400E-005   8.8462170177766960E-005  -5.3717199961865175E-005   3.1260544816342268E-008  -1.1628471663476275E-002   8.3839569114171501E-005  -4.8165144638154191E-004 -0.36262767198601153       -1.3836222075632539E-007   3.1752781906961667E-004   6.4191230946569426        6.1220837792442681E-007  -6.0400746706913201E-006  -1.3836222075632539E-007 -0.36651792462352700       -1.6962860524565781E-007   7.9312950982079152E-007   6.4408725879895838        1.7406025823913924E-004  -1.3145522789478788E-003   3.1752781906961667E-004  -1.6962860524565781E-007 -0.36210057475581436       -1.7785941929709960E-003   9.6878309687495542E-007   6.4161779475940346     
 dijxc
  0.32080358514307616       -2.9673210775319712        24.988079335345439       -1.2907979223606779E-007  -4.0302622997834183E-005  -1.1541466319173167E-002  -1.1945136036871671E-007   1.1208113077081240E-006   2.5776948061288620E-008  -1.0888777626169591E-002  -1.4734915342720343E-005   8.8519359043940884E-005  -5.3721072578163825E-005   3.1260031843824820E-008  -1.1629280754400728E-002   8.4130053878148168E-005  -4.8385597119118313E-004 -0.36262278950348087       -1.3835421073769303E-007   3.1754905283600443E-004   6.4190986583743133        6.1233759691966015E-007  -6.0413672778208970E-006  -1.3835421073769303E-007 -0.36651377414269237       -1.6962641356234528E-007   7.9308522953218336E-007   6.4408521057653907        1.7412802334817657E-004  -1.3151008791478136E-003   3.1754905283600443E-004  -1.6962641356234528E-007 -0.36209542051194216       -1.7787021029736956E-003   9.6877099469366616E-007   6.4161520115536046     
 dijxc
  0.32080360874632452       -2.9673212358703043        24.988079799267990       -1.3824850958063293E-007  -4.0241086274208965E-005  -1.1541516801364907E-002  -1.1945930959085706E-007   1.1208859908551451E-006   2.5778471917609998E-008  -1.0888848244146661E-002  -1.6172609128241442E-005   1.0054926875418098E-004  -5.3999667781327613E-005   3.1237707206387069E-008  -1.1629342131748391E-002   8.4225914229121634E-005  -4.8460527052424389E-004 -0.36262250276291813       -1.3836229017105849E-007   3.1919920272739806E-004   6.4190972618912490        6.1237830048824515E-007  -6.0417656325265751E-006  -1.3836229017105849E-007 -0.36651336813122293       -1.6949573657187820E-007   7.9313131879050766E-007   6.4408500380226759        1.8438283083401549E-004  -1.4043291350843130E-003   3.1919920272739806E-004  -1.6949573657187820E-007 -0.36209507589186901       -1.7879369472498699E-003   9.6799416720573499E-007   6.4161502868597697     
 dijxc
  0.32080565888809925       -2.9673410840504340        24.988268623110734       -1.6379279022572361E-007  -4.0085995857940551E-005  -1.1542284266126544E-002  -1.1948356901899446E-007   1.1211216029298676E-006   2.5776911156701384E-008  -1.0889489398186250E-002  -1.6214059251555987E-005   1.0078799697692132E-004  -5.4028964339782498E-005   3.1234221970931118E-008  -1.1630157627143985E-002   8.4523436448058755E-005  -4.8685864589116331E-004 -0.36261759171999480       -1.3835456535314858E-007   3.1937302146162585E-004   6.4190726851551281        6.1250857357692953E-007  -6.0430690812688031E-006  -1.3835456535314858E-007 -0.36650917735826788       -1.6947778991934011E-007   7.9308861399053448E-007   6.4408293490946384        1.8489570989218437E-004  -1.4081736983239234E-003   3.1937302146162585E-004  -1.6947778991934011E-007 -0.36208988382986590       -1.7888973487372719E-003   9.6789258363868695E-007   6.4161241584070829     
 dijxc
  0.32080156373289881       -2.9673014265607272        24.987891184159643       -1.1378167615876499E-007  -4.0391521066393375E-005  -1.1540758604707435E-002  -1.1943515503844052E-007   1.1206514878944130E-006   2.5780191539361753E-008  -1.0888220208589913E-002  -1.6186029141206199E-005   1.0055774397288420E-004  -5.4020782440677958E-005   3.1235620854967780E-008  -1.1628538599087482E-002   8.3944722783808249E-005  -4.8246929371670056E-004 -0.36262735999989215       -1.3837088129443099E-007   3.1932855084199389E-004   6.4191215737964349        6.1224852685423431E-007  -6.0404673425239809E-006  -1.3837088129443099E-007 -0.36651748236586434       -1.6948435738105919E-007   7.9317883066014291E-007   6.4408703341893165        1.8468338958327088E-004  -1.4063682312396768E-003   3.1932855084199389E-004  -1.6948435738105919E-007 -0.36210019831915852       -1.7886698369852295E-003   9.6792950484682369E-007   6.4161760619577421     
 dijxc
  0.32080361164356747       -2.9673212525352102        24.988079790096869       -1.3953096493429193E-007  -4.0234758673340644E-005  -1.1541525799319136E-002  -1.1945892810564165E-007   1.1208824037189727E-006   2.5778714867730753E-008  -1.0888860817633565E-002  -1.6218135089325468E-005   1.0071679052700940E-004  -5.4049891916991439E-005   3.1232808962276165E-008  -1.1629352764354270E-002   8.4243767945576162E-005  -4.8473587322221147E-004 -0.36262245104992274       -1.3836361135642183E-007   3.1950180958553650E-004   6.4190970068784967        6.1237650983068211E-007  -6.0417476358033000E-006  -1.3836361135642183E-007 -0.36651329526912374       -1.6947016751864817E-007   7.9313869973469728E-007   6.4408496642685034        1.8513262531291149E-004  -1.4096580124751336E-003   3.1950180958553650E-004  -1.6947016751864817E-007 -0.36209501415355727       -1.7896263702019105E-003   9.6784942558253029E-007   6.4161499762916083     
 dijxc
  0.32080358717680507       -2.9673210987297582        24.988079559959449       -1.2888254542592485E-007  -4.0304326574370071E-005  -1.1541465887518032E-002  -1.1945139306125520E-007   1.1208116307242070E-006   2.5776950170434749E-008  -1.0888777193838892E-002  -1.4734983601428674E-005   8.8519884544223983E-005  -5.3721087138730919E-005   3.1260031024527503E-008  -1.1629280266605591E-002   8.4128749176476787E-005  -4.8384426952945641E-004 -0.36262279122341906       -1.3835422439404766E-007   3.1754913922639444E-004   6.4190986667382131        6.1233776283348521E-007  -6.0413689732460727E-006  -1.3835422439404766E-007 -0.36651377584742018       -1.6962640921463782E-007   7.9308531464409207E-007   6.4408521139328947        1.7412860282030199E-004  -1.3151056675597837E-003   3.1754913922639444E-004  -1.6962640921463782E-007 -0.36209542255981281       -1.7787025770630218E-003   9.6877097006646761E-007   6.4161520217800536     
 dijxc
  0.32080563453337274       -2.9673409257896473        24.988268271915480       -1.5386658284555872E-007  -4.0151812009414260E-005  -1.1542228171470485E-002  -1.1947546275469345E-007   1.1210453532392161E-006   2.5775339090710512E-008  -1.0889411185374641E-002  -1.4742617361508878E-005   8.8577627011545931E-005  -5.3724974336782767E-005   3.1259516843175501E-008  -1.1630088922336454E-002   8.4418080778257920E-005  -4.8603834999347360E-004 -0.36261791019341794       -1.3834622751627033E-007   3.1757045897137088E-004   6.4190742384040833        6.1246717609155103E-007  -6.0426635658706724E-006  -1.3834622751627033E-007 -0.36650962676526072       -1.6962421093302840E-007   7.9304111589032018E-007   6.4408316391614102        1.7419696825040539E-004  -1.3156592426989732E-003   3.1757045897137088E-004  -1.6962421093302840E-007 -0.36209027007003913       -1.7788109546518021E-003   9.6875882977773886E-007   6.4161260954273365     
 dijxc
  0.32080154026501689       -2.9673012759133490        24.987890888403520       -1.0391240292947367E-007  -4.0456732852969872E-005  -1.1540703635636376E-002  -1.1942735618504591E-007   1.1205782081857997E-006   2.5778566502230150E-008  -1.0888143240053424E-002  -1.4727353817695841E-005   8.8462178626542710E-005  -5.3717199537834227E-005   3.1260544895443327E-008  -1.1628471645593455E-002   8.3839539289245769E-005  -4.8165117609812912E-004 -0.36262767201437901       -1.3836225282207151E-007   3.1752781658030604E-004   6.4191230947122762        6.1220854351842610E-007  -6.0400762062682836E-006  -1.3836225282207151E-007 -0.36651792464590194       -1.6962860536782460E-007   7.9312968933452411E-007   6.4408725880083137        1.7406026180317199E-004  -1.3145523178079680E-003   3.1752781658030604E-004  -1.6962860536782460E-007 -0.36210057479817376       -1.7785941788622992E-003   9.6878309796284473E-007   6.4161779477286700     
 dijxc
  0.32080358516036150       -2.9673210777260586        24.988079337388115       -1.2907618381798042E-007  -4.0302653580617288E-005  -1.1541466318254444E-002  -1.1945138747168605E-007   1.1208115499921286E-006   2.5776954570158409E-008  -1.0888777626294095E-002  -1.4734915915758935E-005   8.8519364931602526E-005  -5.3721072073153207E-005   3.1260031766818381E-008  -1.1629280750981026E-002   8.4130028882383202E-005  -4.8385574937561478E-004 -0.36262278950753263       -1.3835424944705745E-007   3.1754904990090207E-004   6.4190986583677763        6.1233775972349903E-007  -6.0413687824863586E-006  -1.3835424944705745E-007 -0.36651377414131103       -1.6962641280425956E-007   7.9308544634670733E-007   6.4408521057258081        1.7412802531273987E-004  -1.3151009028604100E-003   3.1754904990090207E-004  -1.6962641280425956E-007 -0.36209542053026461       -1.7787020863675106E-003   9.6877099084053001E-007   6.4161520116278465     
 dijxc
  0.32080361363959609       -2.9673212733477423        24.988080009246637       -1.3931973664139548E-007  -4.0236580008613375E-005  -1.1541525470602713E-002  -1.1945900469918170E-007   1.1208831582041113E-006   2.5778700948548356E-008  -1.0888860529537164E-002  -1.6216072589875180E-005   1.0069652865577139E-004  -5.4049887886803607E-005   3.1232680358521772E-008  -1.1629352566809859E-002   8.4242367481239311E-005  -4.8472331423389623E-004 -0.36262245223459860       -1.3836353853389191E-007   3.1950175223457381E-004   6.4190970124821236        6.1237686740204916E-007  -6.0417513148220985E-006  -1.3836353853389191E-007 -0.36651329620598044       -1.6946949529195210E-007   7.9313829185842868E-007   6.4408496683546135        1.8512388976116593E-004  -1.4095639218168711E-003   3.1950175223457381E-004  -1.6946949529195210E-007 -0.36209501461768795       -1.7896261242481622E-003   9.6784569354982848E-007   6.4161499778106545     
 dijxc
  0.32080566425970908       -2.9673411277780000        24.988268920349967       -1.6487142516377626E-007  -4.0081642197891976E-005  -1.1542291930278177E-002  -1.1948248688774905E-007   1.1211113039416469E-006   2.5777269226448696E-008  -1.0889500240253959E-002  -1.6232862166295052E-005   1.0071762599393272E-004  -5.4078778872683559E-005   3.1230190039710721E-008  -1.1630165365811400E-002   8.4540330991600326E-005  -4.8697950273584662E-004 -0.36261754654279027       -1.3835651748594190E-007   3.1967416676068723E-004   6.4190724621775761        6.1250348047358754E-007  -6.0430179050320810E-006  -1.3835651748594190E-007 -0.36650911325803459       -1.6945722842181924E-007   7.9309957425742455E-007   6.4408290199135374        1.8548339287842786E-004  -1.4120217268175806E-003   3.1967416676068723E-004  -1.6945722842181924E-007 -0.36208983711888881       -1.7905773971872924E-003   9.6777694352328677E-007   6.4161239282366562     
 dijxc
  0.32080156883774963       -2.9673014675781459        24.987891453757129       -1.1494511561022352E-007  -4.0386385609906232E-005  -1.1540766207497173E-002  -1.1943403585629724E-007   1.1206408372583435E-006   2.5780557661432169E-008  -1.0888230973813438E-002  -1.6211111110156053E-005   1.0054649143889947E-004  -5.4071053566838117E-005   3.1231706779469467E-008  -1.1628546032973884E-002   8.3962080165187687E-005  -4.8259468103854032E-004 -0.36262731536417347       -1.3837287186731989E-007   3.1963224928092325E-004   6.4191213539946936        6.1224321976104387E-007  -6.0404141276268458E-006  -1.3837287186731989E-007 -0.36651741888864026       -1.6946433940784345E-007   7.9319001370952876E-007   6.4408700086562511        1.8530275325193878E-004  -1.4105316654838770E-003   3.1963224928092325E-004  -1.6946433940784345E-007 -0.36210015370147985       -1.7903642586329937E-003   9.6781675152178178E-007   6.4161758435366849     
 dijxc
  0.32080361704450844       -2.9673212973943897        24.988080113284902       -1.4082888047772334E-007  -4.0228573944450162E-005  -1.1541532852530872E-002  -1.1945710679535274E-007   1.1208650446853115E-006   2.5779176811014230E-008  -1.0888870664145421E-002  -1.6224648754699212E-005   1.0054308230119847E-004  -5.4100670891152752E-005   3.1229714631098670E-008  -1.1629358112098677E-002   8.4262209216552124E-005  -4.8487057094158154E-004 -0.36262240945889979       -1.3836611711922374E-007   3.1980904862956240E-004   6.4190968024424517        6.1236778186580232E-007  -6.0416603428349445E-006  -1.3836611711922374E-007 -0.36651323690937199       -1.6945476405932671E-007   7.9315280359689870E-007   6.4408493658544899        1.8563367930150515E-004  -1.4127647191918944E-003   3.1980904862956240E-004  -1.6945476405932671E-007 -0.36209498128468720       -1.7913397712262219E-003   9.6776331905599661E-007   6.4161498223813140     
 dijxc
  0.32080358718549956       -2.9673210988932865        24.988079561760642       -1.2887898708422372E-007  -4.0304356671288139E-005  -1.1541465893097222E-002  -1.1945142009972465E-007   1.1208118723255569E-006   2.5776956653968607E-008  -1.0888777200493027E-002  -1.4734984165485115E-005   8.8519890360709433E-005  -5.3721086632298092E-005   3.1260030944844586E-008  -1.1629280269682428E-002   8.4128724424971499E-005  -4.8384405016871444E-004 -0.36262279121924501       -1.3835426296827959E-007   3.1754913628612472E-004   6.4190986666880834        6.1233792540793359E-007  -6.0413704752053301E-006  -1.3835426296827959E-007 -0.36651377583768996       -1.6962640844171515E-007   7.9308553067473914E-007   6.4408521138490400        1.7412860472614162E-004  -1.3151056907695290E-003   3.1754913628612472E-004  -1.6962640844171515E-007 -0.36209542256991034       -1.7787025604298267E-003   9.6877096612496454E-007   6.4161520218107011     
 dijxc
  0.32080563453977762       -2.9673409259325392        24.988268273315352       -1.5386414348923477E-007  -4.0151831571054870E-005  -1.1542228174805047E-002  -1.1947548860058278E-007   1.1210455833623499E-006   2.5775346843597139E-008  -1.0889411189595535E-002  -1.4742617598162866E-005   8.8577629811107593E-005  -5.3724973743409733E-005   3.1259516630102920E-008  -1.1630088923163306E-002   8.4418061661794029E-005  -4.8603818668495693E-004 -0.36261791020785433       -1.3834627347182993E-007   3.1757045555321471E-004   6.4190742384318051        6.1246733308141473E-007  -6.0426650112129475E-006  -1.3834627347182993E-007 -0.36650962677513416       -1.6962420939508925E-007   7.9304137335587509E-007   6.4408316391615976        1.7419696834881365E-004  -1.3156592485580232E-003   3.1757045555321471E-004  -1.6962420939508925E-007 -0.36209027009880684       -1.7788109353442871E-003   9.6875882156593443E-007   6.4161260955360513     
 dijxc
  0.32080154025906132       -2.9673012759652386        24.987890889362497       -1.0390992881296230E-007  -4.0456752827147701E-005  -1.1540703647882282E-002  -1.1942738192578666E-007   1.1205784376280351E-006   2.5778574481997328E-008  -1.0888143253064780E-002  -1.4727354044758246E-005   8.8462181307552503E-005  -5.3717198944398655E-005   3.1260544664252493E-008  -1.1628471655362890E-002   8.3839520141388966E-005  -4.8165101199764413E-004 -0.36262767199682933       -1.3836230001548552E-007   3.1752781315892611E-004   6.4191230946845490        6.1220869942804793E-007  -6.0400776432157692E-006  -1.3836230001548552E-007 -0.36651792462434946       -1.6962860372009125E-007   7.9312995387341442E-007   6.4408725879563544        1.7406026189147937E-004  -1.3145523233531230E-003   3.1752781315892611E-004  -1.6962860372009125E-007 -0.36210057479478985       -1.7785941595378969E-003   9.6878308914133412E-007   6.4161779477809944     
 dijxc
  0.32080358515907453       -2.9673210777321484        24.988079337621595       -1.2907464614894216E-007  -4.0302664809106374E-005  -1.1541466323248310E-002  -1.1945141216426300E-007   1.1208117695771244E-006   2.5776964170443664E-008  -1.0888777631770118E-002  -1.4734915837781494E-005   8.8519364810498932E-005  -5.3721071401096132E-005   3.1260031297957706E-008  -1.1629280753501177E-002   8.4130014637372825E-005  -4.8385563340492459E-004 -0.36262278949061477       -1.3835430583762031E-007   3.1754904605074805E-004   6.4190986583333798        6.1233791016250023E-007  -6.0413701665317807E-006  -1.3835430583762031E-007 -0.36651377412194991       -1.6962640980133064E-007   7.9308576281931898E-007   6.4408521056766173        1.7412802373032712E-004  -1.3151008922974450E-003   3.1754904605074805E-004  -1.6962640980133064E-007 -0.36209542052751142       -1.7787020646460863E-003   9.6877097439619235E-007   6.4161520116733870     
 dijxc
  0.32080361908743127       -2.9673213188813086        24.988080341837442       -1.4060225290072308E-007  -4.0230546170607695E-005  -1.1541532410956075E-002  -1.1945714819322350E-007   1.1208654486968586E-006   2.5779177448352640E-008  -1.0888870229611616E-002  -1.6222686620961207E-005   1.0052456598815917E-004  -5.4100550897428858E-005   3.1229678382378577E-008  -1.1629357693417323E-002   8.4260739624311622E-005  -4.8485727511186688E-004 -0.36262241125356282       -1.3836612472441144E-007   3.1980838415418219E-004   6.4190968110136204        6.1236800433275883E-007  -6.0416625588009095E-006  -1.3836612472441144E-007 -0.36651323864563740       -1.6945459870893537E-007   7.9315285298166222E-007   6.4408493739891224        1.8562386292730957E-004  -1.4126666049546419E-003   3.1980838415418219E-004  -1.6945459870893537E-007 -0.36209498289622316       -1.7913360295447151E-003   9.6776244338336425E-007   6.4161498299983473     
 dijxc
  0.32080566998607707       -2.9673411768270648        24.988269301248099       -1.6637038257271893E-007  -4.0073800069639968E-005  -1.1542298389153050E-002  -1.1947989728819465E-007   1.1210865876381431E-006   2.5777853043257113E-008  -1.0889509055773523E-002  -1.6227600234095797E-005   1.0044643827616657E-004  -5.4130497400001888E-005   3.1228126597286759E-008  -1.1630168273661375E-002   8.4560228509430335E-005  -4.8712711857484847E-004 -0.36261750830969580       -1.3835967710778986E-007   3.1998737033168371E-004   6.4190722747462949        6.1249102712601354E-007  -6.0428934337605132E-006  -1.3835967710778986E-007 -0.36650906070058276       -1.6944749057140573E-007   7.9311739307484147E-007   6.4408287523642871        1.8589838080077014E-004  -1.4144006554641366E-003   3.1998737033168371E-004  -1.6944749057140573E-007 -0.36208981813065139       -1.7923233644991708E-003   9.6772321601764201E-007   6.4161238506919975     
 dijxc
  0.32080157426265382       -2.9673015132362277        24.987891793413322       -1.1653990799633404E-007  -4.0377631805043013E-005  -1.1540772984040978E-002  -1.1943151640400104E-007   1.1206168188329476E-006   2.5781114846945350E-008  -1.0888240174451273E-002  -1.6210652204285481E-005   1.0031857396366635E-004  -5.4123611831198603E-005   3.1229473671465963E-008  -1.1628549459288463E-002   8.3982453504588114E-005  -4.8274716402157627E-004 -0.36262727561564001       -1.3837588066019723E-007   3.1995001019855917E-004   6.4191211592050692        6.1223101650530947E-007  -6.0402924306708970E-006  -1.3837588066019723E-007 -0.36651736441815408       -1.6945358879543722E-007   7.9320698084194122E-007   6.4408697314928771        1.8574583802421029E-004  -1.4131730580807993E-003   3.1995001019855917E-004  -1.6945358879543722E-007 -0.36210013234626814       -1.7921361775420912E-003   9.6775717059207321E-007   6.4161757534825021     
 dijxc
  0.32080362266897333       -2.9673213451549136        24.988080473400089       -1.4273268001325807E-007  -4.0217102355518780E-005  -1.1541539922420907E-002  -1.1945402267485842E-007   1.1208356685381697E-006   2.5779791022037725E-008  -1.0888879871488122E-002  -1.6216027462673779E-005   1.0024763609181440E-004  -5.4155547032188833E-005   3.1228008509354795E-008  -1.1629360740431749E-002   8.4284519135686216E-005  -4.8504115246909298E-004 -0.36262236835937361       -1.3836942141097216E-007   3.2014014917640274E-004   6.4190966008517565        6.1235269569629876E-007  -6.0415103360872155E-006  -1.3836942141097216E-007 -0.36651318265373317       -1.6944685115069559E-007   7.9317145726840440E-007   6.4408490907368892        1.8601697796046332E-004  -1.4149032463120150E-003   3.2014014917640274E-004  -1.6944685115069559E-007 -0.36209496522648404       -1.7931864333865163E-003   9.6772005251046289E-007   6.4161497625131574     
 dijxc
  0.32080358719566265       -2.9673210989940491        24.988079562680923       -1.2887750411569059E-007  -4.0304367385724394E-005  -1.1541465889585961E-002  -1.1945144467799807E-007   1.1208120908409741E-006   2.5776966205442285E-008  -1.0888777197462701E-002  -1.4734984076245264E-005   8.8519890128175660E-005  -5.3721085957979534E-005   3.1260030501539484E-008  -1.1629280263702885E-002   8.4128710442149044E-005  -4.8384393684462946E-004 -0.36262279123744656       -1.3835431912028772E-007   3.1754913242213194E-004   6.4190986667738379        6.1233807528619729E-007  -6.0413718536372294E-006  -1.3835431912028772E-007 -0.36651377585342376       -1.6962640558082727E-007   7.9308584574909379E-007   6.4408521139198491        1.7412860308574647E-004  -1.3151056796235146E-003   3.1754913242213194E-004  -1.6962640558082727E-007 -0.36209542260225169       -1.7787025386286476E-003   9.6877095049331688E-007   6.4161520219762540     
 dijxc
  0.32080563454465449       -2.9673409259054648        24.988268273126785       -1.5386357028854104E-007  -4.0151833881761374E-005  -1.1542228172029552E-002  -1.1947551194424338E-007   1.1210457905826518E-006   2.5775358218074111E-008  -1.0889411186910745E-002  -1.4742617194421996E-005   8.8577626665039036E-005  -5.3724972991868508E-005   3.1259515930783275E-008  -1.1630088917953696E-002   8.4418052598542564E-005  -4.8603812112714862E-004 -0.36261791019171669       -1.3834633991891949E-007   3.1757045126499801E-004   6.4190742384325397        6.1246747599627309E-007  -6.0426663243206731E-006  -1.3834633991891949E-007 -0.36650962675857945       -1.6962420506968830E-007   7.9304174664179125E-007   6.4408316391597031        1.7419696501407039E-004  -1.3156592209133124E-003   3.1757045126499801E-004  -1.6962420506968830E-007 -0.36209027009664091       -1.7788109111726617E-003   9.6875879770342050E-007   6.4161260956155193     
 dijxc
  0.32080154027096347       -2.9673012760223560        24.987890889609030       -1.0390920129715504E-007  -4.0456756667047724E-005  -1.1540703640514703E-002  -1.1942740540401477E-007   1.1205786463668866E-006   2.5778586149203394E-008  -1.0888143245709227E-002  -1.4727353665678482E-005   8.8462178392779885E-005  -5.3717198201795465E-005   3.1260543870157259E-008  -1.1628471645566518E-002   8.3839510436025310E-005  -4.8165093953419933E-004 -0.36262767201045626       -1.3836236797597083E-007   3.1752780891753979E-004   6.4191230947232425        6.1220884258031162E-007  -6.0400789606814786E-006  -1.3836236797597083E-007 -0.36651792463796040       -1.6962859886681401E-007   7.9313033592177038E-007   6.4408725879947353        1.7406025867472890E-004  -1.3145522968658302E-003   3.1752780891753979E-004  -1.6962859886681401E-007 -0.36210057482235808       -1.7785941356332634E-003   9.6878306227707603E-007   6.4161779478982570     
 dijxc
  0.32080358515592045       -2.9673210777561105        24.988079337608610       -1.2907458995645118E-007  -4.0302662562420382E-005  -1.1541466324693432E-002  -1.1945143465161984E-007   1.1208119694981092E-006   2.5776977952787035E-008  -1.0888777632805609E-002  -1.4734915201474358E-005   8.8519359552255926E-005  -5.3721070601092128E-005   3.1260030093544247E-008  -1.1629280752543575E-002   8.4130008784456177E-005  -4.8385559747796109E-004 -0.36262278951511101       -1.3835438552474537E-007   3.1754904149123133E-004   6.4190986584236303        6.1233804727340423E-007  -6.0413714294285215E-006  -1.3835438552474537E-007 -0.36651377414868630       -1.6962640263223888E-007   7.9308621147647227E-007   6.4408521057798787        1.7412801904368455E-004  -1.3151008517684911E-003   3.1754904149123133E-004  -1.6962640263223888E-007 -0.36209542056581606       -1.7787020389668209E-003   9.6877093444849565E-007   6.4161520118413824     
 dijxc
  0.32080362474434848       -2.9673213669616540        24.988080707414397       -1.4250186354683218E-007  -4.0219122444694279E-005  -1.1541539331871097E-002  -1.1945402767757725E-007   1.1208357159367727E-006   2.5779804025524309E-008  -1.0888879258484321E-002  -1.6214645434337078E-005   1.0023525579482226E-004  -5.4155292029782367E-005   3.1228075754406256E-008  -1.1629360013910864E-002   8.4283041880348181E-005  -4.8502771297013184E-004 -0.36262237090099669       -1.3836949654253131E-007   3.2013877859071819E-004   6.4190966132418499        6.1235276130464060E-007  -6.0415109238947908E-006  -1.3836949654253131E-007 -0.36651318530771071       -1.6944724572531829E-007   7.9317189004917045E-007   6.4408491036620905        1.8600875527393602E-004  -1.4148269433055735E-003   3.2013877859071819E-004  -1.6944724572531829E-007 -0.36209496844484768       -1.7931786127337039E-003   9.6772232016873207E-007   6.4161497788598041     
