 dijxc
  0.32079028226328382       -2.9671832686075441        24.986631330414255       -1.1416604114006102E-005   8.8552361693630696E-005  -1.1574738572360209E-002  -7.3011379027865984E-008   6.9426025209795299E-007   4.1572451221918977E-008  -1.0877015374235917E-002  -7.3990096272278376E-006   6.9331062372033703E-006  -4.2440617283549302E-005  -3.2770557889344550E-008  -1.1617850410753014E-002   9.4789695900922381E-005  -7.9028955784080914E-004 -0.36242301145169087       -2.2427120428680447E-007   2.5589390652589410E-004   6.4179886354036197        3.5585732706560128E-007  -3.5907907441088542E-006  -2.2427120428680447E-007 -0.36658628346523497        1.7809183153300340E-007   1.2822688685030712E-006   6.4412634532788768        1.6275076669369922E-004  -1.0890229084735215E-003   2.5589390652589410E-004   1.7809183153300340E-007 -0.36217558917816406       -1.4285674587129747E-003  -1.0164129511290457E-006   6.4165954029514545     
 dijxc
  0.32079028226328382       -2.9671832686075441        24.986631330414255       -1.1416604114006102E-005   8.8552361693630696E-005  -1.1574738572360209E-002  -7.3011379027865984E-008   6.9426025209795299E-007   4.1572451221918977E-008  -1.0877015374235917E-002  -7.3990096272278376E-006   6.9331062372033703E-006  -4.2440617283549302E-005  -3.2770557889344550E-008  -1.1617850410753014E-002   9.4789695900922381E-005  -7.9028955784080914E-004 -0.36242301145169087       -2.2427120428680447E-007   2.5589390652589410E-004   6.4179886354036197        3.5585732706560128E-007  -3.5907907441088542E-006  -2.2427120428680447E-007 -0.36658628346523497        1.7809183153300340E-007   1.2822688685030712E-006   6.4412634532788768        1.6275076669369922E-004  -1.0890229084735215E-003   2.5589390652589410E-004   1.7809183153300340E-007 -0.36217558917816406       -1.4285674587129747E-003  -1.0164129511290457E-006   6.4165954029514545     
 dijxc
  0.32079232815499775       -2.9672030814602448        24.986819905210545       -1.1411499957575578E-005   8.8530307083443412E-005  -1.1575530222016774E-002  -7.3027378583181315E-008   6.9441721445177365E-007   4.1571689385171246E-008  -1.0877651172686527E-002  -7.4250907148523822E-006   7.0978119406948166E-006  -4.2463182888794309E-005  -3.2769892195998071E-008  -1.1618626108076513E-002   9.4714259698368036E-005  -7.8974667860510377E-004 -0.36241795795261655       -2.2426785889732118E-007   2.5602580803762238E-004   6.4179632475979327        3.5593944607283758E-007  -3.5916276018921575E-006  -2.2426785889732118E-007 -0.36658212371173282        1.7808850918176612E-007   1.2822509103577276E-006   6.4412429128231210        1.6304275451770137E-004  -1.0912543368044236E-003   2.5602580803762238E-004   1.7808850918176612E-007 -0.36217063104870906       -1.4292950524979670E-003  -1.0163944299065552E-006   6.4165705544873282     
 dijxc
  0.32078823677087898       -2.9671634596648699        24.986442792695907       -1.1421702273045585E-005   8.8574370543492709E-005  -1.1573946976289592E-002  -7.2995379995493614E-008   6.9410329860253429E-007   4.1573214942418181E-008  -1.0876379630107742E-002  -7.3729469257131713E-006   6.7685495196823759E-006  -4.2418053786741865E-005  -3.2771221545292869E-008  -1.1617074764681670E-002   9.4865079521347590E-005  -7.9083201078755021E-004 -0.36242806467137018       -2.2427456067092369E-007   2.5576201560651292E-004   6.4180140226845630        3.5577520948227421E-007  -3.5899539190100595E-006  -2.2427456067092369E-007 -0.36659044292070225        1.7809514209201284E-007   1.2822868874910491E-006   6.4412839930083541        1.6245892681433237E-004  -1.0867927152817035E-003   2.5576201560651292E-004   1.7809514209201284E-007 -0.36218054704098385       -1.4278399125117552E-003  -1.0164314053437417E-006   6.4166202509571377     
 dijxc
  0.32079027997971871       -2.9671832450617543        24.986631084311050       -1.1416522746489825E-005   8.8551661013161606E-005  -1.1574738873507955E-002  -7.3011350760474627E-008   6.9425997417671779E-007   4.1572455577987919E-008  -1.0877015677529300E-002  -7.3991891780218108E-006   6.9346635697371882E-006  -4.2440636130223238E-005  -3.2770555067593285E-008  -1.1617850717808388E-002   9.4789151771507312E-005  -7.9028469587987763E-004 -0.36242301054591625       -2.2427122938255252E-007   2.5589401510358510E-004   6.4179886310964225        3.5585718683483755E-007  -3.5907893054692529E-006  -2.2427122938255252E-007 -0.36658628256861503        1.7809181530546242E-007   1.2822690087958588E-006   6.4412634491682077        1.6275194047038144E-004  -1.0890334838999233E-003   2.5589401510358510E-004   1.7809181530546242E-007 -0.36217558823859713       -1.4285680822138901E-003  -1.0164128627924381E-006   6.4165953984498376     
 dijxc
  0.32079028217742384       -2.9671832681696446        24.986631332888493       -1.1416549039845447E-005   8.8551826172107492E-005  -1.1574737777819963E-002  -7.3011379779318608E-008   6.9426025674273619E-007   4.1572446714828084E-008  -1.0877014561650362E-002  -7.3990163200584738E-006   6.9331638600077933E-006  -4.2440623353383356E-005  -3.2770549520203592E-008  -1.1617849380640130E-002   9.4789470863403433E-005  -7.9028720729689252E-004 -0.36242301633264778       -2.2427118030629942E-007   2.5589393728350053E-004   6.4179886615116999        3.5585733622348131E-007  -3.5907908120259058E-006  -2.2427118030629942E-007 -0.36658628840938945        1.7809178160225136E-007   1.2822687335941866E-006   6.4412634797620312        1.6275081456975038E-004  -1.0890233399119590E-003   2.5589393728350053E-004   1.7809178160225136E-007 -0.36217559514695891       -1.4285676428156056E-003  -1.0164126538690949E-006   6.4165954346059539     
 dijxc
  0.32079233226152909       -2.9672031043284006        24.986819878028147       -1.1412579627380130E-005   8.8536836882156924E-005  -1.1575542702837692E-002  -7.3026708329285364E-008   6.9441105304771108E-007   4.1571138025775020E-008  -1.0877669461540333E-002  -7.6522986138622960E-006   9.0925590466361733E-006  -4.2490891242839832E-005  -3.2769062399930676E-008  -1.1618640230426781E-002   9.4726933413890967E-005  -7.8984178120971422E-004 -0.36241788621312859       -2.2426488591192198E-007   2.5618932717687845E-004   6.4179628906143957        3.5593585959783883E-007  -3.5915929311580525E-006  -2.2426488591192198E-007 -0.36658201757177911        1.7808501178912478E-007   1.2822339113454809E-006   6.4412423626690654        1.6447693591144607E-004  -1.1042704742843194E-003   2.5618932717687845E-004   1.7808501178912478E-007 -0.36217054954983735       -1.4302115490229348E-003  -1.0163788073613777E-006   6.4165701446823915     
 dijxc
  0.32078824087757341       -2.9671634826635418        24.986442767323560       -1.1422784547524792E-005   8.8580921356607107E-005  -1.1573959484993568E-002  -7.2994709405438212E-008   6.9409713349179975E-007   4.1572664289888731E-008  -1.0876397948399473E-002  -7.5996818769719442E-006   8.7588182741267474E-006  -4.2445769818582081E-005  -3.2770397380613003E-008  -1.1617088916660315E-002   9.4877773585225371E-005  -7.9092728929041169E-004 -0.36242799280976223       -2.2427159147601244E-007   2.5592558214655465E-004   6.4180136649726904        3.5577162263668208E-007  -3.5899192404999125E-006  -2.2427159147601244E-007 -0.36659033664901552        1.7809167212441136E-007   1.2822699100953930E-006   6.4412834420694693        1.6389069905415360E-004  -1.0997850148171252E-003   2.5592558214655465E-004   1.7809167212441136E-007 -0.36218046541546423       -1.4287566839061821E-003  -1.0164159286510150E-006   6.4166198404123467     
 dijxc
  0.32079028844596513       -2.9671832926594668        24.986631030847576       -1.1418958282263803E-005   8.8567319810145930E-005  -1.1574765401296712E-002  -7.3009881536947336E-008   6.9424640132310509E-007   4.1571440306735019E-008  -1.0877053851331947E-002  -7.8391202127055320E-006   1.0785448221761247E-005  -4.2495773290555699E-005  -3.2769394242047533E-008  -1.1617881451264925E-002   9.4815904773715197E-005  -7.9048891678548889E-004 -0.36242285817681147       -2.2426575036026124E-007   2.5621951375924377E-004   6.4179878707625040        3.5584940669017046E-007  -3.5907138473856280E-006  -2.2426575036026124E-007 -0.36658606121484372        1.7808746842562980E-007   1.2822376639302536E-006   6.4412623014162103        1.6555174349665010E-004  -1.1143684830618155E-003   2.5621951375924377E-004   1.7808746842562980E-007 -0.36217541158355598       -1.4303923186435681E-003  -1.0163963136874009E-006   6.4165945056547073     
 dijxc
  0.32079028226137557       -2.9671832685998130        24.986631330427027       -1.1416604143438707E-005   8.8552361961636948E-005  -1.1574738574905416E-002  -7.3011373154293240E-008   6.9426019930335173E-007   4.1572455740565537E-008  -1.0877015376771097E-002  -7.3990095616223592E-006   6.9331056493328520E-006  -4.2440617221069231E-005  -3.2770554204599590E-008  -1.1617850413351942E-002   9.4789696069546989E-005  -7.9028955943827132E-004 -0.36242301144285666       -2.2427123062750281E-007   2.5589390616802987E-004   6.4179886353752789        3.5585729231756073E-007  -3.5907904175410091E-006  -2.2427123062750281E-007 -0.36658628345642408        1.7809181029468345E-007   1.2822690164965869E-006   6.4412634532505741        1.6275076628979071E-004  -1.0890229047657365E-003   2.5589390616802987E-004   1.7809181029468345E-007 -0.36217558916902842       -1.4285674566864369E-003  -1.0164128315252847E-006   6.4165954029214145     
 dijxc
  0.32079232817757991       -2.9672030816044663        24.986819906695427       -1.1411500605493614E-005   8.8530312898157330E-005  -1.1575530210940814E-002  -7.3027367015831619E-008   6.9441711101966874E-007   4.1571698476587614E-008  -1.0877651161710737E-002  -7.4250888553549290E-006   7.0977948179913879E-006  -4.2463182646211411E-005  -3.2769884792741885E-008  -1.1618626097038988E-002   9.4714263563845202E-005  -7.8974671436124488E-004 -0.36241795796297782       -2.2426791185625589E-007   2.5602580668036910E-004   6.4179632476356758        3.5593937662886670E-007  -3.5916269527298336E-006  -2.2426791185625589E-007 -0.36658212372118643        1.7808846650788431E-007   1.2822512078980507E-006   6.4412429128554987        1.6304274437993615E-004  -1.0912542396656810E-003   2.5602580668036910E-004   1.7808846650788431E-007 -0.36217063105872793       -1.4292950447602980E-003  -1.0163941895035676E-006   6.4165705545232967     
 dijxc
  0.32078823677273127       -2.9671634597341736        24.986442793676300       -1.1421702918512836E-005   8.8574376336420668E-005  -1.1573946981145167E-002  -7.2995368564526069E-008   6.9410319641973977E-007   4.1573224021827665E-008  -1.0876379635045313E-002  -7.3729450802150619E-006   6.7685325130542281E-006  -4.2418053546230952E-005  -3.2771214134367799E-008  -1.1617074769576026E-002   9.4865083370488431E-005  -7.9083204639648420E-004 -0.36242806465906025       -2.2427461356796644E-007   2.5576201425584854E-004   6.4180140226198290        3.5577514085850101E-007  -3.5899532774911065E-006  -2.2427461356796644E-007 -0.36659044290752346        1.7809509937755228E-007   1.2822871846860352E-006   6.4412839929384296        1.6245891673657921E-004  -1.0867926187288664E-003   2.5576201425584854E-004   1.7809509937755228E-007 -0.36218054702833008       -1.4278399048086093E-003  -1.0164311647138403E-006   6.4166202508906203     
 dijxc
  0.32079027999794801       -2.9671832452588442        24.986631086606749       -1.1416523967965911E-005   8.8551672000904304E-005  -1.1574738870551007E-002  -7.3011334053730117E-008   6.9425982491644965E-007   4.1572469176927796E-008  -1.0877015674819766E-002  -7.3991857790575207E-006   6.9346322866224990E-006  -4.2440635728842995E-005  -3.2770543960985156E-008  -1.1617850714886462E-002   9.4789159004605845E-005  -7.9028476301398938E-004 -0.36242301054961917       -2.2427130859692160E-007   2.5589401285856946E-004   6.4179886310901786        3.5585708634293011E-007  -3.5907883664149639E-006  -2.2427130859692160E-007 -0.36658628257032810        1.7809175126854214E-007   1.2822694538355163E-006   6.4412634491502025        1.6275192188790528E-004  -1.0890333059115009E-003   2.5589401285856946E-004   1.7809175126854214E-007 -0.36217558824189283       -1.4285680694029247E-003  -1.0164125020394391E-006   6.4165953984415633     
 dijxc
  0.32079029070140741       -2.9671833160731831        24.986631279373341       -1.1418968459540540E-005   8.8567352499700850E-005  -1.1574764849950653E-002  -7.3009947064155701E-008   6.9424704538628063E-007   4.1571413654285847E-008  -1.0877053295281186E-002  -7.8431605812081064E-006   1.0824430285998716E-005  -4.2495851096767307E-005  -3.2769236345990661E-008  -1.1617880661312488E-002   9.4816076059064898E-005  -7.9049006653232764E-004 -0.36242286038535371       -2.2426560845002388E-007   2.5621994163006279E-004   6.4179878815235920        3.5584971559111414E-007  -3.5907170106052947E-006  -2.2426560845002388E-007 -0.36658606344543709        1.7808662820731793E-007   1.2822368579301933E-006   6.4412623121619283        1.6557026825297422E-004  -1.1145594702000961E-003   2.5621994163006279E-004   1.7808662820731793E-007 -0.36217541507251078       -1.4303947413350868E-003  -1.0163916446866092E-006   6.4165945238151902     
 dijxc
  0.32079234077828256       -2.9672031519504243        24.986819814667260       -1.1415211838088714E-005   8.8554343063150851E-005  -1.1575570255223350E-002  -7.3025152373976643E-008   6.9439664244825351E-007   4.1570190598576037E-008  -1.0877708711983812E-002  -8.0805040785114729E-006   1.2831800493218301E-005  -4.2545848475591598E-005  -3.2768230716277000E-008  -1.1618672609684369E-002   9.4754688263415208E-005  -7.9005595541261134E-004 -0.36241772782897064       -2.2425977389063777E-007   2.5651383905411426E-004   6.4179620982672638        3.5592766119619895E-007  -3.5915132879194067E-006  -2.2425977389063777E-007 -0.36658178990849111        1.7808239418639610E-007   1.2822046488025132E-006   6.4412411812398949        1.6721990171490145E-004  -1.1290337610811952E-003   2.5651383905411426E-004   1.7808239418639610E-007 -0.36217036370971445       -1.4320301374705329E-003  -1.0163718146925063E-006   6.4165692022329353     
 dijxc
  0.32078825019134843       -2.9671635375818100        24.986442762565272       -1.1425597797349165E-005   8.8600117379769003E-005  -1.1573988075598791E-002  -7.2993048841141806E-008   6.9408170448217771E-007   4.1571787942845177E-008  -1.0876438195927846E-002  -8.0152763879952969E-006   1.2377346847616729E-005  -4.2500482020465768E-005  -3.2769991689060563E-008  -1.1617122923716958E-002   9.4906496849614743E-005  -7.9115104840082613E-004 -0.36242782860778883       -2.2426685946555882E-007   2.5624875455586109E-004   6.4180128431038099        3.5576293831816937E-007  -3.5898346836797127E-006  -2.2426685946555882E-007 -0.36659010335747727        1.7809131168693254E-007   1.2822428085121443E-006   6.4412822321017611        1.6657379341175605E-004  -1.1239399686310636E-003   2.5624875455586109E-004   1.7809131168693254E-007 -0.36218027058750141       -1.4305676590488803E-003  -1.0164214453467426E-006   6.4166188500876391     
 dijxc
  0.32079029802269354       -2.9671833497628590        24.986631037265575       -1.1422074414283078E-005   8.8589330677335938E-005  -1.1574794789679481E-002  -7.3008049592951141E-008   6.9422929337307790E-007   4.1570695532218568E-008  -1.0877094934257273E-002  -8.2269423767077294E-006   1.4139812369302044E-005  -4.2550009357506311E-005  -3.2769765743584684E-008  -1.1617917203868386E-002   9.4846278486649221E-005  -7.9072894467090973E-004 -0.36242268971463959       -2.2426172459524010E-007   2.5654008661772344E-004   6.4179870269406720        3.5583993632524029E-007  -3.5906212871894756E-006  -2.2426172459524010E-007 -0.36658582335996059        1.7809118604133602E-007   1.2822145790182813E-006   6.4412610677864137        1.6810005263264539E-004  -1.1371679507955863E-003   2.5654008661772344E-004   1.7809118604133602E-007 -0.36217520735210201       -1.4321884453960235E-003  -1.0164243276119675E-006   6.4165934635357411     
 dijxc
  0.32079028227472661       -2.9671832688114481        24.986631332801529       -1.1416605377040722E-005   8.8552373047883967E-005  -1.1574738576060721E-002  -7.3011356380323629E-008   6.9426004951996821E-007   4.1572469349134147E-008  -1.0877015378145817E-002  -7.3990060917674542E-006   6.9330736877718500E-006  -4.2440616814324586E-005  -3.2770543095889244E-008  -1.1617850414538639E-002   9.4789703394612402E-005  -7.9028962733552555E-004 -0.36242301145353795       -2.2427130990319686E-007   2.5589390388986290E-004   6.4179886353600475        3.5585719132313268E-007  -3.5907894742486988E-006  -2.2427130990319686E-007 -0.36658628346518363        1.7809174625402403E-007   1.2822694618843878E-006   6.4412634532239608        1.6275074733558800E-004  -1.0890227231432896E-003   2.5589390388986290E-004   1.7809174625402403E-007 -0.36217558917930892       -1.4285674436822664E-003  -1.0164124707431281E-006   6.4165954029042025     
 dijxc
  0.32079232818946241       -2.9672030818637385        24.986819909798758       -1.1411502405204669E-005   8.8530329088344501E-005  -1.1575530217847511E-002  -7.3027345213848268E-008   6.9441691641315030E-007   4.1571716581496263E-008  -1.0877651168978604E-002  -7.4250838640266182E-006   7.0977488698237268E-006  -4.2463182081076619E-005  -3.2769870007331520E-008  -1.1618626103974711E-002   9.4714274217911983E-005  -7.8974681325874748E-004 -0.36241795796401549       -2.2426801732887551E-007   2.5602580351778953E-004   6.4179632475668544        3.5593924521331462E-007  -3.5916257254802640E-006  -2.2426801732887551E-007 -0.36658212371926691        1.7808838125434822E-007   1.2822518004363588E-006   6.4412429127692139        1.6304271707516909E-004  -1.0912539781341975E-003   2.5602580351778953E-004   1.7808838125434822E-007 -0.36217063105929320       -1.4292950267055589E-003  -1.0163937092197581E-006   6.4165705544522016     
 dijxc
  0.32078823679323842       -2.9671634600099930        24.986442796929413       -1.1421704675114004E-005   8.8574392162679686E-005  -1.1573946980376067E-002  -7.2995347188066607E-008   6.9410300544737786E-007   4.1573242070876629E-008  -1.0876379634701387E-002  -7.3729403078240241E-006   6.7684886344070660E-006  -4.2418052997124009E-005  -3.2771199390499642E-008  -1.1617074768846734E-002   9.4865093721274360E-005  -7.9083214269731002E-004 -0.36242806466997157       -2.2427471873130262E-007   2.5576201118449851E-004   6.4180140226352176        3.5577501227297912E-007  -3.5899520754968190E-006  -2.2427471873130262E-007 -0.36659044291527648        1.7809501434145638E-007   1.2822877754698704E-006   6.4412839929351939        1.6245889055932077E-004  -1.0867923682154235E-003   2.5576201118449851E-004   1.7809501434145638E-007 -0.36218054703874492       -1.4278398872818621E-003  -1.0164306856894096E-006   6.4166202509035557     
 dijxc
  0.32079028002825904       -2.9671832456343150        24.986631090861422       -1.1416526199731280E-005   8.8551692147096053E-005  -1.1574738865834301E-002  -7.3011308477806147E-008   6.9425959628476574E-007   4.1572491603102934E-008  -1.0877015670738642E-002  -7.3991799127491797E-006   6.9345784156547266E-006  -4.2440635053512456E-005  -3.2770525661233590E-008  -1.1617850710229159E-002   9.4789172074892329E-005  -7.9028488498838470E-004 -0.36242301057605458       -2.2427143932646504E-007   2.5589400907048454E-004   6.4179886311526486        3.5585693283381622E-007  -3.5907869298140773E-006  -2.2427143932646504E-007 -0.36658628259228254        1.7809164568497322E-007   1.2822701881720596E-006   6.4412634491861986        1.6275188952589832E-004  -1.0890329966590823E-003   2.5589400907048454E-004   1.7809164568497322E-007 -0.36217558826769986       -1.4285680477889192E-003  -1.0164119073412448E-006   6.4165953985008723     
 dijxc
  0.32079030027942484       -2.9671833732197381        24.986631286164343       -1.1422089272069604E-005   8.8589407477970665E-005  -1.1574794251172082E-002  -7.3008112083947924E-008   6.9422990858189779E-007   4.1570670050835565E-008  -1.0877094391264774E-002  -8.2308269691507549E-006   1.4177272093144738E-005  -4.2550084947042006E-005  -3.2769614065981965E-008  -1.1617916433630991E-002   9.4846473617216592E-005  -7.9073033012379279E-004 -0.36242269186966219       -2.2426158891559567E-007   2.5654050134986996E-004   6.4179870374384436        3.5584023010350809E-007  -3.5906243007827339E-006  -2.2426158891559567E-007 -0.36658582553546937        1.7809037875665945E-007   1.2822138084052132E-006   6.4412610782592825        1.6811790263148091E-004  -1.1373518150028332E-003   2.5654050134986996E-004   1.7809037875665945E-007 -0.36217521075188103       -1.4321907943221244E-003  -1.0164198417248442E-006   6.4165934812258421     
 dijxc
  0.32079235084489133       -2.9672032135152056        24.986819849603243       -1.1418766946262061E-005   8.8580434713667335E-005  -1.1575600930366241E-002  -7.3023073559222062E-008   6.9437711372061366E-007   4.1569636667628144E-008  -1.0877751123469483E-002  -8.4276352730681751E-006   1.5799125300824636E-005  -4.2599382475752760E-005  -3.2769743658986388E-008  -1.1618711028511697E-002   9.4787452714999602E-005  -7.9031956395900107E-004 -0.36241755255268637       -2.2425677167066503E-007   2.5683058326051578E-004   6.4179612193690261        3.5591706293711110E-007  -3.5914092314650924E-006  -2.2425677167066503E-007 -0.36658154487217426        1.7809210234153949E-007   1.2821873864696522E-006   6.4412399104475320        1.6957067476106979E-004  -1.1498468168595407E-003   2.5683058326051578E-004   1.7809210234153949E-007 -0.36217014517829438       -1.4338043961902311E-003  -1.0164328789865530E-006   6.4165680815954573     
 dijxc
  0.32078826103242619       -2.9671636065187923        24.986442865925209       -1.1429169126727021E-005   8.8626355486894168E-005  -1.1574019266438994E-002  -7.2990959128002949E-008   6.9406205946161344E-007   4.1571257507149901E-008  -1.0876481071806963E-002  -8.3542781756894500E-006   1.5267992927765902E-005  -4.2553858555442984E-005  -3.2771673262396198E-008  -1.1617162052360810E-002   9.4939368152915278E-005  -7.9141574735367565E-004 -0.36242765017254114       -2.2426398396214993E-007   2.5656467647228095E-004   6.4180119477211086        3.5575230669288994E-007  -3.5897302427296337E-006  -2.2426398396214993E-007 -0.36658985543758132        1.7810188846955219E-007   1.2822262700033288E-006   6.4412809463100000        1.6888368953423637E-004  -1.1443477484500723E-003   2.5656467647228095E-004   1.7810188846955219E-007 -0.36218004779668606       -1.4323372028433009E-003  -1.0164872581094698E-006   6.4166177066048604     
 dijxc
  0.32079030949038040       -2.9671834252715552        24.986631203518204       -1.1425881989654879E-005   8.8617740833195932E-005  -1.1574826707712989E-002  -7.3005830616360681E-008   6.9420834479989942E-007   4.1570318062375185E-008  -1.0877138564117317E-002  -8.5220182550380645E-006   1.6615505053120164E-005  -4.2602647597814664E-005  -3.2772421847026332E-008  -1.1617958053912476E-002   9.4880512958293232E-005  -7.9100708777424776E-004 -0.36242250731958686       -2.2425967276318071E-007   2.5685206589592127E-004   6.4179861100097169        3.5582876748382739E-007  -3.5905111897461560E-006  -2.2425967276318071E-007 -0.36658557121686686        1.7810680397816524E-007   1.2822027348401482E-006   6.4412597589656402        1.7019102609877292E-004  -1.1553989084781150E-003   2.5685206589592127E-004   1.7810680397816524E-007 -0.36217497506071744       -1.4339353568546139E-003  -1.0165177585282764E-006   6.4165922662963357     
 dijxc
  0.32079028231461304       -2.9671832692058562        24.986631337122919       -1.1416607620852478E-005   8.8552393294329533E-005  -1.1574738564821926E-002  -7.3011330721683238E-008   6.9425982021011076E-007   4.1572491791603625E-008  -1.0877015367519963E-002  -7.3990001574191994E-006   6.9330191762636141E-006  -4.2440616134077020E-005  -3.2770524780403089E-008  -1.1617850403355376E-002   9.4789716552941917E-005  -7.9028975005016999E-004 -0.36242301147785250       -2.2427144072187744E-007   2.5589390007488364E-004   6.4179886354010804        3.5585703720650860E-007  -3.5907880323771878E-006  -2.2427144072187744E-007 -0.36658628348510258        1.7809164058621956E-007   1.2822701967238450E-006   6.4412634532390385        1.6275071462699205E-004  -1.0890224105107389E-003   2.5589390007488364E-004   1.7809164058621956E-007 -0.36217558920300441       -1.4285674219141910E-003  -1.0164118755545839E-006   6.4165954029421419     
 dijxc
  0.32079232822133641       -2.9672030822764230        24.986819914583432       -1.1411505066726489E-005   8.8530353149737177E-005  -1.1575530214986821E-002  -7.3027315953036911E-008   6.9441665465064701E-007   4.1571743336434212E-008  -1.0877651166984650E-002  -7.4250770678426481E-006   7.0976865681481082E-006  -4.2463181290106357E-005  -3.2769848207913091E-008  -1.1618626101199972E-002   9.4714289730118289E-005  -7.8974695837743223E-004 -0.36241795798582244       -2.2426817335833694E-007   2.5602579907668747E-004   6.4179632476126081        3.5593906990125196E-007  -3.5916240830539025E-006  -2.2426817335833694E-007 -0.36658212373527455        1.7808825542710268E-007   1.2822526768030902E-006   6.4412429127806075        1.6304267938349951E-004  -1.0912536184945029E-003   2.5602579907668747E-004   1.7808825542710268E-007 -0.36217063108031800       -1.4292950013666294E-003  -1.0163930005892700E-006   6.4165705544939433     
 dijxc
  0.32078823684021956       -2.9671634604755051        24.986442801821084       -1.1421707252191509E-005   8.8574415481913559E-005  -1.1573946964663517E-002  -7.2995318701361824E-008   6.9410275040499088E-007   4.1573268715961696E-008  -1.0876379619916304E-002  -7.3729338579884261E-006   6.7684295824830707E-006  -4.2418052231461750E-005  -3.2771177719761062E-008  -1.1617074753238123E-002   9.4865108696790901E-005  -7.9083228301771939E-004 -0.36242806471657540       -2.2427487418591334E-007   2.5576200687938170E-004   6.4180140227476361        3.5577484200104805E-007  -3.5899504786291088E-006  -2.2427487418591334E-007 -0.36659044295586168        1.7809488922403275E-007   1.2822886485456016E-006   6.4412839930119485        1.6245885463518243E-004  -1.0867920258795390E-003   2.5576200687938170E-004   1.7809488922403275E-007 -0.36218054708451142       -1.4278398627270376E-003  -1.0164299811151121E-006   6.4166202510115973     
 dijxc
  0.32079028006532007       -2.9671832460671310        24.986631095635286       -1.1416529056871861E-005   8.8551718037224974E-005  -1.1574738859526423E-002  -7.3011277664835740E-008   6.9425932004109845E-007   4.1572522400230404E-008  -1.0877015665653883E-002  -7.3991730537933749E-006   6.9345158158067054E-006  -4.2440634208042609E-005  -3.2770500751802041E-008  -1.1617850704078468E-002   9.4789188600931168E-005  -7.9028504025794644E-004 -0.36242301060199650       -2.2427161917271593E-007   2.5589400430422196E-004   6.4179886311789343        3.5585674933193810E-007  -3.5907852055636293E-006  -2.2427161917271593E-007 -0.36658628261066351        1.7809150177609295E-007   1.2822711980399750E-006   6.4412634491676499        1.6275185093100062E-004  -1.0890326300033761E-003   2.5589400430422196E-004   1.7809150177609295E-007 -0.36217558829255353       -1.4285680206183649E-003  -1.0164110971134533E-006   6.4165953985213147     
 dijxc
  0.32079031175779754       -2.9671834486521971        24.986631448084207       -1.1425958897114364E-005   8.8618398467531022E-005  -1.1574826354574769E-002  -7.3005857709741449E-008   6.9420861938995024E-007   4.1570310658474361E-008  -1.0877138210610343E-002  -8.5242930117785537E-006   1.6637114032954801E-005  -4.2602691826751089E-005  -3.2772366750565041E-008  -1.1617957616587279E-002   9.4881032479213927E-005  -7.9101166891746991E-004 -0.36242250850592284       -2.2425963328478763E-007   2.5685229454525647E-004   6.4179861157654639        3.5582889021373217E-007  -3.5905124919703502E-006  -2.2425963328478763E-007 -0.36658557239027001        1.7810651829306185E-007   1.2822025101194492E-006   6.4412597645016501        1.7020212881597150E-004  -1.1555103063654463E-003   2.5685229454525647E-004   1.7810651829306185E-007 -0.36217497672197241       -1.4339366640866292E-003  -1.0165161898412423E-006   6.4165922747826478     
 dijxc
  0.32079236312056586       -2.9672032973571669        24.986820093514105       -1.1422875881479018E-005   8.8611615040003596E-005  -1.1575633824349590E-002  -7.3020690928872784E-008   6.9435451579517837E-007   4.1569452324994847E-008  -1.0877795757888463E-002  -8.6688289007936886E-006   1.7765687651238269E-005  -4.2651112839446190E-005  -3.2773623701840140E-008  -1.1618754113770287E-002   9.4823423727135298E-005  -7.9061481659052895E-004 -0.36241736484073095       -2.2425575883943034E-007   2.5713771351191226E-004   6.4179602737521693        3.5590521316585642E-007  -3.5912919687192816E-006  -2.2425575883943034E-007 -0.36658128711334903        1.7811406276833767E-007   1.2821814641676980E-006   6.4412385712524260        1.7139331451900729E-004  -1.1654087500172195E-003   2.5713771351191226E-004   1.7811406276833767E-007 -0.36216990058218101       -1.4355234772364606E-003  -1.0165610883363289E-006   6.4165668150455968     
 dijxc
  0.32078827396273385       -2.9671636973859661        24.986443187385472       -1.1433087843364907E-005   8.8655745850663387E-005  -1.1574051997941412E-002  -7.2988680890754243E-008   6.9404045926593548E-007   4.1571037079635104E-008  -1.0876525485825017E-002  -8.5939389868234716E-006   1.7222273882080757E-005  -4.2605572484982904E-005  -3.2775383166533123E-008  -1.1617204610968886E-002   9.4974369940985915E-005  -7.9170142683144943E-004 -0.36242746298385448       -2.2426278052374461E-007   2.5687180160534969E-004   6.4180110038465177        3.5574097631903986E-007  -3.5896181431763753E-006  -2.2426278052374461E-007 -0.36658959855934642        1.7812289364577307E-007   1.2822192720940001E-006   6.4412796108228161        1.7069424209197317E-004  -1.1598083381465279E-003   2.5687180160534969E-004   1.7812289364577307E-007 -0.36217980558099611       -1.4340561651531056E-003  -1.0166100405309259E-006   6.4166164525339902     
 dijxc
  0.32079032320892065       -2.9671835257063144        24.986631642278340       -1.1429666162842223E-005   8.8645799488188193E-005  -1.1574858999328523E-002  -7.3003636947210276E-008   6.9418747947606487E-007   4.1570184660033973E-008  -1.0877182549685879E-002  -8.7139022130475685E-006   1.8123284901197295E-005  -4.2653631165729639E-005  -3.2776778855597554E-008  -1.1618000345202821E-002   9.4915014690509546E-005  -7.9128767620701681E-004 -0.36242232221070619       -2.2425894464091654E-007   2.5715544557480336E-004   6.4179851737244764        3.5581796793347160E-007  -3.5904040178066143E-006  -2.2425894464091654E-007 -0.36658531629850571        1.7813100523328721E-007   1.2821984682014987E-006   6.4412584304225717        1.7175384522786019E-004  -1.1684375755186050E-003   2.5715544557480336E-004   1.7813100523328721E-007 -0.36217473364631109       -1.4356325958928820E-003  -1.0166576639889823E-006   6.4165910121476024     
 dijxc
  0.32079028235803170       -2.9671832696532183        24.986631342042422       -1.1416610491410438E-005   8.8552419307697628E-005  -1.1574738553475017E-002  -7.3011299794658164E-008   6.9425954295983238E-007   4.1572522609068078E-008  -1.0877015357388511E-002  -7.3989932601572867E-006   6.9329562184370264E-006  -4.2440615286241614E-005  -3.2770499840037023E-008  -1.1617850392163599E-002   9.4789733153288273E-005  -7.9028990602514858E-004 -0.36242301150758349       -2.2427162066964073E-007   2.5589389529667923E-004   6.4179886354643152        3.5585685298634893E-007  -3.5907863015267488E-006  -2.2427162066964073E-007 -0.36658628350731265        1.7809149650280458E-007   1.2822712071819131E-006   6.4412634532576494        1.6275067583918209E-004  -1.0890220419491783E-003   2.5589389529667923E-004   1.7809149650280458E-007 -0.36217558923165605       -1.4285673946728148E-003  -1.0164110643365811E-006   6.4165954029995884     
 dijxc
  0.32079232827387905       -2.9672030827474729        24.986819919633053       -1.1411508118061788E-005   8.8530380846457474E-005  -1.1575530197086632E-002  -7.3027283643004644E-008   6.9441636449591062E-007   4.1571778205696934E-008  -1.0877651150636131E-002  -7.4250701156065912E-006   7.0976233824806894E-006  -4.2463180386619599E-005  -3.2769820180202227E-008  -1.1618626083525381E-002   9.4714307282668740E-005  -7.8974712383006441E-004 -0.36241795801916576       -2.2426837717582855E-007   2.5602579396812768E-004   6.4179632476932147        3.5593887836555332E-007  -3.5916222789584895E-006  -2.2426837717582855E-007 -0.36658212375943405        1.7808809338982713E-007   1.2822538210450396E-006   6.4412429128067856        1.6304263973940326E-004  -1.0912532433890393E-003   2.5602579396812768E-004   1.7808809338982713E-007 -0.36217063111227121       -1.4292949722693581E-003  -1.0163920884980372E-006   6.4165705545669125     
 dijxc
  0.32078823685994601       -2.9671634608146857        24.986442805981277       -1.1421710186119095E-005   8.8574442104898124E-005  -1.1573946971389172E-002  -7.2995287482045413E-008   6.9410246988786206E-007   4.1573303462479438E-008  -1.0876379628217622E-002  -7.3729272518399077E-006   6.7683696353063451E-006  -4.2418051351026431E-005  -3.2771149911591159E-008  -1.1617074760207437E-002   9.4865125588000144E-005  -7.9083244222831744E-004 -0.36242806471272021       -2.2427507739028846E-007   2.5576200189322785E-004   6.4180140226895404        3.5577465726066610E-007  -3.5899487371364712E-006  -2.2427507739028846E-007 -0.36659044294273463        1.7809472841027814E-007   1.2822897892403053E-006   6.4412839928989349        1.6245881676594609E-004  -1.0867916681882516E-003   2.5576200189322785E-004   1.7809472841027814E-007 -0.36218054707918851       -1.4278398343367383E-003  -1.0164290759794583E-006   6.4166202509453942     
 dijxc
  0.32079028010324306       -2.9671832464400301        24.986631099881226       -1.1416532015074829E-005   8.8551744870714709E-005  -1.1574738851276786E-002  -7.3011246581975199E-008   6.9425904019617011E-007   4.1572561093041110E-008  -1.0877015659289516E-002  -7.3991667165371140E-006   6.9344586795203620E-006  -4.2440633287865799E-005  -3.2770470174882246E-008  -1.1617850696160496E-002   9.4789205648116012E-005  -7.9028520106172624E-004 -0.36242301061086563       -2.2427184574264641E-007   2.5589399907670677E-004   6.4179886311882957        3.5585656636091263E-007  -3.5907834758406712E-006  -2.2427184574264641E-007 -0.36658628260877490        1.7809132478260009E-007   1.2822724695511311E-006   6.4412634491134169        1.6275181389733997E-004  -1.0890322823875708E-003   2.5589399907670677E-004   1.7809132478260009E-007 -0.36217558829953739       -1.4285679908880862E-003  -1.0164101011823470E-006   6.4165953985201201     
 dijxc
  0.32079032549916625       -2.9671835490140968        24.986631881473215       -1.1429817869293810E-005   8.8647158336410613E-005  -1.1574858896223797E-002  -7.3003622728726256E-008   6.9418735483361206E-007   4.1570198935853495E-008  -1.0877182448822860E-002  -8.7139299571097753E-006   1.8122912603348983E-005  -4.2653627480965177E-005  -3.2776846111629109E-008  -1.1618000362779386E-002   9.4915924485857004E-005  -7.9129612157367326E-004 -0.36242232205510067       -2.2425902059157852E-007   2.5715539535337467E-004   6.4179851728735526        3.5581789264501156E-007  -3.5904033324392660E-006  -2.2425902059157852E-007 -0.36658531609925599        1.7813137954321578E-007   1.2821988979817723E-006   6.4412584291728905        1.7175524326949168E-004  -1.1684460591396555E-003   2.5715539535337467E-004   1.7813137954321578E-007 -0.36217473288288232       -1.4356323365991063E-003  -1.0166597805061095E-006   6.4165910077696227     
 dijxc
  0.32079237767172009       -2.9672034082007919        24.986820663402085       -1.1426444319944548E-005   8.8637564904263475E-005  -1.1575665476495245E-002  -7.3018634751014652E-008   6.9433488268091070E-007   4.1569401880585767E-008  -1.0877839109780706E-002  -8.8087524560075477E-006   1.8788829019035058E-005  -4.2701322346778498E-005  -3.2778624845175329E-008  -1.1618795823656651E-002   9.4857039913726082E-005  -7.9088643696691423E-004 -0.36241718287373520       -2.2425548549989196E-007   2.5743716141118624E-004   6.4179593501201602        3.5589521937788223E-007  -3.5911924164439469E-006  -2.2425548549989196E-007 -0.36658103525588209        1.7814141140653888E-007   1.2821798177407366E-006   6.4412372549429335        1.7268477460609098E-004  -1.1758025108313200E-003   2.5743716141118624E-004   1.7814141140653888E-007 -0.36216966160569802       -1.4371978572760746E-003  -1.0167177637687884E-006   6.4165655691698653     
 dijxc
  0.32078828903285156       -2.9671638141571135        24.986443830789465       -1.1436370811803896E-005   8.8679002566529342E-005  -1.1574083027964428E-002  -7.2986785885843538E-008   6.9402237993235904E-007   4.1570919750892021E-008  -1.0876568164350620E-002  -8.7380317754248579E-006   1.8287906346169634E-005  -4.2655923920543049E-005  -3.2780012654217898E-008  -1.1617244945139570E-002   9.5006531105289459E-005  -7.9195851956233754E-004 -0.36242728399470303       -2.2426215196200829E-007   2.5717212753259447E-004   6.4180100946289134        3.5573176665816225E-007  -3.5895264401124939E-006  -2.2426215196200829E-007 -0.36658935003867610        1.7814821471199196E-007   1.2822156173764797E-006   6.4412783109051999        1.7200028286465564E-004  -1.1703741906941136E-003   2.5717212753259447E-004   1.7814821471199196E-007 -0.36217957356934993       -1.4357354318630352E-003  -1.0167553507342795E-006   6.4166152440537028     
 dijxc
  0.32079033888491493       -2.9671836520661912        24.986632433805205       -1.1432360950358129E-005   8.8663416757897725E-005  -1.1574887922525506E-002  -7.3002106679136321E-008   6.9417283019713831E-007   4.1570051466728251E-008  -1.0877223127924066E-002  -8.8169522883801553E-006   1.8811659854281600E-005  -4.2703577353193541E-005  -3.2781462120738858E-008  -1.1618037431840249E-002   9.4944410866809573E-005  -7.9151680798472863E-004 -0.36242215424659951       -2.2425824441445858E-007   2.5745396612812275E-004   6.4179843168301858        3.5581065860797379E-007  -3.5903309156899771E-006  -2.2425824441445858E-007 -0.36658507882732744        1.7815628908442945E-007   1.2821944545485231E-006   6.4412571830190632        1.7283454207210245E-004  -1.1768536042682065E-003   2.5745396612812275E-004   1.7815628908442945E-007 -0.36217451841036974       -1.4373009589758628E-003  -1.0168019858036475E-006   6.4165898887465405     
 dijxc
  0.32079028239949547       -2.9671832700647793        24.986631346523449       -1.1416613460430124E-005   8.8552446251331178E-005  -1.1574738542101351E-002  -7.3011268603829099E-008   6.9425926212505922E-007   4.1572561307229312E-008  -1.0877015347912071E-002  -7.3989869279447428E-006   6.9328991247326419E-006  -4.2440614367458349E-005  -3.2770469229864614E-008  -1.1617850381121321E-002   9.4789750238081420E-005  -7.9029006728508866E-004 -0.36242301153471845       -2.2427184725895286E-007   2.5589389007524402E-004   6.4179886355279656        3.5585666943306915E-007  -3.5907845661155384E-006  -2.2427184725895286E-007 -0.36658628352362493        1.7809131932254241E-007   1.2822724788208555E-006   6.4412634532573021        1.6275063882450997E-004  -1.0890216944973508E-003   2.5589389007524402E-004   1.7809131932254241E-007 -0.36217558925691584       -1.4285673649765275E-003  -1.0164100673521738E-006   6.4165954030527281     
 dijxc
  0.32079232831229959       -2.9672030831169902        24.986819923648586       -1.1411510985360234E-005   8.8530406844305703E-005  -1.1575530186561891E-002  -7.3027253805490773E-008   6.9441609513411074E-007   4.1571820753690213E-008  -1.0877651142326035E-002  -7.4250644059296108E-006   7.0975723963722878E-006  -4.2463179450535279E-005  -3.2769787026248800E-008  -1.1618626073437437E-002   9.4714323823838893E-005  -7.8974728004232856E-004 -0.36241795804029847       -2.2426862665114925E-007   2.5602578862362479E-004   6.4179632477416835        3.5593870407697338E-007  -3.5916206246162651E-006  -2.2426862665114925E-007 -0.36658212376823546        1.7808790128127917E-007   1.2822552207126327E-006   6.4412429127825312        1.6304260538024172E-004  -1.0912529238392291E-003   2.5602578862362479E-004   1.7808790128127917E-007 -0.36217063113103348       -1.4292949419199260E-003  -1.0163910078440635E-006   6.4165705546019538     
 dijxc
  0.32078823690378838       -2.9671634611940112        24.986442810013489       -1.1421712931393413E-005   8.8574466947218138E-005  -1.1573946955500965E-002  -7.2995258854455294E-008   6.9410221130478122E-007   4.1573345958642024E-008  -1.0876379614506791E-002  -7.3729217741533813E-006   6.7683208093415352E-006  -4.2418050425399682E-005  -3.2771117017239010E-008  -1.1617074744770146E-002   9.4865141520106093E-005  -7.9083259234448108E-004 -0.36242806474293904       -2.2427532664278448E-007   2.5576199660471831E-004   6.4180140227861582        3.5577449032519347E-007  -3.5899471513933538E-006  -2.2427532664278448E-007 -0.36659044296079657        1.7809453774200260E-007   1.2822911875856076E-006   6.4412839929238768        1.6245878362895064E-004  -1.0867913606018339E-003   2.5576199660471831E-004   1.7809453774200260E-007 -0.36218054710694519       -1.4278398043083926E-003  -1.0164280035068657E-006   6.4166202510280801     
 dijxc
  0.32079028013974931       -2.9671832467733199        24.986631103432160       -1.1416534533951077E-005   8.8551767554500711E-005  -1.1574738838591392E-002  -7.3011220659866944E-008   6.9425880524984034E-007   4.1572607503813756E-008  -1.0877015648988082E-002  -7.3991619780154238E-006   6.9344170001920519E-006  -4.2440632343792820E-005  -3.2770435019452315E-008  -1.1617850684038526E-002   9.4789220481735289E-005  -7.9028534024206743E-004 -0.36242301064144983       -2.2427211828314256E-007   2.5589399365713345E-004   6.4179886312997532        3.5585641673349610E-007  -3.5907820469961178E-006  -2.2427211828314256E-007 -0.36658628262614540        1.7809112074704655E-007   1.2822739981522939E-006   6.4412634491472804        1.6275178408971851E-004  -1.0890320092004362E-003   2.5589399365713345E-004   1.7809112074704655E-007 -0.36217558832707702       -1.4285679601653476E-003  -1.0164089539097241E-006   6.4165953986142821     
 dijxc
  0.32079034119114480       -2.9671836755337599        24.986632672342889       -1.1432545550707199E-005   8.8665087334239957E-005  -1.1574887996506515E-002  -7.3002074069202206E-008   6.9417252485990480E-007   4.1570076046343004E-008  -1.0877223201329882E-002  -8.8151410694210739E-006   1.8793611247993621E-005  -4.2703522029410016E-005  -3.2781598037198682E-008  -1.1618037768941547E-002   9.4945488666810121E-005  -7.9152696737144876E-004 -0.36242215319998861       -2.2425837539222136E-007   2.5745362760093399E-004   6.4179843114566335        3.5581049793519495E-007  -3.5903293621710890E-006  -2.2425837539222136E-007 -0.36658507773885024        1.7815703001219574E-007   1.2821951958168843E-006   6.4412571772571123        1.7282737234023581E-004  -1.1767740786721940E-003   2.5745362760093399E-004   1.7815703001219574E-007 -0.36217451597796402       -1.4372990668988766E-003  -1.0168061345066004E-006   6.4165898753782526     
 dijxc
  0.32079239391694298       -2.9672035442983047        24.986821616045539       -1.1428362653739773E-005   8.8647753856509708E-005  -1.1575691657673838E-002  -7.3017594125628534E-008   6.9432486003213880E-007   4.1569209351077002E-008  -1.0877876940934374E-002  -8.8726734786456199E-006   1.9120542962080563E-005  -4.2750982791840086E-005  -3.2783129329069542E-008  -1.1618828559635669E-002   9.4882735229456842E-005  -7.9107818193563915E-004 -0.36241702924116720       -2.2425448249578090E-007   2.5773460479854249E-004   6.4179585619967403        3.5589042550585840E-007  -3.5911440389223906E-006  -2.2425448249578090E-007 -0.36658081224623890        1.7816538769901186E-007   1.2821741380410529E-006   6.4412360771094317        1.7354465009749914E-004  -1.1821355485544477E-003   2.5773460479854249E-004   1.7816538769901186E-007 -0.36216946893206708       -1.4388593604745589E-003  -1.0168539641831093E-006   6.4165645615937041     
 dijxc
  0.32078830567402261       -2.9671639545551436        24.986444835435080       -1.1438102053498245E-005   8.8687399350890464E-005  -1.1574108681602191E-002  -7.2985874529692631E-008   6.9401361380304651E-007   4.1570674233900794E-008  -1.0876605427828437E-002  -8.8088584469901822E-006   1.8686994209373076E-005  -4.2705885235499086E-005  -3.2784197085937697E-008  -1.1617276437850425E-002   9.5031310147022870E-005  -7.9214078448064319E-004 -0.36242713290266404       -2.2426086639047535E-007   2.5747129028296293E-004   6.4180093194931533        3.5572759209616044E-007  -3.5894843021342633E-006  -2.2426086639047535E-007 -0.36658912987483311        1.7817047223471990E-007   1.2822083394734514E-006   6.4412771477199922        1.7289033934083552E-004  -1.1770271553631713E-003   2.5747129028296293E-004   1.7817047223471990E-007 -0.36217938733429822       -1.4374066440464811E-003  -1.0168819948620812E-006   6.4166142718424179     
 dijxc
  0.32079035574005049       -2.9671837988191823        24.986633570711316       -1.1433288552339055E-005   8.8664056553057732E-005  -1.1574910242200240E-002  -7.3001773234743883E-008   6.9416955989153676E-007   4.1569714097917388E-008  -1.0877257060459777E-002  -8.8589646758083855E-006   1.8952497055096197E-005  -4.2753792530130873E-005  -3.2785235278772298E-008  -1.1618063397354772E-002   9.4965452693060145E-005  -7.9166049126669401E-004 -0.36242202083466440       -2.2425648012403825E-007   2.5775502816171127E-004   6.4179836288959162        3.5580941080953081E-007  -3.5903176870997085E-006  -2.2425648012403825E-007 -0.36658487650448834        1.7817603832498555E-007   1.2821845118320271E-006   6.4412561079904531        1.7355330763199544E-004  -1.1819270302166562E-003   2.5775502816171127E-004   1.7817603832498555E-007 -0.36217436143848319       -1.4389822072498556E-003  -1.0169139573472866E-006   6.4165890699179933     
 dijxc
  0.32079028241251378       -2.9671832703488024        24.986631349787221       -1.1416615981042742E-005   8.8552468964622969E-005  -1.1574738547399731E-002  -7.3011242649367720E-008   6.9425902683833337E-007   4.1572607694082535E-008  -1.0877015355622029E-002  -7.3989822292388104E-006   6.9328578334170333E-006  -4.2440613426969885E-005  -3.2770434061801583E-008  -1.1617850386985241E-002   9.4789765054272256E-005  -7.9029020642282634E-004 -0.36242301155681306       -2.2427211966260602E-007   2.5589388467716365E-004   6.4179886355870845        3.5585651967283245E-007  -3.5907831357007609E-006  -2.2427211966260602E-007 -0.36658628353241957        1.7809111521570631E-007   1.2822740066481688E-006   6.4412634532382977        1.6275060921449078E-004  -1.0890214232574618E-003   2.5589388467716365E-004   1.7809111521570631E-007 -0.36217558927596755       -1.4285673343773153E-003  -1.0164089196784632E-006   6.4165954030945480     
 dijxc
  0.32079232833187105       -2.9672030833767162        24.986819926525293       -1.1411513156693756E-005   8.8530426241838355E-005  -1.1575530183539656E-002  -7.3027231832339202E-008   6.9441589482994811E-007   4.1571871034345821E-008  -1.0877651141893832E-002  -7.4250606860243693E-006   7.0975404829666403E-006  -4.2463178502079488E-005  -3.2769749849560048E-008  -1.1618626071106468E-002   9.4714336917891889E-005  -7.8974740205925301E-004 -0.36241795807033361       -2.2426892226562238E-007   2.5602578315444939E-004   6.4179632478698636        3.5593857937640712E-007  -3.5916194233119049E-006  -2.2426892226562238E-007 -0.36658212378409155        1.7808768520067152E-007   1.2822568783059412E-006   6.4412429128278035        1.6304258038164123E-004  -1.0912526994848910E-003   2.5602578315444939E-004   1.7808768520067152E-007 -0.36217063115736103       -1.4292949109750729E-003  -1.0163897933014743E-006   6.4165705547090113     
 dijxc
  0.32078823693261671       -2.9671634614635081        24.986442812828113       -1.1421715016738168E-005   8.8574485507220740E-005  -1.1573946945075166E-002  -7.2995237879205005E-008   6.9410201987142831E-007   4.1573396348642353E-008  -1.0876379606596064E-002  -7.3729181177200099E-006   6.7682894536849928E-006  -4.2418049472865589E-005  -3.2771080046848660E-008  -1.1617074735040971E-002   9.4865154234640095E-005  -7.9083271031130532E-004 -0.36242806477408157       -2.2427562287732570E-007   2.5576199111721691E-004   6.4180140229093361        3.5577437174095556E-007  -3.5899460072395251E-006  -2.2427562287732570E-007 -0.36659044297811011        1.7809432278391169E-007   1.2822928486928027E-006   6.4412839929663823        1.6245875904544134E-004  -1.0867911401680275E-003   2.5576199111721691E-004   1.7809432278391169E-007 -0.36218054713431364       -1.4278397732655839E-003  -1.0164267953415330E-006   6.4166202511297943     
 dijxc
  0.32079028014746608       -2.9671832469747699        24.986631105599084       -1.1416536227325942E-005   8.8551782361199777E-005  -1.1574738841126642E-002  -7.3011204454543373E-008   6.9425865574125252E-007   4.1572662080417681E-008  -1.0877015654088704E-002  -7.3991592160484195E-006   6.9343941487186257E-006  -4.2440631369578337E-005  -3.2770396170019261E-008  -1.1617850687391386E-002   9.4789231329871616E-005  -7.9028543927960309E-004 -0.36242301067565780       -2.2427243928825451E-007   2.5589398802942497E-004   6.4179886314270931        3.5585632821713989E-007  -3.5907811784948160E-006  -2.2427243928825451E-007 -0.36658628264622378        1.7809089449038662E-007   1.2822757979532987E-006   6.4412634491926575        1.6275176384073024E-004  -1.0890318324978381E-003   2.5589398802942497E-004   1.7809089449038662E-007 -0.36217558835682534       -1.4285679283782267E-003  -1.0164076827433936E-006   6.4165953987162698     
 dijxc
  0.32079035808270995       -2.9671838227729062        24.986633815801277       -1.1433436490926984E-005   8.8665391094617092E-005  -1.1574910278678727E-002  -7.3001754330487919E-008   6.9416938278494369E-007   4.1569732407246104E-008  -1.0877257091436776E-002  -8.8563899112157714E-006   1.8927611461702659E-005  -4.2753686122290672E-005  -3.2785346579919463E-008  -1.1618063684748700E-002   9.4966330000304520E-005  -7.9166876985983618E-004 -0.36242201996029455       -2.2425657812516892E-007   2.5775442067808521E-004   6.4179836240882668        3.5580931997130520E-007  -3.5903168182176294E-006  -2.2425657812516892E-007 -0.36658487561267011        1.7817663676750754E-007   1.2821850663943614E-006   6.4412561029383317        1.7354157890167441E-004  -1.1818049954062735E-003   2.5775442067808521E-004   1.7817663676750754E-007 -0.36217435920159446       -1.4389787726421040E-003  -1.0169172817566046E-006   6.4165890572892783     
 dijxc
  0.32079241085758059       -2.9672036966238209        24.986822887907735       -1.1428324026228146E-005   8.8639075135436585E-005  -1.1575709958439213E-002  -7.3017972158937663E-008   6.9432837407454067E-007   4.1568726565854701E-008  -1.0877906842822443E-002  -8.8918853742043205E-006   1.9062312026611690E-005  -4.2801738183886697E-005  -3.2786189872610375E-008  -1.1618847755349375E-002   9.4899251595506433E-005  -7.9117513073424285E-004 -0.36241691715908131       -2.2425195330443545E-007   2.5803919820146181E-004   6.4179579797983060        3.5589275078249503E-007  -3.5911661926193405E-006  -2.2425195330443545E-007 -0.36658063155207676        1.7818101190120305E-007   1.2821599076443957E-006   6.4412351095560929        1.7411739351194400E-004  -1.1859018480456665E-003   2.5803919820146181E-004   1.7818101190120305E-007 -0.36216934788938193       -1.4405598435922300E-003  -1.0169422570387058E-006   6.4165639320541921     
 dijxc
  0.32078832290799142       -2.9671641092960641        24.986446125042821       -1.1438125483073579E-005   8.8679238406588398E-005  -1.1574127168718890E-002  -7.2986296291008960E-008   6.9401756261540513E-007   4.1570178797584545E-008  -1.0876635467701026E-002  -8.8345637153015809E-006   1.8690046408346376E-005  -4.2757095939902477E-005  -3.2787180435052955E-008  -1.1617295602134363E-002   9.5048244062495449E-005  -7.9224114968540996E-004 -0.36242701969601210       -2.2425826734143055E-007   2.5777839035712408E-004   6.4180087328386142        3.5573011832847877E-007  -3.5895085208983713E-006  -2.2425826734143055E-007 -0.36658894837287304        1.7818572869349398E-007   1.2821937081725059E-006   6.4412761774204483        1.7349559050480802E-004  -1.1811183817903477E-003   2.5777839035712408E-004   1.7818572869349398E-007 -0.36217926650030818       -1.4391213904223171E-003  -1.0169683547603897E-006   6.4166136453999014     
 dijxc
  0.32079037274761668       -2.9671839543071004        24.986634922936560       -1.1432746722175348E-005   8.8650234703385755E-005  -1.1574925544593655E-002  -7.3002847226503515E-008   6.9417973396064518E-007   4.1569108675403440E-008  -1.0877283871870189E-002  -8.8682269298089120E-006   1.8813926951618908E-005  -4.2806231897662731E-005  -3.2787725921225771E-008  -1.1618077113142687E-002   9.4980096017208658E-005  -7.9173511912205272E-004 -0.36242192468679552       -2.2425329889430004E-007   2.5806935917235287E-004   6.4179831290152860        3.5581520975970751E-007  -3.5903743304295806E-006  -2.2425329889430004E-007 -0.36658471252606722        1.7818846263022032E-007   1.2821666093438669E-006   6.4412552271047918        1.7404945083039958E-004  -1.1850584965386287E-003   2.5806935917235287E-004   1.7818846263022032E-007 -0.36217426994095209       -1.4407373188709991E-003  -1.0169840782668486E-006   6.4165886002828820     
 dijxc
  0.32079028243978253       -2.9671832705405472        24.986631351711040       -1.1416617661555671E-005   8.8552483658444324E-005  -1.1574738535414145E-002  -7.3011226518542814E-008   6.9425887799444016E-007   4.1572662214506147E-008  -1.0877015346229570E-002  -7.3989795224255771E-006   6.9328355178537634E-006  -4.2440612456985186E-005  -3.2770395231958767E-008  -1.1617850375819819E-002   9.4789775821643423E-005  -7.9029030474070839E-004 -0.36242301157257523       -2.2427244037065886E-007   2.5589387907455369E-004   6.4179886356515743        3.5585643156596739E-007  -3.5907822710102683E-006  -2.2427244037065886E-007 -0.36658628353396006        1.7809088907354670E-007   1.2822758047380423E-006   6.4412634532203317        1.6275058923652985E-004  -1.0890212492784587E-003   2.5589387907455369E-004   1.7809088907354670E-007 -0.36217558928726351       -1.4285673027387836E-003  -1.0164076491552279E-006   6.4165954031336385     
 dijxc
  0.32079232834641674       -2.9672030834847942        24.986819927586520       -1.1411514362308859E-005   8.8530436384715670E-005  -1.1575530177192019E-002  -7.3027221497523850E-008   6.9441579700213409E-007   4.1571929854223897E-008  -1.0877651138111261E-002  -7.4250589519108248E-006   7.0975273585155972E-006  -4.2463177510443088E-005  -3.2769709336935001E-008  -1.1618626065703588E-002   9.4714345431104132E-005  -7.8974747742146644E-004 -0.36241795808282262       -2.2426926836241911E-007   2.5602577741606279E-004   6.4179632479312270        3.5593852766542940E-007  -3.5916188932160860E-006  -2.2426926836241911E-007 -0.36658212378243865        1.7808744882921390E-007   1.2822588185997543E-006   6.4412429128076791        1.6304256524453690E-004  -1.0912525739365368E-003   2.5602577741606279E-004   1.7808744882921390E-007 -0.36217063116465142       -1.4292948786144735E-003  -1.0163884658680657E-006   6.4165705547408489     
 dijxc
  0.32078823694091851       -2.9671634615594482        24.986442813921851       -1.1421716205368595E-005   8.8574495472375716E-005  -1.1573946943543197E-002  -7.2995228051141817E-008   6.9410192638286403E-007   4.1573455449453834E-008  -1.0876379607532974E-002  -7.3729163004160749E-006   6.7682754705078278E-006  -4.2418048470671934E-005  -3.2771039602509774E-008  -1.1617074734448132E-002   9.4865162698275419E-005  -7.9083278497449946E-004 -0.36242806478382944       -2.2427597046672996E-007   2.5576198532579792E-004   6.4180140229755480        3.5577432352910440E-007  -3.5899455089678449E-006  -2.2427597046672996E-007 -0.36659044297415055        1.7809408675197616E-007   1.2822947975648719E-006   6.4412839929537586        1.6245874361962815E-004  -1.0867910113574145E-003   2.5576198532579792E-004   1.7809408675197616E-007 -0.36218054713886355       -1.4278397405999175E-003  -1.0164254698545111E-006   6.4166202511665134     
 dijxc
  0.32079028015499900       -2.9671832470385087        24.986631106244360       -1.1416536996159833E-005   8.8551788301981417E-005  -1.1574738837450520E-002  -7.3011200448199069E-008   6.9425861312978850E-007   4.1572725908053981E-008  -1.0877015652754729E-002  -7.3991581706149789E-006   6.9343873701557801E-006  -4.2440630332363528E-005  -3.2770353958542365E-008  -1.1617850684762530E-002   9.4789237804511383E-005  -7.9028549363022681E-004 -0.36242301068952221       -2.2427281447068766E-007   2.5589398203858688E-004   6.4179886315151116        3.5585631734323500E-007  -3.5907810217259962E-006  -2.2427281447068766E-007 -0.36658628264696780        1.7809064771077596E-007   1.2822779017422935E-006   6.4412634492057403        1.6275175242319166E-004  -1.0890317432052207E-003   2.5589398203858688E-004   1.7809064771077596E-007 -0.36217558836483910       -1.4285678946155144E-003  -1.0164062974410615E-006   6.4165953987711326     
 dijxc
  0.32079037512628666       -2.9671839789319852        24.986635180201848       -1.1432805946536483E-005   8.8650747322233597E-005  -1.1574925321742674E-002  -7.3002859438985783E-008   6.9417985598603861E-007   4.1569111685810204E-008  -1.0877283645697566E-002  -8.8659510318257845E-006   1.8792660263828670E-005  -4.2806074277693530E-005  -3.2787745258331189E-008  -1.1618076963904760E-002   9.4980497345192009E-005  -7.9173880027768803E-004 -0.36242192514724364       -2.2425331610781625E-007   2.5806849214247637E-004   6.4179831305488761        3.5581527045455437E-007  -3.5903749750022945E-006  -2.2425331610781625E-007 -0.36658471296911427        1.7818855083455408E-007   1.2821667086891478E-006   6.4412552284001512        1.7403762833772678E-004  -1.1849420740241560E-003   2.5806849214247637E-004   1.7818855083455408E-007 -0.36217426995029339       -1.4407323814927984E-003  -1.0169845258598890E-006   6.4165885992684348     
 dijxc
  0.32079242745487313       -2.9672038510544243        24.986824286130343       -1.1427220356113448E-005   8.8619571760178956E-005  -1.1575721824234560E-002  -7.3019775644451392E-008   6.9434552588865301E-007   4.1567978612370124E-008  -1.0877930150452825E-002  -8.8918208946162765E-006   1.8850288689752710E-005  -4.2855837795849293E-005  -3.2788002676229253E-008  -1.1618855486983638E-002   9.4911698256321619E-005  -7.9122438750341346E-004 -0.36241683951450038       -2.2424801381487381E-007   2.5836314762969721E-004   6.4179575748072217        3.5590218747210466E-007  -3.5912589461803471E-006  -2.2424801381487381E-007 -0.36658048671164761        1.7818964465939055E-007   1.2821377288973916E-006   6.4412343271497878        1.7453804467788977E-004  -1.1884172301781769E-003   2.5836314762969721E-004   1.7818964465939055E-007 -0.36216928879229365       -1.4423688675885983E-003  -1.0169908671194543E-006   6.4165636366415280     
 dijxc
  0.32078833983357691       -2.9671642653950427        24.986447515057954       -1.1437344085153910E-005   8.8662675652010332E-005  -1.1574140191056612E-002  -7.2988066062387781E-008   6.9403439366180259E-007   4.1569451124761972E-008  -1.0876659839536250E-002  -8.8388007383595950E-006   1.8516660004162349E-005  -4.2811776301854404E-005  -3.2789162277469354E-008  -1.1617304997674618E-002   9.5062491509494785E-005  -7.9230737787854423E-004 -0.36242693577238855       -2.2425443099087004E-007   2.5810548099751754E-004   6.4180082978469546        3.5573938520250776E-007  -3.5895995977845685E-006  -2.2425443099087004E-007 -0.36658879774861558        1.7819535629269148E-007   1.2821720940475827E-006   6.4412753677296308        1.7394167140095016E-004  -1.1838711338037985E-003   2.5810548099751754E-004   1.7819535629269148E-007 -0.36217919857132180       -1.4409483615243335E-003  -1.0170226638409041E-006   6.4166133052479051     
 dijxc
  0.32079038916260394       -2.9671841055113748        24.986636275870652       -1.1432062929721445E-005   8.8634072447694496E-005  -1.1574937230165554E-002  -7.3005217953288629E-008   6.9420229444454853E-007   4.1568295314941703E-008  -1.0877306719696521E-002  -8.8653226098357189E-006   1.8583616712000201E-005  -4.2863331540150991E-005  -3.2789473063747936E-008  -1.1618084078635557E-002   9.4995734217694910E-005  -7.9181049297146052E-004 -0.36242184817054668       -2.2424899834939281E-007   2.5841011254853114E-004   6.4179827351048537        3.5582749018486550E-007  -3.5904952441247560E-006  -2.2424899834939281E-007 -0.36658457049773163        1.7819681731589632E-007   1.2821423443615974E-006   6.4412544651889299        1.7443911512582080E-004  -1.1873500294332473E-003   2.5841011254853114E-004   1.7819681731589632E-007 -0.36217421567017316       -1.4426413623979404E-003  -1.0170311091314416E-006   6.4165883366347112     
 dijxc
  0.32079028242407925       -2.9671832705407750        24.986631352096872       -1.1416618406299117E-005   8.8552489368908340E-005  -1.1574738548259064E-002  -7.3011222680858956E-008   6.9425883694640223E-007   4.1572725980987601E-008  -1.0877015361419502E-002  -7.3989785256383263E-006   6.9328292046151759E-006  -4.2440611422844016E-005  -3.2770353068878964E-008  -1.1617850389715023E-002   9.4789782181262715E-005  -7.9029035792160481E-004 -0.36242301157873380       -2.2427281524464670E-007   2.5589387309940688E-004   6.4179886357460889        3.5585642159089585E-007  -3.5907821229548197E-006  -2.2427281524464670E-007 -0.36658628352697764        1.7809064257084679E-007   1.2822779067373213E-006   6.4412634532398201        1.6275057805130227E-004  -1.0890211623548914E-003   2.5589387309940688E-004   1.7809064257084679E-007 -0.36217558928755178       -1.4285672690684413E-003  -1.0164062654179751E-006   6.4165954031948909     
 dijxc
  0.32079232834774574       -2.9672030835225316        24.986819927912517       -1.1411514670738727E-005   8.8530437909027583E-005  -1.1575530174327706E-002  -7.3027224007197359E-008   6.9441581133709428E-007   4.1571998592807796E-008  -1.0877651137381608E-002  -7.4250586562103067E-006   7.0975275068010067E-006  -4.2463176434773045E-005  -3.2769665476686622E-008  -1.1618626063989369E-002   9.4714349733029674E-005  -7.8974750949702588E-004 -0.36241795811403577       -2.2426967211668510E-007   2.5602577121200713E-004   6.4179632481103432        3.5593855862845293E-007  -3.5916191193955323E-006  -2.2426967211668510E-007 -0.36658212380149763        1.7808719194265868E-007   1.2822610829015385E-006   6.4412429129181525        1.6304255785388349E-004  -1.0912525239705254E-003   2.5602577121200713E-004   1.7808719194265868E-007 -0.36217063118936288       -1.4292948436804768E-003  -1.0163870243956225E-006   6.4165705548831866     
 dijxc
  0.32078823694124980       -2.9671634615931048        24.986442814264858       -1.1421716569399701E-005   8.8574497537361539E-005  -1.1573946941921959E-002  -7.2995230479970823E-008   6.9410193960995880E-007   4.1573524548311180E-008  -1.0876379607975037E-002  -7.3729158418335485E-006   6.7682740210938069E-006  -4.2418047386692822E-005  -3.2770995634515932E-008  -1.1617074733961487E-002   9.4865167248487473E-005  -7.9083281962077836E-004 -0.36242806481032008       -2.2427637607809371E-007   2.5576197908760680E-004   6.4180140231377774        3.5577435476776854E-007  -3.5899457357850637E-006  -2.2427637607809371E-007 -0.36659044298890975        1.7809382922965056E-007   1.2822970726051423E-006   6.4412839930497316        1.6245873556026334E-004  -1.0867909542014058E-003   2.5576197908760680E-004   1.7809382922965056E-007 -0.36218054715893722       -1.4278397054584926E-003  -1.0164240247792578E-006   6.4166202512924482     
 dijxc
  0.32079028015844402       -2.9671832470014001        24.986631105771650       -1.1416537042962446E-005   8.8551787362191328E-005  -1.1574738830781230E-002  -7.3011208622606437E-008   6.9425867582629862E-007   4.1572800342097999E-008  -1.0877015647914330E-002  -7.3991582017536227E-006   6.9343903421980972E-006  -4.2440629205320042E-005  -3.2770308026103743E-008  -1.1617850679300178E-002   9.4789240780655034E-005  -7.9028551246677285E-004 -0.36242301069956639       -2.2427325077105522E-007   2.5589397557959919E-004   6.4179886316225048        3.5585638688894756E-007  -3.5907815954385613E-006  -2.2427325077105522E-007 -0.36658628264656556        1.7809037831280757E-007   1.2822803496031342E-006   6.4412634492547252        1.6275174725896078E-004  -1.0890317133729658E-003   2.5589397557959919E-004   1.7809037831280757E-007 -0.36217558836801844       -1.4285678582344309E-003  -1.0164047861543812E-006   6.4165953988397266     
 dijxc
  0.32079039151843258       -2.9671841303927917        24.986636542468368       -1.1432032059605531E-005   8.8633747385289402E-005  -1.1574936670317074E-002  -7.3005255719111235E-008   6.9420266659439922E-007   4.1568286808062864E-008  -1.0877306172398453E-002  -8.8638757169315443E-006   1.8570849387613392E-005  -4.2863129619591671E-005  -3.2789403475608003E-008  -1.1618083334888819E-002   9.4995654394366936E-005  -7.9180946695650112E-004 -0.36242185046297720       -2.2424895502474970E-007   2.5840902091903183E-004   6.4179827457104395        3.5582767218626329E-007  -3.5904971163969737E-006  -2.2424895502474970E-007 -0.36658457270815065        1.7819641343854594E-007   1.2821421059221554E-006   6.4412544751915721        1.7443010122373577E-004  -1.1872674469015597E-003   2.5840902091903183E-004   1.7819641343854594E-007 -0.36217421889123230       -1.4426351221992302E-003  -1.0170288010378322E-006   6.4165883526075298     
