 spinat   0.0000000000000000        0.0000000000000000        0.0000000000000000        0.0000000000000000        0.0000000000000000        0.0000000000000000        28.000000000000000        0.0000000000000000        0.0000000000000000        0.0000000000000000        26.000000000000000        0.0000000000000000        0.0000000000000000        0.0000000000000000        16.000000000000000        0.0000000000000000        0.0000000000000000        0.0000000000000000        0.0000000000000000        1.1999999999999997        0.0000000000000000        0.0000000000000000        4.6562347837175983E-310                       NaN   2.6531325181674939E-321   4.9406564584124654E-324   4.9406564584124654E-324   1.4826910031695809E-320   0.0000000000000000        0.0000000000000000        4.6562347825310502E-310                       NaN   2.6531325181674939E-321   4.9406564584124654E-324   4.9406564584124654E-324   1.4826910031695809E-320   3.6073928449868089E-313   0.0000000000000000        4.6562347600056093E-310                       NaN   1.0424044028781540E-318   4.9406564584124654E-324   4.9406564584124654E-324   9.8813129168249309E-324   0.0000000000000000        0.0000000000000000        4.6562347603320879E-310                       NaN   1.6968684606417613E-319   4.9406564584124654E-324   4.9406564584124654E-324   8.8931816251424378E-323   0.0000000000000000        0.0000000000000000     
 pawrhoij%rhoijp   1.8005708735101404        7.9916600478502596E-003   4.1851164059439465E-005 -0.35710297696842574       -1.7670931690736960E-003   7.6344433157049654E-002   1.4880037380705397E-003   8.4697191141304406E-006  -2.9028556023247553E-004   1.6078871071046410E-002  -1.0704771583457357E-002  -5.1706263056808896E-005   2.1347205161770435E-003  -5.9495591948029031E-006   1.2018141348197092E-002
 pawrhoij%rhoijp   1.8005708735101404        7.9916600478502596E-003   4.1851164059439465E-005 -0.35710297696842574       -1.7670931690736960E-003   7.6344433157049654E-002   1.4880037380705397E-003   8.4697191141304406E-006  -2.9028556023247553E-004   1.6078871071046410E-002  -1.0704771583457357E-002  -5.1706263056808896E-005   2.1347205161770435E-003  -5.9495591948029031E-006   1.2018141348197092E-002
 pawrhoij%rhoijp   1.8007806654002101        7.9928157443844832E-003   4.1858581508979314E-005 -0.35715089217155699       -1.7673854978561101E-003   7.6356174345408243E-002   1.4881747463078010E-003   8.4707299027981586E-006  -2.9032421937100076E-004   1.6079532777971719E-002  -1.0706001052257774E-002  -5.1713527888254821E-005   2.1349865526192713E-003  -5.9503419922074683E-006   1.2019579217988553E-002
 pawrhoij%rhoijp   1.8003611141166629        7.9905045754884683E-003   4.1843748307491708E-005 -0.35705507025620475       -1.7668009030539008E-003   7.6332694307533075E-002   1.4878327572995253E-003   8.4687085107219572E-006  -2.9024690812635198E-004   1.6078209396087891E-002  -1.0703542308760521E-002  -5.1698999742172841E-005   2.1344545281096038E-003  -5.9487765233804340E-006   1.2016703697467032E-002
 pawrhoij%rhoijp   1.8005707994970108        7.9916450195368430E-003   4.1851036949318039E-005 -0.35710297202822683       -1.7670903239024819E-003   7.6344435364050958E-002   1.4880039431431334E-003   8.4697081135322218E-006  -2.9028560688415159E-004   1.6078871940646611E-002  -1.0704786688794356E-002  -5.1706246943406888E-005   2.1347237107217413E-003  -5.9495730933421643E-006   1.2018141856434298E-002
 pawrhoij%rhoijp   1.8005706680893112        7.9916477491633591E-003   4.1851070792131912E-005 -0.35710293068734894       -1.7670907337552198E-003   7.6344422257195788E-002   1.4880036406556961E-003   8.4697089908975205E-006  -2.9028553660970398E-004   1.6078868669186661E-002  -1.0704781832551535E-002  -5.1706586970846950E-005   2.1347220566224020E-003  -5.9495148602485699E-006   1.2018362478393774E-002
 pawrhoij%rhoijp   1.8007818835986158        7.9930326964083639E-003   4.1860525651837564E-005 -0.35715043783141542       -1.7674259441643259E-003   7.6355937931031875E-002   1.4881528291846291E-003   8.4708039345121114E-006  -2.9031936856847325E-004   1.6079541742290961E-002  -1.0698350111324965E-002  -5.1677554781068741E-005   2.1332073750424214E-003  -5.9438142739502254E-006   1.2019657590387841E-002
 pawrhoij%rhoijp   1.8003623258295003        7.9907207556401075E-003   4.1845684390551159E-005 -0.35705461801128874       -1.7668411958822940E-003   7.6332459022645849E-002   1.4878109221939497E-003   8.4687823615064706E-006  -2.9024207750109145E-004   1.6078218378805020E-002  -1.0696004848262601E-002  -5.1663514076324190E-005   2.1326989172002408E-003  -5.9423446691808525E-006   1.2016791190934871E-002
 pawrhoij%rhoijp   1.8005729601401681        7.9920333914484647E-003   4.1854495686912390E-005 -0.35710232525580704       -1.7671632183573714E-003   7.6344073741645188E-002   1.4879670509300141E-003   8.4698513669566034E-006  -2.9027753995847596E-004   1.6078895648131086E-002  -1.0699524664582075E-002  -5.1675872051676106E-005   2.1331080067824872E-003  -5.9448859409079328E-006   1.2018228842023894E-002
 pawrhoij%rhoijp   1.8005708734351302        7.9916600705364702E-003   4.1851164269979058E-005 -0.35710297691980697       -1.7670931734792836E-003   7.6344433137678205E-002   1.4880037403672657E-003   8.4697191367410839E-006  -2.9028556063396302E-004   1.6078871070210086E-002  -1.0704771567311176E-002  -5.1706263129036649E-005   2.1347205124695842E-003  -5.9495591754941984E-006   1.2018141346518208E-002
 pawrhoij%rhoijp   1.8007806665338266        7.9928163443088018E-003   4.1858586700947710E-005 -0.35715089146150719       -1.7673856100254492E-003   7.6356173959859816E-002   1.4881747356031922E-003   8.4707303266473756E-006  -2.9032421654190356E-004   1.6079532772630654E-002  -1.0706000352199388E-002  -5.1713528406040011E-005   2.1349864082535947E-003  -5.9503413021461239E-006   1.2019579187457176E-002
 pawrhoij%rhoijp   1.8003611152355232        7.9905051698195024E-003   4.1843753446906332E-005 -0.35705506955180288       -1.7668010141194187E-003   7.6332693925465683E-002   1.4878327466969728E-003   8.4687089305614540E-006  -2.9024690531578634E-004   1.6078209390509302E-002  -1.0703541614687413E-002  -5.1699000254052544E-005   2.1344543850319460E-003  -5.9487758434472718E-006   1.2016703667011353E-002
 pawrhoij%rhoijp   1.8005708012256549        7.9916460120733890E-003   4.1851045520630054E-005 -0.35710297098739507       -1.7670905099222518E-003   7.6344434786253010E-002   1.4880039255310892E-003   8.4697088181866962E-006  -2.9028560231386484E-004   1.6078871930568301E-002  -1.0704785491615134E-002  -5.1706247656665462E-005   2.1347234656358938E-003  -5.9495719464751392E-006   1.2018141807172939E-002
 pawrhoij%rhoijp   1.8005731869856043        7.9920667909636200E-003   4.1854787816491842E-005 -0.35710226032388054       -1.7671693604238573E-003   7.6344039233326291E-002   1.4879646557798530E-003   8.4698670944632316E-006  -2.9027697854104053E-004   1.6078893667985747E-002  -1.0696283430712789E-002  -5.1662457786825985E-005   2.1324824131055582E-003  -5.9422012579727930E-006   1.2018183703964760E-002
 pawrhoij%rhoijp   1.8007839386226281        7.9933942445164895E-003   4.1863720064823904E-005 -0.35714997568459989       -1.7674941301456049E-003   7.6355652014857583E-002   1.4881205156353368E-003   8.4709467477911397E-006  -2.9031238255877555E-004   1.6079569927038528E-002  -1.0699661191498304E-002  -5.1674331616607926E-005   2.1328699799154915E-003  -5.9446283597529198E-006   1.2019625494863474E-002
 pawrhoij%rhoijp   1.8003639381479601        7.9910314003689194E-003   4.1848422083425052E-005 -0.35705432634160428       -1.7669001691681750E-003   7.6332254330159596E-002   1.4877843329472015E-003   8.4689107140228013E-006  -2.9023643490653942E-004   1.6078249101009700E-002  -1.0705853038993265E-002  -5.1695574124684215E-005   2.1340083603224045E-003  -5.9502326438737655E-006   1.2016871895590706E-002
 pawrhoij%rhoijp   1.8005738218468694        7.9922488329613114E-003   4.1856373225057454E-005 -0.35710232927989088       -1.7672047613991847E-003   7.6344010133039722E-002   1.4879505203724474E-003   8.4699501098315623E-006  -2.9027425917764715E-004   1.6078930507513040E-002  -1.0724403007113806E-002  -5.1769780773371282E-005   2.1373252891261785E-003  -5.9652469138631218E-006   1.2018519544600953E-002
 pawrhoij%rhoijp   1.8005708753461516        7.9916611166921375E-003   4.1851173302411460E-005 -0.35710297574248429       -1.7670933690901154E-003   7.6344432492142858E-002   1.4880037208123116E-003   8.4697198756187980E-006  -2.9028555556261158E-004   1.6078871059333276E-002  -1.0704770319672910E-002  -5.1706263938901187E-005   2.1347202563321882E-003  -5.9495579702771047E-006   1.2018141292608990E-002
 pawrhoij%rhoijp   1.8007806690458612        7.9928177816079079E-003   4.1858599091856661E-005 -0.35715088989745086       -1.7673858788177185E-003   7.6356173098792460E-002   1.4881747089426920E-003   8.4707313444062390E-006  -2.9032420965304233E-004   1.6079532756163493E-002  -1.0705998617834545E-002  -5.1713529458964604E-005   2.1349860532142435E-003  -5.9503396460251252E-006   1.2019579112749075E-002
 pawrhoij%rhoijp   1.8003611172269482        7.9905064481704154E-003   4.1843764462807597E-005 -0.35705506823251859       -1.7668012535721641E-003   7.6332693196723145E-002   1.4878327251648528E-003   8.4687098441532372E-006  -2.9024689966325554E-004   1.6078209373687202E-002  -1.0703540049910618E-002  -5.1699001130628097E-005   2.1344540657691514E-003  -5.9487743730857145E-006   1.2016703599930000E-002
 pawrhoij%rhoijp   1.8005708029234224        7.9916474034261997E-003   4.1851057488681502E-005 -0.35710296967981903       -1.7670907710640219E-003   7.6344434060837824E-002   1.4880039056837440E-003   8.4697098277609750E-006  -2.9028559695946194E-004   1.6078871908016136E-002  -1.0704783750726277E-002  -5.1706248523744542E-005   2.1347231125807744E-003  -5.9495703552061770E-006   1.2018141732495735E-002
 pawrhoij%rhoijp   1.8005740424223016        7.9922816231593197E-003   4.1856659205426831E-005 -0.35710226867409678       -1.7672107939004228E-003   7.6343977564725288E-002   1.4879482451295859E-003   8.4699659155844446E-006  -2.9027372692877934E-004   1.6078928609764148E-002  -1.0721325865786224E-002  -5.1757114509019772E-005   2.1367327056283475E-003  -5.9626973578948981E-006   1.2018478709327146E-002
 pawrhoij%rhoijp   1.8007836963354438        7.9934701086342812E-003   4.1864337816097210E-005 -0.35715040989129510       -1.7675101193298463E-003   7.6355793958995097E-002   1.4881186928991750E-003   8.4710018785705742E-006  -2.9031255326051854E-004   1.6079610821371014E-002  -1.0746518420164804E-002  -5.1858600919908964E-005   2.1413376577555984E-003  -5.9832302814930755E-006   1.2020221381390840E-002
 pawrhoij%rhoijp   1.8003635131921378        7.9910844468024864E-003   4.1848840402137763E-005 -0.35705477150178005       -1.7669118212978779E-003   7.6332406712582235E-002   1.4877838343147244E-003   8.4689540956080042E-006  -2.9023690433940255E-004   1.6078289634320831E-002  -1.0755017986784798E-002  -5.1888248919737133E-005   2.1429134242392689E-003  -5.9907783589748840E-006   1.2017492765867558E-002
 pawrhoij%rhoijp   1.8005724790124860        7.9921767994650238E-003   4.1855671880429810E-005 -0.35710301794321941       -1.7671930170215979E-003   7.6344289248962652E-002   1.4879604420700834E-003   8.4699427055111380E-006  -2.9027714595912090E-004   1.6078973267815520E-002  -1.0789749217425759E-002  -5.2026429596711740E-005   2.1493465525818179E-003  -6.0193006219379761E-006   1.2019357806600508E-002
 pawrhoij%rhoijp   1.8005708772340381        7.9916625637834523E-003   4.1851185749271578E-005 -0.35710297436362981       -1.7670936405450265E-003   7.6344431726546008E-002   1.4880036991599811E-003   8.4697209217008354E-006  -2.9028554978288278E-004   1.6078871037264960E-002  -1.0704768518753570E-002  -5.1706264861759514E-005   2.1347198907399802E-003  -5.9495563147917093E-006   1.2018141215968619E-002
 pawrhoij%rhoijp   1.8007806702628730        7.9928192161680331E-003   4.1858611393694710E-005 -0.35715088872113987       -1.7673861486201794E-003   7.6356172440095058E-002   1.4881746928018819E-003   8.4707324033778004E-006  -2.9032420510721735E-004   1.6079532729033660E-002  -1.0705996785528173E-002  -5.1713530272049399E-005   2.1349856842893082E-003  -5.9503380229909054E-006   1.2019579035559984E-002
 pawrhoij%rhoijp   1.8003611178232892        7.9905076773241629E-003   4.1843774993789167E-005 -0.35705506731065384       -1.7668014852131940E-003   7.6332692681137695E-002   1.4878327151682299E-003   8.4687107664047854E-006  -2.9024689657767801E-004   1.6078209347093170E-002  -1.0703538463473765E-002  -5.1699001811213744E-005   2.1344537476754013E-003  -5.9487730037949084E-006   1.2016703532452256E-002
 pawrhoij%rhoijp   1.8005708023849056        7.9916484352423184E-003   4.1851066281216575E-005 -0.35710296914225181       -1.7670909664544237E-003   7.6344433759027747E-002   1.4880039060251548E-003   8.4697106369876332E-006  -2.9028559625379860E-004   1.6078871879375324E-002  -1.0704782393160439E-002  -5.1706249104905048E-005   2.1347228439797528E-003  -5.9495692687166302E-006   1.2018141675208868E-002
 pawrhoij%rhoijp   1.8005726031665381        7.9921993124443483E-003   4.1855863694009268E-005 -0.35710301884409690       -1.7671972773711817E-003   7.6344283801371177E-002   1.4879598459195122E-003   8.4699577981807499E-006  -2.9027701201523616E-004   1.6078972523097017E-002  -1.0789026137585204E-002  -5.2023945515391493E-005   2.1492107922184383E-003  -6.0186889454282096E-006   1.2019350189711992E-002
 pawrhoij%rhoijp   1.8007812063469255        7.9932432984529192E-003   4.1862253257346159E-005 -0.35715142036748188       -1.7674695332003773E-003   7.6356237712471256E-002   1.4881419702149443E-003   8.4709333946012887E-006  -2.9031853532741886E-004   1.6079656968772442E-002  -1.0832383242944887E-002  -5.2196590595411612E-005   2.1573052557268078E-003  -6.0544032669700329E-006   1.2021333291522416E-002
 pawrhoij%rhoijp   1.8003611934670674        7.9908751620352009E-003   4.1846921204297725E-005 -0.35705561157200422       -1.7668740365468453E-003   7.6332778337253521E-002   1.4878031927255289E-003   8.4688824425200087E-006  -2.9024194196665756E-004   1.6078332547910201E-002  -1.0835418558469711E-002  -5.2201846641757519E-005   2.1578158829924378E-003  -6.0574807586768123E-006   1.2018524704528589E-002
 pawrhoij%rhoijp   1.8005696372467501        7.9918804259545718E-003   4.1852986906491173E-005 -0.35710381243103118       -1.7671381543427711E-003   7.6344661097762487E-002   1.4879832363051857E-003   8.4698195650408172E-006  -2.9028291054064819E-004   1.6079013496389141E-002  -1.0876035367990913E-002  -5.2358622351575462E-005   2.1653582913775619E-003  -6.0910778526014465E-006   1.2020460863931550E-002
 pawrhoij%rhoijp   1.8005708767239619        7.9916636101159885E-003   4.1851194663845525E-005 -0.35710297382841333       -1.7670938386973669E-003   7.6344431423866946E-002   1.4880036992158136E-003   8.4697217412606451E-006  -2.9028554901816116E-004   1.6078871008327333E-002  -1.0704767135695507E-002  -5.1706265423837514E-005   2.1347196171849648E-003  -5.9495552061205422E-006   1.2018141158125949E-002
 pawrhoij%rhoijp   1.8007806681481160        7.9928198976724815E-003   4.1858617118719900E-005 -0.35715088876974416       -1.7673862792573526E-003   7.6356172464158240E-002   1.4881747079818373E-003   8.4707329975182328E-006  -2.9032420786350441E-004   1.6079532699126903E-002  -1.0705995840551579E-002  -5.1713530656621256E-005   2.1349855033942385E-003  -5.9503374090080664E-006   1.2019578996566424E-002
 pawrhoij%rhoijp   1.8003611154902159        7.9905082483318676E-003   4.1843779775450413E-005 -0.35705506744518212       -1.7668015951538924E-003   7.6332692757618351E-002   1.4878327328475358E-003   8.4687112835349016E-006  -2.9024689992135117E-004   1.6078209320579500E-002  -1.0703537694979484E-002  -5.1699002259277740E-005   2.1344536019582659E-003  -5.9487725521896228E-006   1.2016703501400662E-002
 pawrhoij%rhoijp   1.8005707987746062        7.9916486600019772E-003   4.1851068043264107E-005 -0.35710296964945187       -1.7670910114280900E-003   7.6344434062170910E-002   1.4880039362756335E-003   8.4697109322072366E-006  -2.9028560244165336E-004   1.6078871856266493E-002  -1.0704782131314396E-002  -5.1706249682718839E-005   2.1347228020237624E-003  -5.9495693398662424E-006   1.2018141664069570E-002
 pawrhoij%rhoijp   1.8005696350570950        7.9918886365951021E-003   4.1853049812582899E-005 -0.35710388056099490       -1.7671399014411971E-003   7.6344686034268500E-002   1.4879845534399778E-003   8.4698318082142891E-006  -2.9028322966894354E-004   1.6079013845514578E-002  -1.0878130448558116E-002  -5.2368031978169872E-005   2.1657662928024099E-003  -6.0927914950015641E-006   1.2020491363390935E-002
 pawrhoij%rhoijp   1.8007778751581698        7.9928606915137309E-003   4.1858817753533337E-005 -0.35715211979755451       -1.7673976303455036E-003   7.6356588858082372E-002   1.4881673037753474E-003   8.4707554045215536E-006  -2.9032479562434051E-004   1.6079693634836297E-002  -1.0923186959800883E-002  -5.2540666294549680E-005   2.1741488490930553E-003  -6.1301548660865496E-006   1.2022484704858666E-002
 pawrhoij%rhoijp   1.8003582574389694        7.9905401170017286E-003   4.1843915369223514E-005 -0.35705609295826590       -1.7668105229556306E-003   7.6333030959747028E-002   1.4878225652974017E-003   8.4687156530040436E-006  -2.9024677969182421E-004   1.6078366014758576E-002  -1.0917023614783061E-002  -5.2507319243314947E-005   2.1728838718971140E-003  -6.1256472809672742E-006   1.2019549063581046E-002
 pawrhoij%rhoijp   1.8005668789523155        7.9915415640185294E-003   4.1849966540807485E-005 -0.35710396098731007       -1.7670726104264919E-003   7.6344777175742271E-002   1.4879974141477905E-003   8.4696281544646599E-006  -2.9028640936282544E-004   1.6079041011011926E-002  -1.0949243013203944E-002  -5.2623904455280033E-005   2.1787768024580634E-003  -6.1525187616060272E-006   1.2021361297628536E-002
 pawrhoij%rhoijp   1.8005708729622114        7.9916638005325044E-003   4.1851196127531563E-005 -0.35710297441705247       -1.7670938774707271E-003   7.6344431768813184E-002   1.4880037308780192E-003   8.4697220153444200E-006  -2.9028555555621452E-004   1.6078870984457698E-002  -1.0704766896539705E-002  -5.1706265917874996E-005   2.1347195805488388E-003  -5.9495553090472866E-006   1.2018141148374965E-002
 pawrhoij%rhoijp   1.8007806629362686        7.9928196449106596E-003   4.1858614736097914E-005 -0.35715088980857473       -1.7673862349180064E-003   7.6356173081928505E-002   1.4881747543927112E-003   8.4707329820123290E-006  -2.9032421775311757E-004   1.6079532681343663E-002  -1.0705996256913347E-002  -5.1713531310202381E-005   2.1349856002285407E-003  -5.9503381721382125E-006   1.2019579013680800E-002
 pawrhoij%rhoijp   1.8003611106285125        7.9905080349859867E-003   4.1843777745364766E-005 -0.35705506828653805       -1.7668015574855171E-003   7.6332693278525224E-002   1.4878327765349168E-003   8.4687112873855794E-006  -2.9024690910072447E-004   1.6078209305922336E-002  -1.0703538129083449E-002  -5.1699003137028283E-005   2.1344536999748950E-003  -5.9487733015783551E-006   1.2016703518102276E-002
 pawrhoij%rhoijp   1.8005707933468842        7.9916481926540165E-003   4.1851063813215552E-005 -0.35710297053723522       -1.7670909250430123E-003   7.6344434643490555E-002   1.4880039872913547E-003   8.4697107644891125E-006  -2.9028561312256562E-004   1.6078871849936477E-002  -1.0704783049465708E-002  -5.1706250987258770E-005   2.1347229953889335E-003  -5.9495705399548269E-006   1.2018141699825194E-002
 pawrhoij%rhoijp   1.8005667995851755        7.9915394280548960E-003   4.1849939169099097E-005 -0.35710404465334311       -1.7670724398998203E-003   7.6344810816472861E-002   1.4879993997119151E-003   8.4696352593320406E-006  -2.9028688456423930E-004   1.6079041302464209E-002  -1.0952593035044108E-002  -5.2638023393585923E-005   2.1794220313202813E-003  -6.1552798201542009E-006   1.2021407517134793E-002
 pawrhoij%rhoijp   1.8007755630667994        7.9925482551761514E-003   4.1856061082908751E-005 -0.35715179733257396       -1.7673354526071079E-003   7.6356505082135567E-002   1.4881723901947037E-003   8.4705457723059704E-006  -2.9032602155013834E-004   1.6079713042057010E-002  -1.0981923627480706E-002  -5.2740044593745498E-005   2.1847370450466400E-003  -6.1798666112426733E-006   1.2023175580475691E-002
 pawrhoij%rhoijp   1.8003562966918449        7.9902777734131517E-003   4.1841600633594085E-005 -0.35705568765522272       -1.7667576788183890E-003   7.6332902743899214E-002   1.4878242751628324E-003   8.4685300967900761E-006  -2.9024721310523738E-004   1.6078385300427898E-002  -1.0969370265222813E-002  -5.2682587220374907E-005   2.1822569651192333E-003  -6.1700334752328762E-006   1.2020155743446743E-002
 pawrhoij%rhoijp   1.8005656509479453        7.9913553361596282E-003   4.1848342849974929E-005 -0.35710319389164258       -1.7670330732941961E-003   7.6344481663056601E-002   1.4879902796596811E-003   8.4694632843200169E-006  -2.9028466108231045E-004   1.6079056098320849E-002  -1.0984851902383156E-002  -5.2729826970629104E-005   2.1849197327023996E-003  -6.1831777119975783E-006   1.2021736134407266E-002
 pawrhoij%rhoijp   1.8005708673212590        7.9916632752806919E-003   4.1851191397768446E-005 -0.35710297539071384       -1.7670937804013774E-003   7.6344432397243145E-002   1.4880037838301467E-003   8.4697218099369872E-006  -2.9028556670201723E-004   1.6078870977720656E-002  -1.0704767876158637E-002  -5.1706267164884511E-005   2.1347197869137926E-003  -5.9495565766271777E-006   1.2018141186329370E-002
 pawrhoij%rhoijp   1.8007806569887934        7.9928188833758851E-003   4.1858607976700137E-005 -0.35715089066841987       -1.7673860918846283E-003   7.6356173692979867E-002   1.4881748128600426E-003   8.4707326108864746E-006  -2.9032422989438489E-004   1.6079532684449074E-002  -1.0705997739544929E-002  -5.1713533108745114E-005   2.1349859037732948E-003  -5.9503398863858875E-006   1.2019579069605749E-002
 pawrhoij%rhoijp   1.8003611053396580        7.9905074146584942E-003   4.1843772212350859E-005 -0.35705506882221894       -1.7668014399795742E-003   7.6332693721278488E-002   1.4878328295943831E-003   8.4687110048766931E-006  -2.9024691986413742E-004   1.6078209308611931E-002  -1.0703539461805155E-002  -5.1699005064730442E-005   2.1344539707513588E-003  -5.9487748427614417E-006   1.2016703565484892E-002
 pawrhoij%rhoijp   1.8005707885200719        7.9916475330683353E-003   4.1851057957321969E-005 -0.35710297063900021       -1.7670907978379479E-003   7.6344434893568666E-002   1.4880040397265576E-003   8.4697104460457529E-006  -2.9028562332968598E-004   1.6078871857582857E-002  -1.0704784587925528E-002  -5.1706253347091870E-005   2.1347233018449274E-003  -5.9495722298885491E-006   1.2018141750626158E-002
 pawrhoij%rhoijp   1.8005655920364430        7.9913527721053642E-003   4.1848315844402000E-005 -0.35710322519265408       -1.7670326488272786E-003   7.6344494251204403E-002   1.4879912263588012E-003   8.4694656545815323E-006  -2.9028488415659454E-004   1.6079055176609108E-002  -1.0987055911794148E-002  -5.2738134862510545E-005   2.1853366255520563E-003  -6.1850141394033831E-006   1.2021764992828483E-002
 pawrhoij%rhoijp   1.8007753996630644        7.9924802736057402E-003   4.1855505958974151E-005 -0.35715056084185248       -1.7673169905994537E-003   7.6355989163828020E-002   1.4881525794395003E-003   8.4704174814667842E-006  -2.9032119087316863E-004   1.6079722605818213E-002  -1.0994309362137871E-002  -5.2750963437108062E-005   2.1864055852305543E-003  -6.1914148728548310E-006   1.2023230251058573E-002
 pawrhoij%rhoijp   1.8003562020277419        7.9902332578335820E-003   4.1841242527443706E-005 -0.35705458424149183       -1.7667442368015436E-003   7.6332436620219865E-002   1.4878060551470125E-003   8.4684262747627459E-006  -2.9024279375685177E-004   1.6078398040606415E-002  -1.0982417270456984E-002  -5.2701016667760077E-005   2.1840819553786074E-003  -6.1820264459678753E-006   1.2020225653601729E-002
 pawrhoij%rhoijp   1.8005663484839913        7.9914171539593633E-003   4.1848928061673175E-005 -0.35710201572298478       -1.7670399226044410E-003   7.6343959267849218E-002   1.4879668997894683E-003   8.4694180769893536E-006  -2.9027901070740811E-004   1.6079070149877417E-002  -1.0983962509347777E-002  -5.2699131095942341E-005   2.1841008382286189E-003  -6.1835655202058771E-006   1.2021622261959774E-002
 pawrhoij%rhoijp   1.8005708623893553        7.9916625815807472E-003   4.1851185251363589E-005 -0.35710297554186454       -1.7670936469435666E-003   7.6344432674159857E-002   1.4880038371673076E-003   8.4697214683050826E-006  -2.9028557713857938E-004   1.6078870986872735E-002  -1.0704769472589200E-002  -5.1706269560507903E-005   2.1347201050975579E-003  -5.9495583214230376E-006   1.2018141240316147E-002
 pawrhoij%rhoijp   1.8007806530415136        7.9928182602128691E-003   4.1858602472234758E-005 -0.35715089016181367       -1.7673859688624282E-003   7.6356173657429638E-002   1.4881748614394136E-003   8.4707323024783175E-006  -2.9032423873046368E-004   1.6079532698352241E-002  -1.0705999411785254E-002  -5.1713535976118628E-005   2.1349862295257024E-003  -5.9503416349687411E-006   1.2019579120855019E-002
 pawrhoij%rhoijp   1.8003611018887615        7.9905069259061465E-003   4.1843767869318869E-005 -0.35705506816267607       -1.7668013420018256E-003   7.6332693595163523E-002   1.4878328744548802E-003   8.4687107872809187E-006  -2.9024692778396454E-004   1.6078209318324301E-002  -1.0703540898067462E-002  -5.1699007732450003E-005   2.1344542487240254E-003  -5.9487763652113324E-006   1.2016703606941237E-002
 pawrhoij%rhoijp   1.8005707861845048        7.9916471891666677E-003   4.1851054899124644E-005 -0.35710296942932984       -1.7670907251636479E-003   7.6344434489887328E-002   1.4880040794628005E-003   8.4697103194521812E-006  -2.9028562960783314E-004   1.6078871864406381E-002  -1.0704785839590858E-002  -5.1706255924181128E-005   2.1347235375070001E-003  -5.9495735427783857E-006   1.2018141780780745E-002
 pawrhoij%rhoijp   1.8005663942083210        7.9914244453717035E-003   4.1848991475184048E-005 -0.35710196650950510       -1.7670410903846674E-003   7.6343936792235070E-002   1.4879659926620179E-003   8.4694202630972632E-006  -2.9027878552693228E-004   1.6079067974405645E-002  -1.0983547179220147E-002  -5.2695727706701304E-005   2.1840090597455416E-003  -6.1832575197297717E-006   1.2021614069656541E-002
