 dijxc
  -3.2262254972278817E-002 -0.15108272692379843        10.470929435680333       -8.7191161798407435E-005   1.1655809709384850E-003  -3.8310349654336793E-004  -4.8179682329669489E-007   6.4931010136559854E-006  -5.1503571458978826E-009  -3.8241921060482888E-004  -1.4921785628401569E-004   1.9945662277607995E-003  -1.4915415139097292E-006  -9.3128034866159536E-009  -3.8476741680944010E-004
 dijxc
  -3.2262254972278817E-002 -0.15108272692379843        10.470929435680333       -8.7191161798407435E-005   1.1655809709384850E-003  -3.8310349654336793E-004  -4.8179682329669489E-007   6.4931010136559854E-006  -5.1503571458978826E-009  -3.8241921060482888E-004  -1.4921785628401569E-004   1.9945662277607995E-003  -1.4915415139097292E-006  -9.3128034866159536E-009  -3.8476741680944010E-004
 dijxc
  -3.2262537812402362E-002 -0.15107982191286379        10.470909809954632       -8.7195427194526493E-005   1.1656388334239502E-003  -3.8315086299850357E-004  -4.8181310486771483E-007   6.4933175768018865E-006  -5.1506702072509784E-009  -3.8246645415838129E-004  -1.4922521693254900E-004   1.9946661527427364E-003  -1.4916667569132446E-006  -9.3133441684406551E-009  -3.8481492822809284E-004
 dijxc
  -3.2261971926904137E-002 -0.15108562925443478        10.470949086804422       -8.7186896782561705E-005   1.1655231138438709E-003  -3.8305564760984128E-004  -4.8178054083707080E-007   6.4928844398423778E-006  -5.1500440991632363E-009  -3.8237148456058648E-004  -1.4921049631032608E-004   1.9944663123432388E-003  -1.4914162876730911E-006  -9.3122628300826699E-009  -3.8471942293253996E-004
 dijxc
  -3.2262255179567781E-002 -0.15108272396365111        10.470929428125944       -8.7191166242346263E-005   1.1655810596911873E-003  -3.8310337124007826E-004  -4.8179690277604235E-007   6.4931022418265514E-006  -5.1503569649228770E-009  -3.8241908538794015E-004  -1.4921785666839677E-004   1.9945662837938119E-003  -1.4915412395473222E-006  -9.3128026133422996E-009  -3.8476729102614876E-004
 dijxc
  -3.2262255146428616E-002 -0.15108272557786306        10.470929431523214       -8.7191143999098831E-005   1.1655807517178510E-003  -3.8310348781720003E-004  -4.8179680279894173E-007   6.4931007558530283E-006  -5.1503553667234932E-009  -3.8241920217098259E-004  -1.4921779417371861E-004   1.9945656843604119E-003  -1.4915416105528366E-006  -9.3128011149287107E-009  -3.8476742130437100E-004
 dijxc
  -3.2262595550512335E-002 -0.15107927440535929        10.470905948571128       -8.7196053645043685E-005   1.1656487511895605E-003  -3.8316148677702442E-004  -4.8181853475436795E-007   6.4933978776481244E-006  -5.1506995630336875E-009  -3.8247708028288764E-004  -1.4922673923442728E-004   1.9946894339549822E-003  -1.4916835453756239E-006  -9.3134454783488934E-009  -3.8482560977870289E-004
 dijxc
  -3.2262029600475958E-002 -0.15108508144769620        10.470945232626168       -8.7187528631973377E-005   1.1655331009821873E-003  -3.8306617855289084E-004  -4.8178594950324932E-007   6.4929644539664875E-006  -5.1500736461495653E-009  -3.8238201774581373E-004  -1.4921198735090189E-004   1.9944891728962467E-003  -1.4914327517353431E-006  -9.3123621192643141E-009  -3.8473001048998021E-004
 dijxc
  -3.2262367565327105E-002 -0.15108164820073555        10.470921885994100       -8.7192923458280630E-005   1.1656075099778084E-003  -3.8312374771212916E-004  -4.8180555123451918E-007   6.4932333114282278E-006  -5.1504312481098236E-009  -3.8243945536054933E-004  -1.4921836504081971E-004   1.9945787955872752E-003  -1.4915535575946894E-006  -9.3128245920063986E-009  -3.8478766418324035E-004
 dijxc
  -3.2262254858062875E-002 -0.15108272539604981        10.470929449059069       -8.7191161789781468E-005   1.1655809708297675E-003  -3.8310322963245149E-004  -4.8179681958365715E-007   6.4931009640314336E-006  -5.1503571094655769E-009  -3.8241894369399224E-004  -1.4921785625901561E-004   1.9945662274374271E-003  -1.4915415138037923E-006  -9.3128034211059176E-009  -3.8476714989816782E-004
 dijxc
  -3.2262537894993892E-002 -0.15107982330593178        10.470909799216001       -8.7195426848221395E-005   1.1656388277482635E-003  -3.8315108815573193E-004  -4.8181309102758875E-007   6.4933173858156207E-006  -5.1506700954537533E-009  -3.8246667931755743E-004  -1.4922521662859601E-004   1.9946661468548633E-003  -1.4916667619013033E-006  -9.3133439942694607E-009  -3.8481515339762169E-004
 dijxc
  -3.2261971928131170E-002 -0.15108562945145762        10.470949085336834       -8.7186896430636131E-005   1.1655231082222202E-003  -3.8305567466157832E-004  -4.8178052718888038E-007   6.4928842522227461E-006  -5.1500439865492166E-009  -3.8237151161466866E-004  -1.4921049599506597E-004   1.9944663065254104E-003  -1.4914162917623381E-006  -9.3122626545884729E-009  -3.8471944999554370E-004
 dijxc
  -3.2262255207213639E-002 -0.15108272480707191        10.470929425517541       -8.7191165686642153E-005   1.1655810501899474E-003  -3.8310347538622104E-004  -4.8179688233873377E-007   6.4931019571637594E-006  -5.1503568130824704E-009  -3.8241918953605173E-004  -1.4921785622181515E-004   1.9945662742218446E-003  -1.4915412506571741E-006  -9.3128023874926340E-009  -3.8476739519653907E-004
 dijxc
  -3.2262368169292635E-002 -0.15108164385913719        10.470921851823366       -8.7192762124208416E-005   1.1656053567430619E-003  -3.8312387480378960E-004  -4.8180618910598033E-007   6.4932416529815721E-006  -5.1504269775498362E-009  -3.8243958590158554E-004  -1.4921919548555176E-004   1.9945897960936035E-003  -1.4915605126971328E-006  -9.3128840801442638E-009  -3.8478782552995390E-004
 dijxc
  -3.2262705590793764E-002 -0.15107821331527282        10.470898543148921       -8.7198144653707348E-005   1.1656795533143193E-003  -3.8318119461758964E-004  -4.8182577584207399E-007   6.4935100745332611E-006  -5.1507852161659533E-009  -3.8249677437865730E-004  -1.4922559015737209E-004   1.9946795560765057E-003  -1.4916814601387664E-006  -9.3133500051659376E-009  -3.8484523072591990E-004
 dijxc
  -3.2262137225779537E-002 -0.15108403577778079        10.470937957554534       -8.7190047477711633E-005   1.1655695078646264E-003  -3.8308531366534556E-004  -4.8179137912465525E-007   6.4930524041892698E-006  -5.1501730886273845E-009  -3.8240112960435252E-004  -1.4920864264700545E-004   1.9944500419406316E-003  -1.4914131872106852E-006  -9.3121136287929733E-009  -3.8474896884049272E-004
 dijxc
  -3.2262470167493784E-002 -0.15108063847471864        10.470914901181624       -8.7196199097411609E-005   1.1656537492306445E-003  -3.8314187052451221E-004  -4.8180796584298792E-007   6.4932806438190736E-006  -5.1505585038171796E-009  -3.8245753851633623E-004  -1.4921112141283617E-004   1.9944875859093723E-003  -1.4915025574465883E-006  -9.3123100826802133E-009  -3.8480544993304265E-004
 dijxc
  -3.2262254751822976E-002 -0.15108272575284032        10.470929448190173       -8.7191161181203285E-005   1.1655809608144224E-003  -3.8310319566222024E-004  -4.8179679805628462E-007   6.4931006658094000E-006  -5.1503569425645507E-009  -3.8241890972697575E-004  -1.4921785574778781E-004   1.9945662173269413E-003  -1.4915415231795208E-006  -9.3128031703136051E-009  -3.8476711595083069E-004
 dijxc
  -3.2262537813938702E-002 -0.15107982324868652        10.470909801408466       -8.7195426024985615E-005   1.1656388139101314E-003  -3.8315102139828145E-004  -4.8181306275105484E-007   6.4933169922944769E-006  -5.1506698847272597E-009  -3.8246661256372341E-004  -1.4922521596477512E-004   1.9946661330515502E-003  -1.4916667766371289E-006  -9.3133436848293578E-009  -3.8481508667413612E-004
 dijxc
  -3.2261971928330191E-002 -0.15108563002233133        10.470949085143831       -8.7186895686887521E-005   1.1655230960637001E-003  -3.8305572774542684E-004  -4.8178050150508700E-007   6.4928838970471243E-006  -5.1500437882098363E-009  -3.8237156470263746E-004  -1.4921049539199505E-004   1.9944662946005964E-003  -1.4914163029240391E-006  -9.3122623610862213E-009  -3.8471950310768382E-004
 dijxc
  -3.2262255178649536E-002 -0.15108272482570329        10.470929428295538       -8.7191164889880910E-005   1.1655810370372536E-003  -3.8310344601343407E-004  -4.8179685424514331E-007   6.4931015687483124E-006  -5.1503565991318418E-009  -3.8241916016734927E-004  -1.4921785560350365E-004   1.9945662616015383E-003  -1.4915412636891965E-006  -9.3128020742324440E-009  -3.8476736585607270E-004
 dijxc
  -3.2262470670821081E-002 -0.15108063370412045        10.470914876742565       -8.7196044275269157E-005   1.1656516853571779E-003  -3.8314185242475528E-004  -4.8180855443827295E-007   6.4932883367828314E-006  -5.1505541829190283E-009  -3.8245752370539383E-004  -1.4921190832417719E-004   1.9944980106174981E-003  -1.4915091116195205E-006  -9.3123662344820961E-009  -3.8480546433606135E-004
 dijxc
  -3.2262800759943290E-002 -0.15107725531784713        10.470891985894051       -8.7202529690084827E-005   1.1657402010413641E-003  -3.8319770083953858E-004  -4.8182378832739834E-007   6.4934980920449834E-006  -5.1509534565945967E-009  -3.8251321692170826E-004  -1.4921264975666448E-004   1.9945122496468023E-003  -1.4915846127664561E-006  -9.3124470014321072E-009  -3.8486116564320598E-004
 dijxc
  -3.2262231266552636E-002 -0.15108308779681712        10.470931463389476       -8.7194596252297650E-005   1.1656321781956978E-003  -3.8310181658226172E-004  -4.8178925262924486E-007   6.4930381557943220E-006  -5.1503538566516861E-009  -3.8241756575603590E-004  -1.4919512172124601E-004   1.9942748297935532E-003  -1.4913126561085299E-006  -9.3111795544296812E-009  -3.8476487552523109E-004
 dijxc
  -3.2262556546903853E-002 -0.15107974235167870        10.470908855542390       -8.7201661608565941E-005   1.1657279827800475E-003  -3.8315651858846064E-004  -4.8180339740662762E-007   6.4932324215099948E-006  -5.1507893211336308E-009  -3.8247210143611712E-004  -1.4919341452965026E-004   1.9942560121254224E-003  -1.4913699212023025E-006  -9.3111129937936467E-009  -3.8481932689337056E-004
 dijxc
  -3.2262254924872794E-002 -0.15108272723773930        10.470929442759182       -8.7191160353675392E-005   1.1655809471381538E-003  -3.8310346231475319E-004  -4.8179676906905703E-007   6.4931002647704424E-006  -5.1503567226704855E-009  -3.8241917638365242E-004  -1.4921785510300315E-004   1.9945662041568760E-003  -1.4915415369062257E-006  -9.3128028486869248E-009  -3.8476738263704038E-004
 dijxc
  -3.2262537734983568E-002 -0.15107982304749307        10.470909809494366       -8.7195425234692085E-005   1.1656388004847530E-003  -3.8315092064971430E-004  -4.8181303337040458E-007   6.4933165853717675E-006  -5.1506696685910082E-009  -3.8246651181808719E-004  -1.4922521539367285E-004   1.9946661204490257E-003  -1.4916667926707881E-006  -9.3133433730224778E-009  -3.8481498596225827E-004
 dijxc
  -3.2261971866306721E-002 -0.15108562970439748        10.470949092957579       -8.7186895033055200E-005   1.1655230847261776E-003  -3.8305562560393734E-004  -4.8178047508193952E-007   6.4928835313078378E-006  -5.1500435959567069E-009  -3.8237146256284052E-004  -1.4921049494449103E-004   1.9944662841155049E-003  -1.4914163182430196E-006  -9.3122620832483801E-009  -3.8471940099955848E-004
 dijxc
  -3.2262255099127009E-002 -0.15108272486265387        10.470929432828429       -8.7191164382369518E-005   1.1655810281152393E-003  -3.8310338028048980E-004  -4.8179682931334324E-007   6.4931012263453698E-006  -5.1503564145277848E-009  -3.8241909443514173E-004  -1.4921785529321303E-004   1.9945662537545501E-003  -1.4915412774544280E-006  -9.3128018033845320E-009  -3.8476730015229380E-004
 dijxc
  -3.2262556611400171E-002 -0.15107973910362377        10.470908853854880       -8.7201604749615179E-005   1.1657272515441072E-003  -3.8315628129437750E-004  -4.8180333430749065E-007   6.4932315605790182E-006  -5.1507850961583245E-009  -3.8247186503552748E-004  -1.4919359004691871E-004   1.9942583609063426E-003  -1.4913712112733332E-006  -9.3111225605092900E-009  -3.8481909759541136E-004
 dijxc
  -3.2262878054001659E-002 -0.15107642379113440        10.470886463704234       -8.7209132581773235E-005   1.1658288970787046E-003  -3.8321048179899527E-004  -4.8181593662676127E-007   6.4934044754338399E-006  -5.1512438537684224E-009  -3.8252588966947144E-004  -1.4918963919425236E-004   1.9942093337142227E-003  -1.4914110335243762E-006  -9.3109120941873157E-009  -3.8487295482841606E-004
 dijxc
  -3.2262308771880015E-002 -0.15108225195601910        10.470925932366198       -8.7201004597209055E-005   1.1657180979002711E-003  -3.8311438755502870E-004  -4.8178306612693961E-007   6.4929661244517335E-006  -5.1506496128703555E-009  -3.8243003392428169E-004  -1.4917353583763037E-004   1.9939905746959486E-003  -1.4911518199424438E-006  -9.3097588107633944E-009  -3.8477651102279166E-004
 dijxc
  -3.2262627383282325E-002 -0.15107895376571628        10.470903715410905       -8.7208567137514762E-005   1.1658196081058641E-003  -3.8316765365392104E-004  -4.8179755945561968E-007   6.4931626917379751E-006  -5.1511377631049713E-009  -3.8248312656942788E-004  -1.4917030628228611E-004   1.9939503324695016E-003  -1.4911995599445353E-006  -9.3096356501402791E-009  -3.8482945818654117E-004
 dijxc
  -3.2262254661426765E-002 -0.15108272608901513        10.470929455473298       -8.7191159839751297E-005   1.1655809380161342E-003  -3.8310313774316657E-004  -4.8179674410902535E-007   6.4930999213695958E-006  -5.1503565407143526E-009  -3.8241885181251704E-004  -1.4921785479387001E-004   1.9945661961288503E-003  -1.4915415515261979E-006  -9.3128025835774493E-009  -3.8476705809586172E-004
 dijxc
  -3.2262537751697747E-002 -0.15107982391057295        10.470909805463386       -8.7195424976949012E-005   1.1656387955456316E-003  -3.8315102437858496E-004  -4.8181301217051881E-007   6.4933162974578030E-006  -5.1506695111397040E-009  -3.8246661554555824E-004  -1.4922521531523440E-004   1.9946661168312556E-003  -1.4916668047561689E-006  -9.3133431375984713E-009  -3.8481508971403876E-004
 dijxc
  -3.2261971901735326E-002 -0.15108563070444703        10.470949085816230       -8.7186894867561808E-005   1.1655230810177697E-003  -3.8305577087062199E-004  -4.8178045478558285E-007   6.4928832554246422E-006  -5.1500434478255701E-009  -3.8237160782679503E-004  -1.4921049493671825E-004   1.9944662814463006E-003  -1.4914163310701740E-006  -9.3122618580524254E-009  -3.8471954628788781E-004
 dijxc
  -3.2262255041675042E-002 -0.15108272513686166        10.470929431151312       -8.7191164492748374E-005   1.1655810286860535E-003  -3.8310337531618284E-004  -4.8179681094718925E-007   6.4931009802965059E-006  -5.1503562771026969E-009  -3.8241908946534502E-004  -1.4921785551298434E-004   1.9945662551671315E-003  -1.4915412892785927E-006  -9.3128015812344599E-009  -3.8476729520277992E-004
 dijxc
  -3.2262626912361349E-002 -0.15107895499366092        10.470903741053604       -8.7208638298409756E-005   1.1658205954851448E-003  -3.8316739059654709E-004  -4.8179682573927438E-007   6.4931529820410852E-006  -5.1511357640521504E-009  -3.8248286135546424E-004  -1.4916975437226314E-004   1.9939430507173858E-003  -1.4911948573423846E-006  -9.3095921164968676E-009  -3.8482917379133869E-004
 dijxc
  -3.2262942064962274E-002 -0.15107568328665805        10.470881734430517       -8.7216493190723422E-005   1.1659255447681162E-003  -3.8322008650223754E-004  -4.8181090533987297E-007   6.4933428743526779E-006  -5.1516482543692689E-009  -3.8253537890114661E-004  -1.4916536759952735E-004   1.9938868433221225E-003  -1.4912343722286322E-006  -9.3094091897966500E-009  -3.8488150190915888E-004
 dijxc
  -3.2262375090658421E-002 -0.15108149740925272        10.470921059324176       -8.7207935084405584E-005   1.1658089453623157E-003  -3.8312477074796685E-004  -4.8178001527235309E-007   6.4929306657155979E-006  -5.1510440359098982E-009  -3.8244031214908247E-004  -1.4915162981407173E-004   1.9936993632346080E-003  -1.4909940550581896E-006  -9.3084252258198237E-009  -3.8478593221453745E-004
 dijxc
  -3.2262691220829406E-002 -0.15107821523946813        10.470899005598222       -8.7215247144539410E-005   1.1659061881876096E-003  -3.8317731847459485E-004  -4.8179735307403006E-007   6.4931628839636009E-006  -5.1515564554864148E-009  -3.8249269714658147E-004  -1.4915052607287677E-004   1.9936860618143251E-003  -1.4910594550436798E-006  -9.3084934009999669E-009  -3.8483824242386622E-004
 dijxc
  -3.2262254775967773E-002 -0.15108272724165150        10.470929446793365       -8.7191159975416200E-005   1.1655809388362393E-003  -3.8310335295602160E-004  -4.8179672661799245E-007   6.4930996865997650E-006  -5.1503564125718682E-009  -3.8241906701952236E-004  -1.4921785504728272E-004   1.9945661978414326E-003  -1.4915415637390681E-006  -9.3128023771154034E-009  -3.8476727332376612E-004
 dijxc
  -3.2262537944992176E-002 -0.15107982471757936        10.470909801701822       -8.7195425444624552E-005   1.1656388018054149E-003  -3.8315123526194369E-004  -4.8181299738175237E-007   6.4933161051256925E-006  -5.1506693920655278E-009  -3.8246682642063042E-004  -1.4922521581818378E-004   1.9946661236279347E-003  -1.4916668134618086E-006  -9.3133429255270689E-009  -3.8481530060102676E-004
 dijxc
  -3.2261971836872752E-002 -0.15108563064800667        10.470949086726339       -8.7186895314435520E-005   1.1655230871390559E-003  -3.8305571947874078E-004  -4.8178043818053932E-007   6.4928830393779106E-006  -5.1500433077455931E-009  -3.8237155642719409E-004  -1.4921049539071284E-004   1.9944662878250601E-003  -1.4914163387116849E-006  -9.3122616079142424E-009  -3.8471949489798983E-004
 dijxc
  -3.2262255072432099E-002 -0.15108272495550809        10.470929432686880       -8.7191165161770598E-005   1.1655810382749118E-003  -3.8310337274986058E-004  -4.8179679324319438E-007   6.4931007526751622E-006  -5.1503561185827771E-009  -3.8241908688907520E-004  -1.4921785610131179E-004   1.9945662642153160E-003  -1.4915412957625310E-006  -9.3128012827195832E-009  -3.8476729263116122E-004
 dijxc
  -3.2262690340810515E-002 -0.15107822294094203        10.470899048706221       -8.7215398654943500E-005   1.1659082059400252E-003  -3.8317731877179765E-004  -4.8179653214290431E-007   6.4931518896269986E-006  -5.1515598815242195E-009  -3.8249269354800094E-004  -1.4914965945678733E-004   1.9936745595238474E-003  -1.4910527428089994E-006  -9.3084317622649337E-009  -3.8483820828812219E-004
 dijxc
  -3.2263004601861441E-002 -0.15107495127052717        10.470877095318823       -8.7222631647700506E-005   1.1660039225555069E-003  -3.8322928448597060E-004  -4.8181488753804834E-007   6.4933964982021175E-006  -5.1520845483236135E-009  -3.8254450052148501E-004  -1.4914927706470585E-004   1.9936701858152940E-003  -1.4911242601396469E-006  -9.3085707336697148E-009  -3.8488996448146173E-004
 dijxc
  -3.2262441018430080E-002 -0.15108073901169544        10.470916226902899       -8.7213661461583606E-005   1.1658820122373334E-003  -3.8313453617925153E-004  -4.8178450344346854E-007   6.4929916792296089E-006  -5.1514530370707731E-009  -3.8245001032783798E-004  -1.4913714017198874E-004   1.9935041455796101E-003  -1.4908938166691444E-006  -9.3076796058218363E-009  -3.8479502897689614E-004
 dijxc
  -3.2262761029275812E-002 -0.15107743004458341        10.470893933915031       -8.7220061037143027E-005   1.1659666211248033E-003  -3.8318818902268825E-004  -4.8180460772397841E-007   6.4932602288109327E-006  -5.1519342725465944E-009  -3.8250352514339109E-004  -1.4914021050382913E-004   1.9935454964081852E-003  -1.4909863097335515E-006  -9.3080375814600420E-009  -3.8484861398960376E-004
 dijxc
  -3.2262254801383387E-002 -0.15108272680041623        10.470929451266059       -8.7191160661941202E-005   1.1655809490455499E-003  -3.8310330717848662E-004  -4.8179670978160284E-007   6.4930994728135484E-006  -5.1503562554052018E-009  -3.8241902123264655E-004  -1.4921785563899213E-004   1.9945662075999578E-003  -1.4915415680538667E-006  -9.3128020786847685E-009  -3.8476722753792865E-004
 dijxc
  -3.2262537738937322E-002 -0.15107982297722689        10.470909815091060       -8.7195426363421017E-005   1.1656388152091481E-003  -3.8315089071006329E-004  -4.8181297844962166E-007   6.4933158639498761E-006  -5.1506692138321983E-009  -3.8246648185617457E-004  -1.4922521655155667E-004   1.9946661354535216E-003  -1.4916668189908079E-006  -9.3133425737391915E-009  -3.8481495603588092E-004
 dijxc
  -3.2261971820639987E-002 -0.15108563006918885        10.470949092540243       -8.7186896132865764E-005   1.1655230988090676E-003  -3.8305562979481719E-004  -4.8178041659479373E-007   6.4928827602634199E-006  -5.1500431112607127E-009  -3.8237146673104992E-004  -1.4921049602276352E-004   1.9944662976147122E-003  -1.4914163459347774E-006  -9.3122612292247111E-009  -3.8471940520424467E-004
 dijxc
  -3.2262255055340784E-002 -0.15108272476199214        10.470929434142583       -8.7191165994098782E-005   1.1655810506074784E-003  -3.8310333466782555E-004  -4.8179676695168959E-007   6.4931004132353899E-006  -5.1503558635838863E-009  -3.8241904879600234E-004  -1.4921785664759159E-004   1.9945662736780378E-003  -1.4915412989296844E-006  -9.3128007939510480E-009  -3.8476725453191946E-004
 dijxc
  -3.2262759402557198E-002 -0.15107743896903164        10.470894022549526       -8.7220200788087229E-005   1.1659683922354220E-003  -3.8318761846298666E-004  -4.8180436943618148E-007   6.4932566713471956E-006  -5.1519440701881758E-009  -3.8250295131039239E-004  -1.4913965562980491E-004   1.9935380195889711E-003  -1.4909831802134260E-006  -9.3080064469529753E-009  -3.8484802085745175E-004
 dijxc
  -3.2263080798325849E-002 -0.15107411834280088        10.470871652810780       -8.7226157702080772E-005   1.1660468232165659E-003  -3.8324146827406686E-004  -4.8182593190238235E-007   6.4935441723410920E-006  -5.1524128542452775E-009  -3.8255667496083000E-004  -1.4914478032684162E-004   1.9936062029950398E-003  -1.4910895601055660E-006  -9.3085114349080366E-009  -3.8490188677054815E-004
 dijxc
  -3.2262520642393960E-002 -0.15107987900402642        10.470910569117526       -8.7217015693188030E-005   1.1659230494762407E-003  -3.8314739352392083E-004  -4.8179410001112744E-007   6.4931216047126170E-006  -5.1517474273431882E-009  -3.8246286077460163E-004  -1.4913239680857117E-004   1.9934374061407268E-003  -1.4908517105950560E-006  -9.3075668733310210E-009  -3.8480761824308848E-004
 dijxc
  -3.2262850293179116E-002 -0.15107649527329597        10.470887694157330       -8.7222256927308435E-005   1.1659925746635691E-003  -3.8320293761180116E-004  -4.8181435842931450E-007   6.4933946370020645E-006  -5.1521397836109277E-009  -3.8251829415595208E-004  -1.4913878148000239E-004   1.9935230090568929E-003  -1.4909543741089781E-006  -9.3080929593119200E-009  -3.8486323565645663E-004
 dijxc
  -3.2262254874580634E-002 -0.15108272728346156        10.470929445386554       -8.7191161546473612E-005   1.1655809618131940E-003  -3.8310342063458682E-004  -4.8179668388224233E-007   6.4930991371403697E-006  -5.1503560102318792E-009  -3.8241913467627062E-004  -1.4921785624540178E-004   1.9945662174199325E-003  -1.4915415734975005E-006  -9.3128016055568075E-009  -3.8476734097865216E-004
 dijxc
  -3.2262537710710595E-002 -0.15107982277838392        10.470909813534764       -8.7195427164734704E-005   1.1656388273154964E-003  -3.8315085922861259E-004  -4.8181294586032685E-007   6.4933154410302981E-006  -5.1506688915978935E-009  -3.8246645036453617E-004  -1.4922521696779500E-004   1.9946661434990559E-003  -1.4916668199560330E-006  -9.3133419620563041E-009  -3.8481492453258214E-004
 dijxc
  -3.2261971925259966E-002 -0.15108563091014726        10.470949082667303       -8.7186896810166292E-005   1.1655231089151147E-003  -3.8305581229900181E-004  -4.8178038281485880E-007   6.4928823193664739E-006  -5.1500427811938802E-009  -3.8237164922631621E-004  -1.4921049634493622E-004   1.9944663038050552E-003  -1.4914163472473628E-006  -9.3122606117519796E-009  -3.8471958768979098E-004
 dijxc
  -3.2262255044794873E-002 -0.15108272455145733        10.470929435965100       -8.7191166514261051E-005   1.1655810580011934E-003  -3.8310330080855242E-004  -4.8179672787264349E-007   6.4930998976992609E-006  -5.1503554880814406E-009  -3.8241901492914641E-004  -1.4921785679212183E-004   1.9945662764338716E-003  -1.4915413008336277E-006  -9.3128001033686893E-009  -3.8476722065668785E-004
 dijxc
  -3.2262848691146088E-002 -0.15107650468491662        10.470887790193370       -8.7222307435618060E-005   1.1659930682680715E-003  -3.8320238235192857E-004  -4.8181485700979730E-007   6.4934005694708497E-006  -5.1521521169975277E-009  -3.8251773808532655E-004  -1.4913891381777484E-004   1.9935245350531502E-003  -1.4909576756306312E-006  -9.3081163496167337E-009  -3.8486268502105196E-004
 dijxc
  -3.2263182742755303E-002 -0.15107308856597357        10.470864649628114       -8.7226938847463010E-005   1.1660545725344111E-003  -3.8325896179775573E-004  -4.8183562304773415E-007   6.4936812128408947E-006  -5.1525041909386415E-009  -3.8257422116998706E-004  -1.4914725016993162E-004   1.9936360664200847E-003  -1.4910687873148319E-006  -9.3087544868731155E-009  -3.8491942007703105E-004
 dijxc
  -3.2262624688107901E-002 -0.15107882863677455        10.470903435732307       -8.7217926133350892E-005   1.1659330122096774E-003  -3.8316498871983503E-004  -4.8180170184566066E-007   6.4932325401043348E-006  -5.1518181840257936E-009  -3.8248050369387473E-004  -1.4913307772503590E-004   1.9934441519481841E-003  -1.4908114237054307E-006  -9.3076558508756534E-009  -3.8482518350275974E-004
 dijxc
  -3.2262967423448863E-002 -0.15107534684130267        10.470879747277666       -8.7222238665431140E-005   1.1659913493834030E-003  -3.8322356802441280E-004  -4.8181939271391846E-007   6.4934765913413315E-006  -5.1520956054073684E-009  -3.8253899092650467E-004  -1.4913986386034107E-004   1.9935364056202216E-003  -1.4908929655343442E-006  -9.3081103368942274E-009  -3.8488386255072413E-004
 dijxc
  -3.2262254964159492E-002 -0.15108272764397435        10.470929442239502       -8.7191162066944459E-005   1.1655809694003183E-003  -3.8310352773604907E-004  -4.8179664415816444E-007   6.4930986139968846E-006  -5.1503556247065199E-009  -3.8241924177054450E-004  -1.4921785637454733E-004   1.9945662202942600E-003  -1.4915415742954846E-006  -9.3128008961763095E-009  -3.8476744806248712E-004
