 dijxc
  -3.2262254915916895E-002 -0.15108272616896329        10.470929445833898        8.7191083082432413E-005  -1.1655798144682944E-003  -3.8310329714428897E-004  -4.8182093688091174E-007   6.4934383550762345E-006   5.1508106579108726E-009  -3.8241901189128293E-004  -1.4921807715674826E-004   1.9945692285625182E-003   1.4915418457505001E-006  -9.3132434543078188E-009  -3.8476722596669528E-004
 dijxc
  -3.2262254915916895E-002 -0.15108272616896329        10.470929445833898        8.7191083082432413E-005  -1.1655798144682944E-003  -3.8310329714428897E-004  -4.8182093688091174E-007   6.4934383550762345E-006   5.1508106579108726E-009  -3.8241901189128293E-004  -1.4921807715674826E-004   1.9945692285625182E-003   1.4915418457505001E-006  -9.3132434543078188E-009  -3.8476722596669528E-004
 dijxc
  -3.2262537955303844E-002 -0.15107982309272011        10.470909801694690        8.7195348489274894E-005  -1.1656376768964562E-003  -3.8315104644029712E-004  -4.8183722003475059E-007   6.4936549378713653E-006   5.1511237473799094E-009  -3.8246663828514407E-004  -1.4922543783314085E-004   1.9946691535827803E-003   1.4916670900278984E-006  -9.3137841861382171E-009  -3.8481512022805683E-004
 dijxc
  -3.2261972052938542E-002 -0.15108563025835853        10.470949079892469        8.7186818076943795E-005  -1.1655219572893180E-003  -3.8305579996368328E-004  -4.8180465455830677E-007   6.4932217823566233E-006   5.1504976086844944E-009  -3.8237163759927031E-004  -1.4921071719337320E-004   1.9944693128921432E-003   1.4914166210180137E-006  -9.3127027950030565E-009  -3.8471958384402689E-004
 dijxc
  -3.2262255329973955E-002 -0.15108272543198645        10.470929417078219        8.7191087539605541E-005  -1.1655799032216601E-003  -3.8310359704438472E-004  -4.8182101956241632E-007   6.4934396253348275E-006   5.1508105131763453E-009  -3.8241931187707240E-004  -1.4921807756834932E-004   1.9945692846578666E-003   1.4915415728526495E-006  -9.3132426484964743E-009  -3.8476752538851042E-004
 dijxc
  -3.2262255310845284E-002 -0.15108272713577325        10.470929420378539        8.7191065291792385E-005  -1.1655795951807134E-003  -3.8310373008823529E-004  -4.8182091642527856E-007   6.4934380968041295E-006   5.1508088829889368E-009  -3.8241944512695954E-004  -1.4921801506089321E-004   1.9945686850423279E-003   1.4915419436750298E-006  -9.3132410902711230E-009  -3.8476767213308633E-004
 dijxc
  -3.2262595530576213E-002 -0.15107927428058177        10.470905952072421        8.7195974986374331E-005  -1.1656475953747394E-003  -3.8316139884894923E-004  -4.8184264793867344E-007   6.4937352150015921E-006   5.1511530884107415E-009  -3.8247699304055915E-004  -1.4922696043691112E-004   1.9946924389819490E-003   1.4916838824230746E-006  -9.3138854735202080E-009  -3.8482553041939091E-004
 dijxc
  -3.2262029692794805E-002 -0.15108508222476269        10.470945229800424        8.7187449987442575E-005  -1.1655319451546605E-003  -3.8306626708119835E-004  -4.8181006130456378E-007   6.4933017725938161E-006   5.1505271447274051E-009  -3.8238210695916875E-004  -1.4921220856056028E-004   1.9944921776557279E-003   1.4914330901521407E-006  -9.3128020683480350E-009  -3.8473010758778494E-004
 dijxc
  -3.2262367730637648E-002 -0.15108164901767390        10.470921883342108        8.7192844855728184E-005  -1.1656063545935650E-003  -3.8312388738876097E-004  -4.8182966494846410E-007   6.4935706565697849E-006   5.1508847858061231E-009  -3.8243959572207013E-004  -1.4921858648762857E-004   1.9945818033328525E-003   1.4915539000760986E-006  -9.3132645972750143E-009  -3.8478781243862466E-004
 dijxc
  -3.2262254903853177E-002 -0.15108272619101609        10.470929444921071        8.7191083091790853E-005  -1.1655798142562418E-003  -3.8310329430578599E-004  -4.8182093642349860E-007   6.4934383472614840E-006   5.1508106624188738E-009  -3.8241900905160945E-004  -1.4921807716751411E-004   1.9945692281287657E-003   1.4915418483504309E-006  -9.3132434644421610E-009  -3.8476722313095756E-004
 dijxc
  -3.2262537977631005E-002 -0.15107982417915056        10.470909793330289        8.7195348150428172E-005  -1.1656376712736408E-003  -3.8315119438908369E-004  -4.8183721252117427E-007   6.4936548316019714E-006   5.1511237011546579E-009  -3.8246678623550707E-004  -1.4922543755212551E-004   1.9946691479207248E-003   1.4916670957635259E-006  -9.3137841335101642E-009  -3.8481526819018419E-004
 dijxc
  -3.2261972027618047E-002 -0.15108563031999150        10.470949080368081        8.7186817732041980E-005  -1.1655219517602493E-003  -3.8305578726634682E-004  -4.8180464718226869E-007   6.4932216788715927E-006   5.1504975602789429E-009  -3.8237162490401639E-004  -1.4921071690055749E-004   1.9944693073713393E-003   1.4914166255808116E-006  -9.3127027378641164E-009  -3.8471957115869277E-004
 dijxc
  -3.2262255335387097E-002 -0.15108272577903881        10.470929420133865        8.7191086987001884E-005  -1.1655798938039615E-003  -3.8310361760854610E-004  -4.8182100844075006E-007   6.4934394656026460E-006   5.1508104556147052E-009  -3.8241933244311324E-004  -1.4921807714107823E-004   1.9945692754144389E-003   1.4915415841422817E-006  -9.3132425944040388E-009  -3.8476754597740689E-004
 dijxc
  -3.2262368255249425E-002 -0.15108164460974338        10.470921849951271        8.7192683518443330E-005  -1.1656042015302196E-003  -3.8312395114702862E-004  -4.8183030253283211E-007   6.4935789955873895E-006   5.1508805069899145E-009  -3.8243966293050480E-004  -1.4921941695011058E-004   1.9945928044394000E-003   1.4915608540596946E-006  -9.3133240763347443E-009  -3.8478791045137135E-004
 dijxc
  -3.2262705590914986E-002 -0.15107821367956931        10.470898543420066        8.7198066098978939E-005  -1.1656783985523540E-003  -3.8318117383427251E-004  -4.8184989277623838E-007   6.4938474643828985E-006   5.1512388039621795E-009  -3.8249675428035266E-004  -1.4922581187781954E-004   1.9946825674638769E-003   1.4916818065869173E-006  -9.3137900928197157E-009  -3.8484521853123161E-004
 dijxc
  -3.2262137431744206E-002 -0.15108403702583795        10.470937952030077        8.7189968911336696E-005  -1.1655683529806843E-003  -3.8308552901661678E-004  -4.8181549519631754E-007   6.4933897830986550E-006   5.1506266518980935E-009  -3.8240134564041623E-004  -1.4920886427025301E-004   1.9944530520770456E-003   1.4914135322640066E-006  -9.3125536575111784E-009  -3.8474919277626900E-004
 dijxc
  -3.2262470286155628E-002 -0.15108063931236554        10.470914900348944        8.7196120564799026E-005  -1.1656525945265130E-003  -3.8314197207333170E-004  -4.8183208802412035E-007   6.4936181036643297E-006   5.1510121549408539E-009  -3.8245764074879343E-004  -1.4921134315231367E-004   1.9944905971670487E-003   1.4915029055384589E-006  -9.3127502258551499E-009  -3.8480556007129902E-004
 dijxc
  -3.2262254971642569E-002 -0.15108272691847499        10.470929441567559        8.7191082484657870E-005  -1.1655798044505679E-003  -3.8310341999672054E-004  -4.8182092421287936E-007   6.4934381749075053E-006   5.1508105852987689E-009  -3.8241913474624134E-004  -1.4921807667348284E-004   1.9945692185723818E-003   1.4915418566033196E-006  -9.3132433778659689E-009  -3.8476734884383094E-004
 dijxc
  -3.2262537885638203E-002 -0.15107982371265855        10.470909802945403        8.7195347336126923E-005  -1.1656376575248945E-003  -3.8315105171839680E-004  -4.8183719662266898E-007   6.4936546034214225E-006   5.1511236177901261E-009  -3.8246664356800404E-004  -1.4922543692258054E-004   1.9946691345219011E-003   1.4916671113888934E-006  -9.3137840547049931E-009  -3.8481512555483947E-004
 dijxc
  -3.2261971875199129E-002 -0.15108562999585232        10.470949086610563        8.7186817008271964E-005  -1.1655219396490427E-003  -3.8305563538044074E-004  -4.8180463388742642E-007   6.4932214878792224E-006   5.1504974927751229E-009  -3.8237147302129461E-004  -1.4921071635032863E-004   1.9944692957743746E-003   1.4914166387319661E-006  -9.3127026793992190E-009  -3.8471941930367430E-004
 dijxc
  -3.2262255076181558E-002 -0.15108272431501435        10.470929436577856        8.7191086196638910E-005  -1.1655798807381078E-003  -3.8310325016495774E-004  -4.8182099566100748E-007   6.4934392812383077E-006   5.1508103973846617E-009  -3.8241896500349338E-004  -1.4921807655589683E-004   1.9945692632354472E-003   1.4915415975197219E-006  -9.3132425569906928E-009  -3.8476717856698373E-004
 dijxc
  -3.2262470708340596E-002 -0.15108063354701701        10.470914883014489        8.7195965716797147E-005  -1.1656505308898588E-003  -3.8314178422738196E-004  -4.8183267625522081E-007   6.4936257952055042E-006   5.1510078188478158E-009  -3.8245745619342722E-004  -1.4921213004180878E-004   1.9945010225762643E-003   1.4915094564423020E-006  -9.3128063562336289E-009  -3.8480540472512733E-004
 dijxc
  -3.2262800907682070E-002 -0.15107725604232308        10.470891983891644        8.7202451151320481E-005  -1.1657390466735930E-003  -3.8319782146771161E-004  -4.8184791827162193E-007   6.4938356586448097E-006   5.1514072006390095E-009  -3.8251333823417603E-004  -1.4921287151843649E-004   1.9945152619532096E-003   1.4915849590877982E-006  -9.3128872610518858E-009  -3.8486129485959671E-004
 dijxc
  -3.2262231209397307E-002 -0.15108308721257288        10.470931470941126        8.7194517702635825E-005  -1.1656310235488309E-003  -3.8310164488010987E-004  -4.8181338187222448E-007   6.4933757122733591E-006   5.1508075827008567E-009  -3.8241739473740088E-004  -1.4919534336182551E-004   1.9942778402432201E-003   1.4913130018003795E-006  -9.3116197602248851E-009  -3.8476471240734308E-004
 dijxc
  -3.2262556587394110E-002 -0.15107974230636215        10.470908858450100        8.7201583056654451E-005  -1.1657268281069608E-003  -3.8315647640033222E-004  -4.8182753687828606E-007   6.4935701141955619E-006   5.1512431761339359E-009  -3.8247205993070083E-004  -1.4919363608908361E-004   1.9942590215412271E-003   1.4913702656915777E-006  -9.3115533521099558E-009  -3.8481929328578867E-004
 dijxc
  -3.2262254885214205E-002 -0.15108272675855999        10.470929447944730        8.7191081678189005E-005  -1.1655797907071989E-003  -3.8310332606113196E-004  -4.8182091062395001E-007   6.4934379771193897E-006   5.1508105304364085E-009  -3.8241904081343136E-004  -1.4921807608695939E-004   1.9945692055809735E-003   1.4915418733744203E-006  -9.3132433493081075E-009  -3.8476725494577418E-004
 dijxc
  -3.2262537821725404E-002 -0.15107982400431996        10.470909803970764        8.7195346535006726E-005  -1.1656376442523767E-003  -3.8315103390519579E-004  -4.8183718542415142E-007   6.4936544399574164E-006   5.1511235798100505E-009  -3.8246662575871940E-004  -1.4922543635831559E-004   1.9946691225148261E-003   1.4916671255047490E-006  -9.3137840539032698E-009  -3.8481510777672325E-004
 dijxc
  -3.2261971998259309E-002 -0.15108563133010230        10.470949080270868        8.7186816346939404E-005  -1.1655219283256280E-003  -3.8305586035456405E-004  -4.8180462569942584E-007   6.4932213651046537E-006   5.1504974837497850E-009  -3.8237169799751000E-004  -1.4921071591468709E-004   1.9944692856381772E-003   1.4914166535110886E-006  -9.3127027196501667E-009  -3.8471964431109086E-004
 dijxc
  -3.2262255173232293E-002 -0.15108272539578604        10.470929432183951        8.7191085689650768E-005  -1.1655798717639147E-003  -3.8310342911398424E-004  -4.8182099200956153E-007   6.4934392208665129E-006   5.1508104306422491E-009  -3.8241914395309234E-004  -1.4921807627617210E-004   1.9945692556892713E-003   1.4915416120268370E-006  -9.3132426595127665E-009  -3.8476735754664490E-004
 dijxc
  -3.2262556815611146E-002 -0.15107974081731687        10.470908841730754        8.7201526184482834E-005  -1.1657260969400673E-003  -3.8315656691908888E-004  -4.8182747370728491E-007   6.4935692538188599E-006   5.1512389448677531E-009  -3.8247215134379754E-004  -1.4919381159259884E-004   1.9942613705579227E-003   1.4913715541278784E-006  -9.3115629095477460E-009  -3.8481939179908461E-004
 dijxc
  -3.2262877947140181E-002 -0.15107642285040998        10.470886473199805        8.7209053997952958E-005  -1.1658277421788988E-003  -3.8321023779067066E-004  -4.8184008845076079E-007   6.4937423332970217E-006   5.1516978573791931E-009  -3.8252564634355581E-004  -1.4918986056193712E-004   1.9942123409576545E-003   1.4914113742233325E-006  -9.3113526238841087E-009  -3.8487271939226817E-004
 dijxc
  -3.2262308928371494E-002 -0.15108225270785469        10.470925931390687        8.7200926009652671E-005  -1.1657169428720394E-003  -3.8311450762700276E-004  -4.8180721689076474E-007   6.4933039676872722E-006   5.1511035915796902E-009  -3.8243015467847880E-004  -1.4917375712442818E-004   1.9939935807069399E-003   1.4911521598118536E-006  -9.3101992821753440E-009  -3.8477663966362782E-004
 dijxc
  -3.2262627614706420E-002 -0.15107895532447221        10.470903705970212        8.7208488508980035E-005  -1.1658184526992901E-003  -3.8316793094202812E-004  -4.8182172401437565E-007   6.4935007185359576E-006   5.1515919055073290E-009  -3.8248340453993050E-004  -1.4917052734403642E-004   1.9939533357995858E-003   1.4911998955830892E-006  -9.3100763167950700E-009  -3.8482974403424442E-004
 dijxc
  -3.2262254949181848E-002 -0.15108272810625206        10.470929442292281        8.7191081155050683E-005  -1.1655797815995667E-003  -3.8310351119032334E-004  -4.8182090687300204E-007   6.4934379158764741E-006   5.1508105609930832E-009  -3.8241922594362606E-004  -1.4921807579130114E-004   1.9945691979617796E-003   1.4915418872060400E-006  -9.3132434479006332E-009  -3.8476744010512807E-004
 dijxc
  -3.2262537919186943E-002 -0.15107982469187947        10.470909802964545        8.7195346287371060E-005  -1.1656376391210900E-003  -3.8315115948301076E-004  -4.8183718854272492E-007   6.4936544723514443E-006   5.1511236763228515E-009  -3.8246675133424496E-004  -1.4922543633095185E-004   1.9946691190118205E-003   1.4916671400765414E-006  -9.3137842480209288E-009  -3.8481523338096510E-004
 dijxc
  -3.2261972011436303E-002 -0.15108563137927167        10.470949084360676        8.7186816163993162E-005  -1.1655219247597600E-003  -3.8305585621957407E-004  -4.8180462961496979E-007   6.4932214120953108E-006   5.1504975721820198E-009  -3.8237169386118211E-004  -1.4921071591267830E-004   1.9944692836813458E-003   1.4914166637581167E-006  -9.3127028915091201E-009  -3.8471964019564612E-004
 dijxc
  -3.2262255171768506E-002 -0.15108272563642505        10.470929431602142        8.7191085791781339E-005  -1.1655798722911587E-003  -3.8310345093785572E-004  -4.8182100102831392E-007   6.4934393378074361E-006   5.1508105677797891E-009  -3.8241916577199840E-004  -1.4921807652250221E-004   1.9945692575622049E-003   1.4915416233776576E-006  -9.3132428940644233E-009  -3.8476737938569446E-004
 dijxc
  -3.2262627248992815E-002 -0.15107895700535257        10.470903728833081        8.7208559674378344E-005  -1.1658194400459123E-003  -3.8316778599728832E-004  -4.8182099046431795E-007   6.4934910105272034E-006   5.1515899117513434E-009  -3.8248325743795233E-004  -1.4916997543336756E-004   1.9939460538833959E-003   1.4911951938448210E-006  -9.3100327896816225E-009  -3.8482957775234482E-004
 dijxc
  -3.2262941973031992E-002 -0.15107568253724113        10.470881743756561        8.7216414534370480E-005  -1.1659243888160181E-003  -3.8321986993556235E-004  -4.8183508583961272E-007   6.4936811107744698E-006   5.1521025928328043E-009  -3.8253516301543821E-004  -1.4916558840829842E-004   1.9938898430139269E-003   1.4912347055381550E-006  -9.3098500950081773E-009  -3.8488129389337546E-004
 dijxc
  -3.2262375120528791E-002 -0.15108149709254776        10.470921066586122        8.7207856426740934E-005  -1.1658077894188693E-003  -3.8312467757625258E-004  -4.8180419418837998E-007   6.4932688814584399E-006   5.1514983403813041E-009  -3.8244021965877734E-004  -1.4915185061365266E-004   1.9937023628178539E-003   1.4909943881637380E-006  -9.3088660733292233E-009  -3.8478584759297802E-004
 dijxc
  -3.2262691089535736E-002 -0.15107821488699430        10.470899008925807        8.7215168436274705E-005  -1.1659050318667942E-003  -3.8317713562539227E-004  -4.8182154863764980E-007   6.4935013215240243E-006   5.1520109468583802E-009  -3.8249251498023967E-004  -1.4915074667291029E-004   1.9936890592528677E-003   1.4910597832091118E-006  -9.3089344937962395E-009  -3.8483806811577764E-004
 dijxc
  -3.2262254869103987E-002 -0.15108272717941251        10.470929451033191        8.7191081258351690E-005  -1.1655797825404727E-003  -3.8310333629349097E-004  -4.8182091658924011E-007   6.4934380443835644E-006   5.1508106960106239E-009  -3.8241905104292948E-004  -1.4921807603014985E-004   1.9945692004178154E-003   1.4915418957328261E-006  -9.3132436772364614E-009  -3.8476726522014559E-004
 dijxc
  -3.2262537893707831E-002 -0.15107982452635216        10.470909805852397        8.7195346730453723E-005  -1.1656376454220532E-003  -3.8315111624039196E-004  -4.8183720409313778E-007   6.4936546835773252E-006   5.1511238547699038E-009  -3.8246670808481055E-004  -1.4922543683939938E-004   1.9946691265053272E-003   1.4916671463365062E-006  -9.3137845239645166E-009  -3.8481519014032487E-004
 dijxc
  -3.2261971877483621E-002 -0.15108563053741064        10.470949090255095        8.7186816614183503E-005  -1.1655219306055038E-003  -3.8305566882001444E-004  -4.8180464357461910E-007   6.4932215989203552E-006   5.1504977475585620E-009  -3.8237150645305522E-004  -1.4921071642031445E-004   1.9944692902205069E-003   1.4914166740731899E-006  -9.3127031620818787E-009  -3.8471945280214891E-004
 dijxc
  -3.2262255135810367E-002 -0.15108272485819119        10.470929437247861        8.7191086453404100E-005  -1.1655798816922411E-003  -3.8310333621535285E-004  -4.8182101680138887E-007   6.4934395530289924E-006   5.1508107467225418E-009  -3.8241905103962896E-004  -1.4921807715361163E-004   1.9945692670204768E-003   1.4915416306292564E-006  -9.3132431480375812E-009  -3.8476726466003103E-004
 dijxc
  -3.2262690199519564E-002 -0.15107822207704025        10.470899058792025        8.7215319949568220E-005  -1.1659070495763691E-003  -3.8317705365989354E-004  -4.8182072791601383E-007   6.4934903293785387E-006   5.1520143781370978E-009  -3.8249242911842787E-004  -1.4914988003907330E-004   1.9936775565907163E-003   1.4910530712966342E-006  -9.3088728583712572E-009  -3.8483795171703706E-004
 dijxc
  -3.2263004605881627E-002 -0.15107495112170266        10.470877099254679        8.7222552898969405E-005  -1.1660027657267422E-003  -3.8322920588755582E-004  -4.8183910147104577E-007   6.4937351785361233E-006   5.1525392515043804E-009  -3.8254442260634387E-004  -1.4914949747251092E-004   1.9936731807463177E-003   1.4911245853862414E-006  -9.3090121122798086E-009  -3.8488989441697854E-004
 dijxc
  -3.2262441021831206E-002 -0.15108073915114595        10.470916229808580        8.7213582732977208E-005  -1.1658808553594614E-003  -3.8313448870417276E-004  -4.8180871564170437E-007   6.4933303354363073E-006   5.1519077086562316E-009  -3.8244996353569186E-004  -1.4913736067211574E-004   1.9935071411617102E-003   1.4908941449956353E-006  -9.3081209454029315E-009  -3.8479499004033350E-004
 dijxc
  -3.2262761009396700E-002 -0.15107742989786965        10.470893936072002        8.7219982272919382E-005  -1.1659654640101872E-003  -3.8318810458725185E-004  -4.8182883900895472E-007   6.4935991392641366E-006   5.1523891513011853E-009  -3.8250344139269797E-004  -1.4914043096994118E-004   1.9935484919226271E-003   1.4909866360706561E-006  -9.3084792319165392E-009  -3.8484853809035388E-004
 dijxc
  -3.2262254763761988E-002 -0.15108272650620408        10.470929456837423        8.7191081956645029E-005  -1.1655797924446682E-003  -3.8310318157407910E-004  -4.8182093335450129E-007   6.4934382729444361E-006   5.1508108855187196E-009  -3.8241889631305973E-004  -1.4921807669726145E-004   1.9945692103832124E-003   1.4915419034236390E-006  -9.3132439474212425E-009  -3.8476711049747266E-004
 dijxc
  -3.2262537848362111E-002 -0.15107982419369143        10.470909805081691        8.7195347643360694E-005  -1.1656376585794897E-003  -3.8315106090923456E-004  -4.8183722160149176E-007   6.4936549242269097E-006   5.1511240439253592E-009  -3.8246665274099193E-004  -1.4922543762549886E-004   1.9946691387390412E-003   1.4916671531468908E-006  -9.3137847705077082E-009  -3.8481513479879739E-004
 dijxc
  -3.2261971983799487E-002 -0.15108563130890143        10.470949084480088        8.7186817409563690E-005  -1.1655219422095845E-003  -3.8305582676056776E-004  -4.8180465818684482E-007   6.4932218008943281E-006   5.1504979059886417E-009  -3.8237166438274918E-004  -1.4921071707603266E-004   1.9944693007311670E-003   1.4914166794075487E-006  -9.3127033608505393E-009  -3.8471961073224445E-004
 dijxc
  -3.2262255182986664E-002 -0.15108272545275214        10.470929432898537        8.7191087283514752E-005  -1.1655798938645476E-003  -3.8310343392198513E-004  -4.8182102927681040E-007   6.4934397269134266E-006   5.1508108809666744E-009  -3.8241914873511466E-004  -1.4921807776716771E-004   1.9945692771495085E-003   1.4915416350400053E-006  -9.3132432940636459E-009  -3.8476736235248628E-004
 dijxc
  -3.2262759547703655E-002 -0.15107743939142868        10.470894023898165        8.7220122012511106E-005  -1.1659672351337321E-003  -3.8318769560106926E-004  -4.8182860077975108E-007   6.4935955833157829E-006   5.1523989471271821E-009  -3.8250302913370399E-004  -1.4913987605357746E-004   1.9935410148218093E-003   1.4909835050016055E-006  -9.3084480890261971E-009  -3.8484810652942192E-004
 dijxc
  -3.2263080822945843E-002 -0.15107411860989278        10.470871655472802        8.7226078913129023E-005  -1.1660456657551807E-003  -3.8324144374075398E-004  -4.8185018360310357E-007   6.4938833531839678E-006   5.1528679566953471E-009  -3.8255665111370531E-004  -1.4914500081654474E-004   1.9936091987618498E-003   1.4910898866629489E-006  -9.3089534345113210E-009  -3.8490187077455467E-004
 dijxc
  -3.2262520688493494E-002 -0.15107987829368505        10.470910579887398        8.7216936920401315E-005  -1.1659218921872081E-003  -3.8314725815257974E-004  -4.8181834992630015E-007   6.4934607626364245E-006   5.1522024906467607E-009  -3.8246272608957483E-004  -1.4913261740050269E-004   1.9934404031661033E-003   1.4908520388945471E-006  -9.3080088226767256E-009  -3.8480749141244083E-004
 dijxc
  -3.2262850458079126E-002 -0.15107649614013408        10.470887693102966        8.7222178159591612E-005  -1.1659914172555208E-003  -3.8320307646548058E-004  -4.8183862982993403E-007   6.4937340795094376E-006   5.1525950782190555E-009  -3.8251843369661084E-004  -1.4913900224544857E-004   1.9935260080434442E-003   1.4909547058452530E-006  -9.3085352921998489E-009  -3.8486338305782075E-004
 dijxc
  -3.2262254844744979E-002 -0.15108272728765984        10.470929448822073        8.7191082823072157E-005  -1.1655798051169793E-003  -3.8310333749191862E-004  -4.8182094621860835E-007   6.4934384521153291E-006   5.1508110229116426E-009  -3.8241905221933264E-004  -1.4921807734357933E-004   1.9945692209780309E-003   1.4915419079673511E-006  -9.3132440965058026E-009  -3.8476726640057873E-004
 dijxc
  -3.2262537863272142E-002 -0.15107982354100497        10.470909811829525        8.7195348454765132E-005  -1.1656376704729586E-003  -3.8315098088803645E-004  -4.8183723018358078E-007   6.4936550457232362E-006   5.1511241381521564E-009  -3.8246657270884750E-004  -1.4922543813754039E-004   1.9946691474608735E-003   1.4916671568151704E-006  -9.3137848391275562E-009  -3.8481505476058110E-004
 dijxc
  -3.2261972039282980E-002 -0.15108563113879769        10.470949084514464        8.7186818096435080E-005  -1.1655219521082047E-003  -3.8305584792975341E-004  -4.8180466518822922E-007   6.4932218993481296E-006   5.1504979893883453E-009  -3.8237168554218698E-004  -1.4921071749228774E-004   1.9944693075960806E-003   1.4914166835219058E-006  -9.3127034206459816E-009  -3.8471963188770216E-004
 dijxc
  -3.2262255105785974E-002 -0.15108272507716919        10.470929433361952        8.7191087797972816E-005  -1.1655799011543765E-003  -3.8310334656239747E-004  -4.8182103251671852E-007   6.4934397731418277E-006   5.1508109287054530E-009  -3.8241906136796578E-004  -1.4921807798447208E-004   1.9945692808216006E-003   1.4915416378537734E-006  -9.3132432979062721E-009  -3.8476727497983333E-004
 dijxc
  -3.2262848869771252E-002 -0.15107650573680712        10.470887786922816        8.7222228646099341E-005  -1.1659919109739826E-003  -3.8320255140411293E-004  -4.8183912829832039E-007   6.4937400126319510E-006   5.1526074022523289E-009  -3.8251790782593083E-004  -1.4913913454123298E-004   1.9935275341690008E-003   1.4909580043444482E-006  -9.3085586649847390E-009  -3.8486286261749407E-004
 dijxc
  -3.2263182942489241E-002 -0.15107308975540085        10.470864643659446        8.7226860072214642E-005  -1.1660534152635315E-003  -3.8325916857872059E-004  -4.8185991682082454E-007   6.4940209543804698E-006   5.1529597141673484E-009  -3.8257442864005704E-004  -1.4914747115453230E-004   1.9936390686912751E-003   1.4910691210248489E-006  -9.3091972137781862E-009  -3.8491963541276023E-004
 dijxc
  -3.2262624961993676E-002 -0.15107883066975475        10.470903420176230        8.7217847368194616E-005  -1.1659318552660054E-003  -3.8316536162815861E-004  -4.8182599381835203E-007   6.4935722599065500E-006   5.1522736644274633E-009  -3.8248087729147832E-004  -1.4913329874677634E-004   1.9934471550308260E-003   1.4908117571413272E-006  -9.3080985101901981E-009  -3.8482556496554287E-004
 dijxc
  -3.2262967550179017E-002 -0.15107534790627883        10.470879739636487        8.7222159945150385E-005  -1.1659901928032254E-003  -3.8322372782909054E-004  -4.8184370817771761E-007   6.4938166230434327E-006   5.1525513326893911E-009  -3.8253915141987934E-004  -1.4914008514925315E-004   1.9935394118503879E-003   1.4908933045349047E-006  -9.3085534180377378E-009  -3.8488403091977135E-004
 dijxc
  -3.2262254925242470E-002 -0.15108272744091877        10.470929447562431        8.7191083328691101E-005  -1.1655798126886977E-003  -3.8310340791578273E-004  -4.8182094884377161E-007   6.4934384923757851E-006   5.1508110558537018E-009  -3.8241912263674164E-004  -1.4921807753031678E-004   1.9945692249263912E-003   1.4915419081234193E-006  -9.3132440726947287E-009  -3.8476733680799008E-004
