 dijxc
  -9.5001508913258609E-003   9.7222704535608828E-002 -0.75971042861306703        9.2982851972293236E-005  -1.2230888651386328E-003  -1.3461341179919714E-003  -5.1391936132821182E-007   6.8126407373987751E-006   5.1949306819379106E-009  -1.3454439673159474E-003   1.5912975873937614E-004  -2.0929850426013382E-003  -1.5043288170381736E-006   9.3930858764064757E-009  -1.3478123119061674E-003
  -9.5001508913258609E-003   9.7222704535608828E-002 -0.75971042861306703        9.2982851972293236E-005  -1.2230888651386328E-003  -1.3461341179919714E-003  -5.1391936132821182E-007   6.8126407373987751E-006   5.1949306819379106E-009  -1.3454439673159474E-003   1.5912975873937614E-004  -2.0929850426013382E-003  -1.5043288170381736E-006   9.3930858764064757E-009  -1.3478123119061674E-003
 dijxc
  -9.5001508913258609E-003   9.7222704535608828E-002 -0.75971042861306703        9.2982851972293236E-005  -1.2230888651386328E-003  -1.3461341179919714E-003  -5.1391936132821182E-007   6.8126407373987751E-006   5.1949306819379106E-009  -1.3454439673159474E-003   1.5912975873937614E-004  -2.0929850426013382E-003  -1.5043288170381736E-006   9.3930858764064757E-009  -1.3478123119061674E-003
  -9.5001508913258609E-003   9.7222704535608828E-002 -0.75971042861306703        9.2982851972293236E-005  -1.2230888651386328E-003  -1.3461341179919714E-003  -5.1391936132821182E-007   6.8126407373987751E-006   5.1949306819379106E-009  -1.3454439673159474E-003   1.5912975873937614E-004  -2.0929850426013382E-003  -1.5043288170381736E-006   9.3930858764064757E-009  -1.3478123119061674E-003
 dijxc
  -9.5004883932848679E-003   9.7226163737468771E-002 -0.75973744027160472        9.2987873404023566E-005  -1.2231542492007266E-003  -1.3461818166491306E-003  -5.1393933536903026E-007   6.8128940367231768E-006   5.1952496675237747E-009  -1.3454915415907756E-003   1.5913841743817037E-004  -2.0930978821027241E-003  -1.5044560644759553E-006   9.3936370473973082E-009  -1.3478601578082933E-003
  -9.5004883932848679E-003   9.7226163737468771E-002 -0.75973744027160472        9.2987873404023566E-005  -1.2231542492007266E-003  -1.3461818166491306E-003  -5.1393933536903026E-007   6.8128940367231768E-006   5.1952496675237747E-009  -1.3454915415907756E-003   1.5913841743817037E-004  -2.0930978821027241E-003  -1.5044560644759553E-006   9.3936370473973082E-009  -1.3478601578082933E-003
 dijxc
  -9.4998134130353969E-003   9.7219245909073465E-002 -0.75968341744262691        9.2977831062505937E-005  -1.2230234876353717E-003  -1.3460863922519449E-003  -5.1389938847321737E-007   6.8123874515390235E-006   5.1946117326117874E-009  -1.3453963659448684E-003   1.5912110095663311E-004  -2.0928722146399989E-003  -1.5042015884986131E-006   9.3925347679429585E-009  -1.3477644389436434E-003
  -9.4998134130353969E-003   9.7219245909073465E-002 -0.75968341744262691        9.2977831062505937E-005  -1.2230234876353717E-003  -1.3460863922519449E-003  -5.1389938847321737E-007   6.8123874515390235E-006   5.1946117326117874E-009  -1.3453963659448684E-003   1.5912110095663311E-004  -2.0928722146399989E-003  -1.5042015884986131E-006   9.3925347679429585E-009  -1.3477644389436434E-003
 dijxc
  -9.5001512149142844E-003   9.7222707232932346E-002 -0.75971044880935590        9.2982857242166750E-005  -1.2230889610591324E-003  -1.3461341389431265E-003  -5.1391945211077381E-007   6.8126420815500787E-006   5.1949305494486086E-009  -1.3454439883513695E-003   1.5912976005187508E-004  -2.0929851060671268E-003  -1.5043285464952535E-006   9.3930850825520783E-009  -1.3478123323799362E-003
  -9.5001512149142844E-003   9.7222707232932346E-002 -0.75971044880935590        9.2982857242166750E-005  -1.2230889610591324E-003  -1.3461341389431265E-003  -5.1391945211077381E-007   6.8126420815500787E-006   5.1949305494486086E-009  -1.3454439883513695E-003   1.5912976005187508E-004  -2.0929851060671268E-003  -1.5043285464952535E-006   9.3930850825520783E-009  -1.3478123323799362E-003
 dijxc
  -9.5001510849412937E-003   9.7222705969001857E-002 -0.75971043475795141        9.2982833318522055E-005  -1.2230886368142333E-003  -1.3461341242498993E-003  -5.1391934113256206E-007   6.8126404782767946E-006   5.1949288990615702E-009  -1.3454439738671434E-003   1.5912969352533906E-004  -2.0929844696947471E-003  -1.5043289179006424E-006   9.3930835051967360E-009  -1.3478123315022385E-003
  -9.5001510849412937E-003   9.7222705969001857E-002 -0.75971043475795141        9.2982833318522055E-005  -1.2230886368142333E-003  -1.3461341242498993E-003  -5.1391934113256206E-007   6.8126404782767946E-006   5.1949288990615702E-009  -1.3454439738671434E-003   1.5912969352533906E-004  -2.0929844696947471E-003  -1.5043289179006424E-006   9.3930835051967360E-009  -1.3478123315022385E-003
 dijxc
  -9.5004201311697529E-003   9.7225509656746367E-002 -0.75973221167886296        9.2987069927262517E-005  -1.2231425103095936E-003  -1.3461711915796972E-003  -5.1393296225582777E-007   6.8128043857412677E-006   5.1952155079752722E-009  -1.3454809148754775E-003   1.5913649127029543E-004  -2.0930707648311787E-003  -1.5044390146241157E-006   9.3935281323807326E-009  -1.3478495007080184E-003
  -9.5004201311697529E-003   9.7225509656746367E-002 -0.75973221167886296        9.2987069927262517E-005  -1.2231425103095936E-003  -1.3461711915796972E-003  -5.1393296225582777E-007   6.8128043857412677E-006   5.1952155079752722E-009  -1.3454809148754775E-003   1.5913649127029543E-004  -2.0930707648311787E-003  -1.5044390146241157E-006   9.3935281323807326E-009  -1.3478495007080184E-003
 dijxc
  -9.4997453389251522E-003   9.7218590554331796E-002 -0.75967820424591181        9.2977023318314498E-005  -1.2230116923995541E-003  -1.3460760630569849E-003  -5.1389303960864888E-007   6.8122981164748021E-006   5.1945775108929013E-009  -1.3453860351880296E-003   1.5911921070617318E-004  -2.0928455671352288E-003  -1.5041848842496474E-006   9.3924283368573432E-009  -1.3477540794538346E-003
  -9.4997453389251522E-003   9.7218590554331796E-002 -0.75967820424591181        9.2977023318314498E-005  -1.2230116923995541E-003  -1.3460760630569849E-003  -5.1389303960864888E-007   6.8122981164748021E-006   5.1945775108929013E-009  -1.3453860351880296E-003   1.5911921070617318E-004  -2.0928455671352288E-003  -1.5041848842496474E-006   9.3924283368573432E-009  -1.3477540794538346E-003
 dijxc
  -9.5000179248137945E-003   9.7221422013096165E-002 -0.75970021167762913        9.2980758713092699E-005  -1.2230590791137035E-003  -1.3461135883512019E-003  -5.1390914083213764E-007   6.8124946092409722E-006   5.1948504079332872E-009  -1.3454234451162185E-003   1.5912876307052631E-004  -2.0929679510941100E-003  -1.5043157810710037E-006   9.3930554791519827E-009  -1.3477918122453032E-003
  -9.5000179248137945E-003   9.7221422013096165E-002 -0.75970021167762913        9.2980758713092699E-005  -1.2230590791137035E-003  -1.3461135883512019E-003  -5.1390914083213764E-007   6.8124946092409722E-006   5.1948504079332872E-009  -1.3454234451162185E-003   1.5912876307052631E-004  -2.0929679510941100E-003  -1.5043157810710037E-006   9.3930554791519827E-009  -1.3477918122453032E-003
 dijxc
  -9.5001509285298630E-003   9.7222704721392605E-002 -0.75971042560574797        9.2982851952627367E-005  -1.2230888650562562E-003  -1.3461341154227496E-003  -5.1391936036650977E-007   6.8126407253513417E-006   5.1949306693858691E-009  -1.3454439647474041E-003   1.5912975868876452E-004  -2.0929850422372730E-003  -1.5043288156219932E-006   9.3930858505656792E-009  -1.3478123093349985E-003
  -9.5001509285298630E-003   9.7222704721392605E-002 -0.75971042560574797        9.2982851952627367E-005  -1.2230888650562562E-003  -1.3461341154227496E-003  -5.1391936036650977E-007   6.8126407253513417E-006   5.1949306693858691E-009  -1.3454439647474041E-003   1.5912975868876452E-004  -2.0929850422372730E-003  -1.5043288156219932E-006   9.3930858505656792E-009  -1.3478123093349985E-003
 dijxc
  -9.5004883374557487E-003   9.7226164161843584E-002 -0.75973743294784390        9.2987872997936293E-005  -1.2231542430561253E-003  -1.3461817143326691E-003  -5.1393932645435853E-007   6.8128939141028571E-006   5.1952496078971832E-009  -1.3454914392767492E-003   1.5913841703965110E-004  -2.0930978754530719E-003  -1.5044560684659524E-006   9.3936369609271590E-009  -1.3478600555028356E-003
  -9.5004883374557487E-003   9.7226164161843584E-002 -0.75973743294784390        9.2987872997936293E-005  -1.2231542430561253E-003  -1.3461817143326691E-003  -5.1393932645435853E-007   6.8128939141028571E-006   5.1952496078971832E-009  -1.3454914392767492E-003   1.5913841703965110E-004  -2.0930978754530719E-003  -1.5044560684659524E-006   9.3936369609271590E-009  -1.3478600555028356E-003
 dijxc
  -9.4998136236612799E-003   9.7219244338918334E-002 -0.75968342723664783        9.2977830665962136E-005  -1.2230234814997747E-003  -1.3460867118164062E-003  -5.1389937967934958E-007   6.8123873298777136E-006   5.1946116763995543E-009  -1.3453966855113317E-003   1.5912110057468199E-004  -2.0928722080090652E-003  -1.5042015933600151E-006   9.3925346882085874E-009  -1.3477647585200890E-003
  -9.4998136236612799E-003   9.7219244338918334E-002 -0.75968342723664783        9.2977830665962136E-005  -1.2230234814997747E-003  -1.3460867118164062E-003  -5.1389937967934958E-007   6.8123873298777136E-006   5.1946116763995543E-009  -1.3453966855113317E-003   1.5912110057468199E-004  -2.0928722080090652E-003  -1.5042015933600151E-006   9.3925346882085874E-009  -1.3477647585200890E-003
 dijxc
  -9.5001512056697452E-003   9.7222706788637564E-002 -0.75971044688310163        9.2982856579242255E-005  -1.2230889508309953E-003  -1.3461341650646834E-003  -5.1391943843047502E-007   6.8126418919991620E-006   5.1949304629335112E-009  -1.3454440144765796E-003   1.5912975944302506E-004  -2.0929850954227816E-003  -1.5043285542166295E-006   9.3930849662094047E-009  -1.3478123585218258E-003
  -9.5001512056697452E-003   9.7222706788637564E-002 -0.75971044688310163        9.2982856579242255E-005  -1.2230889508309953E-003  -1.3461341650646834E-003  -5.1391943843047502E-007   6.8126418919991620E-006   5.1949304629335112E-009  -1.3454440144765796E-003   1.5912975944302506E-004  -2.0929850954227816E-003  -1.5043285542166295E-006   9.3930849662094047E-009  -1.3478123585218258E-003
 dijxc
  -9.5000166127268536E-003   9.7221411030755905E-002 -0.75970012375400731        9.2980918790415488E-005  -1.2230611330534748E-003  -1.3461134738143785E-003  -5.1390826964819090E-007   6.8124830633546117E-006   5.1948549632792792E-009  -1.3454233269334758E-003   1.5912787079258429E-004  -2.0929562319034608E-003  -1.5043092965616451E-006   9.3929968947031034E-009  -1.3477916639953386E-003
  -9.5000166127268536E-003   9.7221411030755905E-002 -0.75970012375400731        9.2980918790415488E-005  -1.2230611330534748E-003  -1.3461134738143785E-003  -5.1390826964819090E-007   6.8124830633546117E-006   5.1948549632792792E-009  -1.3454233269334758E-003   1.5912787079258429E-004  -2.0929562319034608E-003  -1.5043092965616451E-006   9.3929968947031034E-009  -1.3477916639953386E-003
 dijxc
  -9.5002891548458049E-003   9.7224241074640241E-002 -0.75972213268986399        9.2984658940784197E-005  -1.2231085689341135E-003  -1.3461511423575510E-003  -5.1392419504695565E-007   6.8126771390360321E-006   5.1951275778404233E-009  -1.3454608796891533E-003   1.5913740635671044E-004  -2.0930783764791226E-003  -1.5044406624227248E-006   9.3936224838186515E-009  -1.3478295406449733E-003
  -9.5002891548458049E-003   9.7224241074640241E-002 -0.75972213268986399        9.2984658940784197E-005  -1.2231085689341135E-003  -1.3461511423575510E-003  -5.1392419504695565E-007   6.8126771390360321E-006   5.1951275778404233E-009  -1.3454608796891533E-003   1.5913740635671044E-004  -2.0930783764791226E-003  -1.5044406624227248E-006   9.3936224838186515E-009  -1.3478295406449733E-003
 dijxc
  -9.4996173288696886E-003   9.7217341507644842E-002 -0.75966831315570515        9.2974160722126371E-005  -1.2229719050455851E-003  -1.3460567086958715E-003  -5.1388623149227447E-007   6.8121965500354629E-006   5.1944756949115806E-009  -1.3453667044492992E-003   1.5912247812134567E-004  -2.0928839851285059E-003  -1.5042042023218866E-006   9.3926771801695639E-009  -1.3477349048242786E-003
  -9.4996173288696886E-003   9.7217341507644842E-002 -0.75966831315570515        9.2974160722126371E-005  -1.2229719050455851E-003  -1.3460567086958715E-003  -5.1388623149227447E-007   6.8121965500354629E-006   5.1944756949115806E-009  -1.3453667044492992E-003   1.5912247812134567E-004  -2.0928839851285059E-003  -1.5042042023218866E-006   9.3926771801695639E-009  -1.3477349048242786E-003
 dijxc
  -9.4998959383869493E-003   9.7220217206999165E-002 -0.75969072326880049        9.2977100424018874E-005  -1.2230090634215069E-003  -1.3460953875345223E-003  -5.1390559245630620E-007   6.8124359757239260E-006   5.1947207141445724E-009  -1.3454052844271182E-003   1.5913621185287285E-004  -2.0930612394210028E-003  -1.5043669136098954E-006   9.3935733637086427E-009  -1.3477739534917996E-003
  -9.4998959383869493E-003   9.7220217206999165E-002 -0.75969072326880049        9.2977100424018874E-005  -1.2230090634215069E-003  -1.3460953875345223E-003  -5.1390559245630620E-007   6.8124359757239260E-006   5.1947207141445724E-009  -1.3454052844271182E-003   1.5913621185287285E-004  -2.0930612394210028E-003  -1.5043669136098954E-006   9.3935733637086427E-009  -1.3477739534917996E-003
 dijxc
  -9.5001508846596985E-003   9.7222704467775853E-002 -0.75971042538277900        9.2982851266461969E-005  -1.2230888541185669E-003  -1.3461341109673381E-003  -5.1391934577410367E-007   6.8126405214887657E-006   5.1949305844615079E-009  -1.3454439602947005E-003   1.5912975806817698E-004  -2.0929850307437460E-003  -1.5043288262345338E-006   9.3930857392634208E-009  -1.3478123049037239E-003
  -9.5001508846596985E-003   9.7222704467775853E-002 -0.75971042538277900        9.2982851266461969E-005  -1.2230888541185669E-003  -1.3461341109673381E-003  -5.1391934577410367E-007   6.8126405214887657E-006   5.1949305844615079E-009  -1.3454439602947005E-003   1.5912975806817698E-004  -2.0929850307437460E-003  -1.5043288262345338E-006   9.3930857392634208E-009  -1.3478123049037239E-003
 dijxc
  -9.5004882277399966E-003   9.7226164178596475E-002 -0.75973742598863270        9.2987872051914712E-005  -1.2231542280974777E-003  -1.3461816121960743E-003  -5.1393930696690180E-007   6.8128936421933048E-006   5.1952494930788273E-009  -1.3454913371443182E-003   1.5913841620353626E-004  -2.0930978600712312E-003  -1.5044560822170512E-006   9.3936368140599872E-009  -1.3478599533990250E-003
  -9.5004882277399966E-003   9.7226164178596475E-002 -0.75973742598863270        9.2987872051914712E-005  -1.2231542280974777E-003  -1.3461816121960743E-003  -5.1393930696690180E-007   6.8128936421933048E-006   5.1952494930788273E-009  -1.3454913371443182E-003   1.5913841620353626E-004  -2.0930978600712312E-003  -1.5044560822170512E-006   9.3936368140599872E-009  -1.3478599533990250E-003
 dijxc
  -9.4998132766081385E-003   9.7219246173480475E-002 -0.75968340737979667        9.2977829831452253E-005  -1.2230234681849519E-003  -1.3460862428798408E-003  -5.1389936282508620E-007   6.8123870937060425E-006   5.1946115810340718E-009  -1.3453962165780884E-003   1.5912109985238100E-004  -2.0928721944377940E-003  -1.5042016064700104E-006   9.3925345705251930E-009  -1.3477642896139650E-003
  -9.4998132766081385E-003   9.7219246173480475E-002 -0.75968340737979667        9.2977829831452253E-005  -1.2230234681849519E-003  -1.3460862428798408E-003  -5.1389936282508620E-007   6.8123870937060425E-006   5.1946115810340718E-009  -1.3453962165780884E-003   1.5912109985238100E-004  -2.0928721944377940E-003  -1.5042016064700104E-006   9.3925345705251930E-009  -1.3477642896139650E-003
 dijxc
  -9.5001511942919611E-003   9.7222706274575868E-002 -0.75971044527524312        9.2982855677889870E-005  -1.2230889364251939E-003  -1.3461341993507481E-003  -5.1391942115529809E-007   6.8126416489952968E-006   5.1949303689711744E-009  -1.3454440487661963E-003   1.5912975869117148E-004  -2.0929850810972521E-003  -1.5043285687320404E-006   9.3930848575396039E-009  -1.3478123928419678E-003
  -9.5001511942919611E-003   9.7222706274575868E-002 -0.75971044527524312        9.2982855677889870E-005  -1.2230889364251939E-003  -1.3461341993507481E-003  -5.1391942115529809E-007   6.8126416489952968E-006   5.1949303689711744E-009  -1.3454440487661963E-003   1.5912975869117148E-004  -2.0929850810972521E-003  -1.5043285687320404E-006   9.3930848575396039E-009  -1.3478123928419678E-003
 dijxc
  -9.4998944521472346E-003   9.7220207614803225E-002 -0.75969062810713350        9.2977253760437699E-005  -1.2230110252877101E-003  -1.3460950056385619E-003  -5.1390477252956830E-007   6.8124250895693612E-006   5.1947253328079192E-009  -1.3454048990431070E-003   1.5913536681726564E-004  -2.0930501340541453E-003  -1.5043608389970539E-006   9.3935182689592947E-009  -1.3477735398154124E-003
  -9.4998944521472346E-003   9.7220207614803225E-002 -0.75969062810713350        9.2977253760437699E-005  -1.2230110252877101E-003  -1.3460950056385619E-003  -5.1390477252956830E-007   6.8124250895693612E-006   5.1947253328079192E-009  -1.3454048990431070E-003   1.5913536681726564E-004  -2.0930501340541453E-003  -1.5043608389970539E-006   9.3935182689592947E-009  -1.3477735398154124E-003
 dijxc
  -9.5001757865908493E-003   9.7223103068786509E-002 -0.75971321669412351        9.2979833508571643E-005  -1.2230435562934825E-003  -1.3461342479212494E-003  -5.1392540984223791E-007   6.8126812505165490E-006   5.1949567691968228E-009  -1.3454440495600775E-003   1.5915096398293923E-004  -2.0932518360493937E-003  -1.5045381787632404E-006   9.3945332307220331E-009  -1.3478132253236092E-003
  -9.5001757865908493E-003   9.7223103068786509E-002 -0.75971321669412351        9.2979833508571643E-005  -1.2230435562934825E-003  -1.3461342479212494E-003  -5.1392540984223791E-007   6.8126812505165490E-006   5.1949567691968228E-009  -1.3454440495600775E-003   1.5915096398293923E-004  -2.0932518360493937E-003  -1.5045381787632404E-006   9.3945332307220331E-009  -1.3478132253236092E-003
 dijxc
  -9.4995054534997257E-003   9.7216214963187039E-002 -0.75965949179278858        9.2969162850826734E-005  -1.2229047811551537E-003  -1.3460400015398400E-003  -5.1388761227885089E-007   6.8122031958499989E-006   5.1942922648700577E-009  -1.3453500647184712E-003   1.5913665582154710E-004  -2.0930657301967601E-003  -1.5043054269672707E-006   9.3936189539443327E-009  -1.3477188014144369E-003
  -9.4995054534997257E-003   9.7216214963187039E-002 -0.75965949179278858        9.2969162850826734E-005  -1.2229047811551537E-003  -1.3460400015398400E-003  -5.1388761227885089E-007   6.8122031958499989E-006   5.1942922648700577E-009  -1.3453500647184712E-003   1.5913665582154710E-004  -2.0930657301967601E-003  -1.5043054269672707E-006   9.3936189539443327E-009  -1.3477188014144369E-003
 dijxc
  -9.4997932273714284E-003   9.7219154993808829E-002 -0.75968250739820586        9.2971143155477789E-005  -1.2229299077315529E-003  -1.3460807312901631E-003  -5.1390965212102823E-007   6.8124788244317130E-006   5.1944870700080719E-009  -1.3453907141055151E-003   1.5915487688217297E-004  -2.0933022954697125E-003  -1.5045006076912877E-006   9.3947806833837914E-009  -1.3477600771926552E-003
  -9.4997932273714284E-003   9.7219154993808829E-002 -0.75968250739820586        9.2971143155477789E-005  -1.2229299077315529E-003  -1.3460807312901631E-003  -5.1390965212102823E-007   6.8124788244317130E-006   5.1944870700080719E-009  -1.3453907141055151E-003   1.5915487688217297E-004  -2.0933022954697125E-003  -1.5045006076912877E-006   9.3947806833837914E-009  -1.3477600771926552E-003
 dijxc
  -9.5001508423809920E-003   9.7222703607569974E-002 -0.75971042644056608        9.2982850317578961E-005  -1.2230888391711182E-003  -1.3461341663245272E-003  -5.1391932753059423E-007   6.8126402661916496E-006   5.1949304806086825E-009  -1.3454440156561388E-003   1.5912975726153154E-004  -2.0929850158366995E-003  -1.5043288400991623E-006   9.3930856149727277E-009  -1.3478123602948264E-003
  -9.5001508423809920E-003   9.7222703607569974E-002 -0.75971042644056608        9.2982850317578961E-005  -1.2230888391711182E-003  -1.3461341663245272E-003  -5.1391932753059423E-007   6.8126402661916496E-006   5.1949304806086825E-009  -1.3454440156561388E-003   1.5912975726153154E-004  -2.0929850158366995E-003  -1.5043288400991623E-006   9.3930856149727277E-009  -1.3478123602948264E-003
 dijxc
  -9.5004881806143027E-003   9.7226163650179456E-002 -0.75973742560220570        9.2987871124586985E-005  -1.2231542134505502E-003  -1.3461816295206579E-003  -5.1393929024366806E-007   6.8128934069890935E-006   5.1952494028984512E-009  -1.3454913544729177E-003   1.5913841545058105E-004  -2.0930978459044124E-003  -1.5044560964097051E-006   9.3936367155826976E-009  -1.3478599707584878E-003
  -9.5004881806143027E-003   9.7226163650179456E-002 -0.75973742560220570        9.2987871124586985E-005  -1.2231542134505502E-003  -1.3461816295206579E-003  -5.1393929024366806E-007   6.8128934069890935E-006   5.1952494028984512E-009  -1.3454913544729177E-003   1.5913841545058105E-004  -2.0930978459044124E-003  -1.5044560964097051E-006   9.3936367155826976E-009  -1.3478599707584878E-003
 dijxc
  -9.4998133717921155E-003   9.7219244870751426E-002 -0.75968341313596588        9.2977829045452542E-005  -1.2230234558666610E-003  -1.3460864468491662E-003  -5.1389934914680461E-007   6.8123869012747512E-006   5.1946115076475798E-009  -1.3453964205509968E-003   1.5912109922642371E-004  -2.0928721827591463E-003  -1.5042016182154139E-006   9.3925344928058371E-009  -1.3477644936129480E-003
  -9.4998133717921155E-003   9.7219244870751426E-002 -0.75968341313596588        9.2977829045452542E-005  -1.2230234558666610E-003  -1.3460864468491662E-003  -5.1389934914680461E-007   6.8123869012747512E-006   5.1946115076475798E-009  -1.3453964205509968E-003   1.5912109922642371E-004  -2.0928721827591463E-003  -1.5042016182154139E-006   9.3925344928058371E-009  -1.3477644936129480E-003
 dijxc
  -9.5001511413039582E-003   9.7222705827846173E-002 -0.75971044476332072        9.2982855061959454E-005  -1.2230889265803524E-003  -1.3461342057374353E-003  -5.1391941136527107E-007   6.8126415090512407E-006   5.1949303274743612E-009  -1.3454440551547162E-003   1.5912975824359192E-004  -2.0929850721875367E-003  -1.5043285806518654E-006   9.3930848272593854E-009  -1.3478123992562081E-003
  -9.5001511413039582E-003   9.7222705827846173E-002 -0.75971044476332072        9.2982855061959454E-005  -1.2230889265803524E-003  -1.3461342057374353E-003  -5.1391941136527107E-007   6.8126415090512407E-006   5.1949303274743612E-009  -1.3454440551547162E-003   1.5912975824359192E-004  -2.0929850721875367E-003  -1.5043285806518654E-006   9.3930848272593854E-009  -1.3478123992562081E-003
 dijxc
  -9.4997921847946309E-003   9.7219148491553442E-002 -0.75968244339822921        9.2971192872832236E-005  -1.2229304800107500E-003  -1.3460804497966664E-003  -5.1390953044863260E-007   6.8124769443724139E-006   5.1944915826569843E-009  -1.3453904315375530E-003   1.5915468752924141E-004  -2.0932997105857993E-003  -1.5044998567874572E-006   9.3947727394814459E-009  -1.3477597888022132E-003
  -9.4997921847946309E-003   9.7219148491553442E-002 -0.75968244339822921        9.2971192872832236E-005  -1.2229304800107500E-003  -1.3460804497966664E-003  -5.1390953044863260E-007   6.8124769443724139E-006   5.1944915826569843E-009  -1.3453904315375530E-003   1.5915468752924141E-004  -2.0932997105857993E-003  -1.5044998567874572E-006   9.3947727394814459E-009  -1.3477597888022132E-003
 dijxc
  -9.5000839707591097E-003   9.7222120149495633E-002 -0.75970572611507314        9.2972677936762409E-005  -1.2229493450727042E-003  -1.3461217639718955E-003  -5.1393306451097881E-007   6.8127724544426413E-006   5.1946632832744748E-009  -1.3454316747599185E-003   1.5917531380359236E-004  -2.0935679720731500E-003  -1.5047132550117908E-006   9.3960814769651521E-009  -1.3478017435073861E-003
  -9.5000839707591097E-003   9.7222120149495633E-002 -0.75970572611507314        9.2972677936762409E-005  -1.2229493450727042E-003  -1.3461217639718955E-003  -5.1393306451097881E-007   6.8127724544426413E-006   5.1946632832744748E-009  -1.3454316747599185E-003   1.5917531380359236E-004  -2.0935679720731500E-003  -1.5047132550117908E-006   9.3960814769651521E-009  -1.3478017435073861E-003
 dijxc
  -9.4994130350363418E-003   9.7215229435536801E-002 -0.75965195673871966        9.2962213325415813E-005  -1.2228134609326069E-003  -1.3460272110881765E-003  -5.1389348889453525E-007   6.8122717154059752E-006   5.1939933887257049E-009  -1.3453373779712639E-003   1.5915947725655250E-004  -2.0933621600332910E-003  -1.5044676106055303E-006   9.3950515415330667E-009  -1.3477069557144318E-003
  -9.4994130350363418E-003   9.7215229435536801E-002 -0.75965195673871966        9.2962213325415813E-005  -1.2228134609326069E-003  -1.3460272110881765E-003  -5.1389348889453525E-007   6.8122717154059752E-006   5.1939933887257049E-009  -1.3453373779712639E-003   1.5915947725655250E-004  -2.0933621600332910E-003  -1.5044676106055303E-006   9.3950515415330667E-009  -1.3477069557144318E-003
 dijxc
  -9.4997086714629364E-003   9.7218227863338183E-002 -0.75967548921290351        9.2963675196232242E-005  -1.2228326580380191E-003  -1.3460694219949835E-003  -5.1391522318708631E-007   6.8125453877224208E-006   5.1941352745840404E-009  -1.3453795156807740E-003   1.5917933085098698E-004  -2.0936211853146863E-003  -1.5046723990981257E-006   9.3962698268874696E-009  -1.3477497805344017E-003
  -9.4997086714629364E-003   9.7218227863338183E-002 -0.75967548921290351        9.2963675196232242E-005  -1.2228326580380191E-003  -1.3460694219949835E-003  -5.1391522318708631E-007   6.8125453877224208E-006   5.1941352745840404E-009  -1.3453795156807740E-003   1.5917933085098698E-004  -2.0936211853146863E-003  -1.5046723990981257E-006   9.3962698268874696E-009  -1.3477497805344017E-003
 dijxc
  -9.5001507658516744E-003   9.7222703733953947E-002 -0.75971042097110808        9.2982849683602867E-005  -1.2230888291777573E-003  -1.3461340845305303E-003  -5.1391931757641222E-007   6.8126401246041116E-006   5.1949304360439871E-009  -1.3454439338643704E-003   1.5912975679613763E-004  -2.0929850068435898E-003  -1.5043288514228787E-006   9.3930855804104400E-009  -1.3478122785280143E-003
  -9.5001507658516744E-003   9.7222703733953947E-002 -0.75971042097110808        9.2982849683602867E-005  -1.2230888291777573E-003  -1.3461340845305303E-003  -5.1391931757641222E-007   6.8126401246041116E-006   5.1949304360439871E-009  -1.3454439338643704E-003   1.5912975679613763E-004  -2.0929850068435898E-003  -1.5043288514228787E-006   9.3930855804104400E-009  -1.3478122785280143E-003
 dijxc
  -9.5004882996061000E-003   9.7226162488673398E-002 -0.75973742989568416        9.2987870794485397E-005  -1.2231542078327245E-003  -1.3461818302540191E-003  -5.1393928662756318E-007   6.8128933509936106E-006   5.1952494078827008E-009  -1.3454915552056535E-003   1.5913841529358895E-004  -2.0930978416448805E-003  -1.5044561074087640E-006   9.3936367521760992E-009  -1.3478601715141952E-003
  -9.5004882996061000E-003   9.7226162488673398E-002 -0.75973742989568416        9.2987870794485397E-005  -1.2231542078327245E-003  -1.3461818302540191E-003  -5.1393928662756318E-007   6.8128933509936106E-006   5.1952494078827008E-009  -1.3454915552056535E-003   1.5913841529358895E-004  -2.0930978416448805E-003  -1.5044561074087640E-006   9.3936367521760992E-009  -1.3478601715141952E-003
 dijxc
  -9.4998134414605393E-003   9.7219243949001319E-002 -0.75968341882759483        9.2977828820199593E-005  -1.2230234516007155E-003  -1.3460865981320110E-003  -5.1389934676928403E-007   6.8123868613769075E-006   5.1946115246900672E-009  -1.3453965718317688E-003   1.5912109915644198E-004  -2.0928721796060123E-003  -1.5042016301221846E-006   9.3925345431846702E-009  -1.3477646449170497E-003
  -9.4998134414605393E-003   9.7219243949001319E-002 -0.75968341882759483        9.2977828820199593E-005  -1.2230234516007155E-003  -1.3460865981320110E-003  -5.1389934676928403E-007   6.8123868613769075E-006   5.1946115246900672E-009  -1.3453965718317688E-003   1.5912109915644198E-004  -2.0928721796060123E-003  -1.5042016301221846E-006   9.3925345431846702E-009  -1.3477646449170497E-003
 dijxc
  -9.5001511931297519E-003   9.7222705900161410E-002 -0.75971044156965128        9.2982855142613471E-005  -1.2230889268986984E-003  -1.3461342177166261E-003  -5.1391941382379076E-007   6.8126415358592093E-006   5.1949303778389584E-009  -1.3454440671290984E-003   1.5912975844318056E-004  -2.0929850735684182E-003  -1.5043285914967287E-006   9.3930849155163374E-009  -1.3478124112498600E-003
  -9.5001511931297519E-003   9.7222705900161410E-002 -0.75971044156965128        9.2982855142613471E-005  -1.2230889268986984E-003  -1.3461342177166261E-003  -5.1391941382379076E-007   6.8126415358592093E-006   5.1949303778389584E-009  -1.3454440671290984E-003   1.5912975844318056E-004  -2.0929850735684182E-003  -1.5043285914967287E-006   9.3930849155163374E-009  -1.3478124112498600E-003
 dijxc
  -9.4997085796203039E-003   9.7218224456105742E-002 -0.75967548485816294        9.2963589613392640E-005  -1.2228314388175710E-003  -1.3460696599309897E-003  -5.1391582353638846E-007   6.8125528619764348E-006   5.1941375282306073E-009  -1.3453797556183425E-003   1.5917992072882807E-004  -2.0936287473376416E-003  -1.5046776986361003E-006   9.3963154846621887E-009  -1.3477500411821254E-003
  -9.4997085796203039E-003   9.7218224456105742E-002 -0.75967548485816294        9.2963589613392640E-005  -1.2228314388175710E-003  -1.3460696599309897E-003  -5.1391582353638846E-007   6.8125528619764348E-006   5.1941375282306073E-009  -1.3453797556183425E-003   1.5917992072882807E-004  -2.0936287473376416E-003  -1.5046776986361003E-006   9.3963154846621887E-009  -1.3477500411821254E-003
 dijxc
  -9.5000077522497447E-003   9.7221251798993560E-002 -0.75969924664362964        9.2964736255622251E-005  -1.2228468751314294E-003  -1.3461122780635572E-003  -5.1393784590365564E-007   6.8128309901988285E-006   5.1942552445624318E-009  -1.3454223052913176E-003   1.5920101454905495E-004  -2.0939044368151276E-003  -1.5048913700141713E-006   9.3975955166881829E-009  -1.3477933231139155E-003
  -9.5000077522497447E-003   9.7221251798993560E-002 -0.75969924664362964        9.2964736255622251E-005  -1.2228468751314294E-003  -1.3461122780635572E-003  -5.1393784590365564E-007   6.8128309901988285E-006   5.1942552445624318E-009  -1.3454223052913176E-003   1.5920101454905495E-004  -2.0939044368151276E-003  -1.5048913700141713E-006   9.3975955166881829E-009  -1.3477933231139155E-003
 dijxc
  -9.4993342324436823E-003   9.7214340224903245E-002 -0.75964530628979110        9.2954725370752929E-005  -1.2227170293204834E-003  -1.3460173820044516E-003  -5.1389613422742487E-007   6.8123025971469077E-006   5.1935953443357651E-009  -1.3453276547508667E-003   1.5918264350961491E-004  -2.0936656709723989E-003  -1.5046266282232315E-006   9.3963944967355105E-009  -1.3476980954888478E-003
  -9.4993342324436823E-003   9.7214340224903245E-002 -0.75964530628979110        9.2954725370752929E-005  -1.2227170293204834E-003  -1.3460173820044516E-003  -5.1389613422742487E-007   6.8123025971469077E-006   5.1935953443357651E-009  -1.3453276547508667E-003   1.5918264350961491E-004  -2.0936656709723989E-003  -1.5046266282232315E-006   9.3963944967355105E-009  -1.3476980954888478E-003
 dijxc
  -9.4996328519555730E-003   9.7217359591705965E-002 -0.75966901561606426        9.2956456651828651E-005  -1.2227406770604276E-003  -1.3460601963624895E-003  -5.1391485548012152E-007   6.8125389266409045E-006   5.1937127646834306E-009  -1.3453703851030675E-003   1.5920022262904879E-004  -2.0938962431317544E-003  -1.5048135386818987E-006   9.3974188975283604E-009  -1.3477414405133443E-003
  -9.4996328519555730E-003   9.7217359591705965E-002 -0.75966901561606426        9.2956456651828651E-005  -1.2227406770604276E-003  -1.3460601963624895E-003  -5.1391485548012152E-007   6.8125389266409045E-006   5.1937127646834306E-009  -1.3453703851030675E-003   1.5920022262904879E-004  -2.0938962431317544E-003  -1.5048135386818987E-006   9.3974188975283604E-009  -1.3477414405133443E-003
 dijxc
  -9.5001506857593197E-003   9.7222704203687310E-002 -0.75971041498245273        9.2982849792568411E-005  -1.2230888297384819E-003  -1.3461339673370004E-003  -5.1391932083891271E-007   6.8126401613037139E-006   5.1949304955449265E-009  -1.3454438166655095E-003   1.5912975703493494E-004  -2.0929850085197785E-003  -1.5043288630120966E-006   9.3930856845175705E-009  -1.3478121613496191E-003
  -9.5001506857593197E-003   9.7222704203687310E-002 -0.75971041498245273        9.2982849792568411E-005  -1.2230888297384819E-003  -1.3461339673370004E-003  -5.1391932083891271E-007   6.8126401613037139E-006   5.1949304955449265E-009  -1.3454438166655095E-003   1.5912975703493494E-004  -2.0929850085197785E-003  -1.5043288630120966E-006   9.3930856845175705E-009  -1.3478121613496191E-003
 dijxc
  -9.5004880181690145E-003   9.7226164683785768E-002 -0.75973741098042391        9.2987871287970723E-005  -1.2231542141632335E-003  -1.3461813715366221E-003  -5.1393929579240524E-007   6.8128934692550776E-006   5.1952495063150083E-009  -1.3454910964796805E-003   1.5913841585794920E-004  -2.0930978488577657E-003  -1.5044561171794438E-006   9.3936368976027194E-009  -1.3478597128025089E-003
  -9.5004880181690145E-003   9.7226164683785768E-002 -0.75973741098042391        9.2987871287970723E-005  -1.2231542141632335E-003  -1.3461813715366221E-003  -5.1393929579240524E-007   6.8128934692550776E-006   5.1952495063150083E-009  -1.3454910964796805E-003   1.5913841585794920E-004  -2.0930978488577657E-003  -1.5044561171794438E-006   9.3936368976027194E-009  -1.3478597128025089E-003
 dijxc
  -9.4998134208381067E-003   9.7219243997618957E-002 -0.75968341509948767        9.2977829283436586E-005  -1.2230234577677418E-003  -1.3460865614283236E-003  -5.1389935437985547E-007   6.8123869603877898E-006   5.1946116036242668E-009  -1.3453965351204469E-003   1.5912109965162113E-004  -2.0928721863079508E-003  -1.5042016380587671E-006   9.3925346517061641E-009  -1.3477646082165030E-003
  -9.4998134208381067E-003   9.7219243997618957E-002 -0.75968341509948767        9.2977829283436586E-005  -1.2230234577677418E-003  -1.3460865614283236E-003  -5.1389935437985547E-007   6.8123869603877898E-006   5.1946116036242668E-009  -1.3453965351204469E-003   1.5912109965162113E-004  -2.0928721863079508E-003  -1.5042016380587671E-006   9.3925346517061641E-009  -1.3477646082165030E-003
 dijxc
  -9.5001510943962097E-003   9.7222706354347085E-002 -0.75971043935199811        9.2982855850025302E-005  -1.2230889367089190E-003  -1.3461341036614533E-003  -5.1391942355815639E-007   6.8126416649918080E-006   5.1949304654921562E-009  -1.3454439530642655E-003   1.5912975909472554E-004  -2.0929850830883200E-003  -1.5043285979799801E-006   9.3930850167155557E-009  -1.3478122971902224E-003
  -9.5001510943962097E-003   9.7222706354347085E-002 -0.75971043935199811        9.2982855850025302E-005  -1.2230889367089190E-003  -1.3461341036614533E-003  -5.1391942355815639E-007   6.8126416649918080E-006   5.1949304654921562E-009  -1.3454439530642655E-003   1.5912975909472554E-004  -2.0929850830883200E-003  -1.5043285979799801E-006   9.3930850167155557E-009  -1.3478122971902224E-003
 dijxc
  -9.4996329621404359E-003   9.7217365066105205E-002 -0.75966903509573480        9.2956286595794550E-005  -1.2227383854911727E-003  -1.3460598272126236E-003  -5.1391555635711519E-007   6.8125478141542909E-006   5.1937095785085111E-009  -1.3453700197054034E-003   1.5920114881556847E-004  -2.0939082334697728E-003  -1.5048208629227692E-006   9.3974827282202391E-009  -1.3477411071304217E-003
  -9.4996329621404359E-003   9.7217365066105205E-002 -0.75966903509573480        9.2956286595794550E-005  -1.2227383854911727E-003  -1.3460598272126236E-003  -5.1391555635711519E-007   6.8125478141542909E-006   5.1937095785085111E-009  -1.3453700197054034E-003   1.5920114881556847E-004  -2.0939082334697728E-003  -1.5048208629227692E-006   9.3974827282202391E-009  -1.3477411071304217E-003
 dijxc
  -9.4999329973563217E-003   9.7220392103727724E-002 -0.75969283858676318        9.2958094144461703E-005  -1.2227634417867508E-003  -1.3461031873597319E-003  -5.1393301786171148E-007   6.8127684133699619E-006   5.1938149350575470E-009  -1.3454132916303906E-003   1.5921795537985226E-004  -2.0941292505339093E-003  -1.5050021540083814E-006   9.3984368998317956E-009  -1.3477849701287329E-003
  -9.4999329973563217E-003   9.7220392103727724E-002 -0.75969283858676318        9.2958094144461703E-005  -1.2227634417867508E-003  -1.3461031873597319E-003  -5.1393301786171148E-007   6.8127684133699619E-006   5.1938149350575470E-009  -1.3454132916303906E-003   1.5921795537985226E-004  -2.0941292505339093E-003  -1.5050021540083814E-006   9.3984368998317956E-009  -1.3477849701287329E-003
 dijxc
  -9.4992554325320049E-003   9.7213449500750504E-002 -0.75963862259297721        9.2948515712867205E-005  -1.2226391158075298E-003  -1.3460075133893766E-003  -5.1389072963891071E-007   6.8122319706009338E-006   5.1931823559286780E-009  -1.3453178540173119E-003   1.5919787037242935E-004  -2.0938679537208433E-003  -1.5047274407588263E-006   9.3971423521732413E-009  -1.3476888976468135E-003
  -9.4992554325320049E-003   9.7213449500750504E-002 -0.75963862259297721        9.2948515712867205E-005  -1.2226391158075298E-003  -1.3460075133893766E-003  -5.1389072963891071E-007   6.8122319706009338E-006   5.1931823559286780E-009  -1.3453178540173119E-003   1.5919787037242935E-004  -2.0938679537208433E-003  -1.5047274407588263E-006   9.3971423521732413E-009  -1.3476888976468135E-003
 dijxc
  -9.4995495187477387E-003   9.7216433019361045E-002 -0.75966202378896130        9.2951209871687898E-005  -1.2226759066590188E-003  -1.3460495293875464E-003  -5.1390645649544501E-007   6.8124297665244353E-006   5.1933308409792176E-009  -1.3453597611527862E-003   1.5921098165119925E-004  -2.0940409843360655E-003  -1.5048869431172314E-006   9.3978737965748572E-009  -1.3477312727423597E-003
  -9.4995495187477387E-003   9.7216433019361045E-002 -0.75966202378896130        9.2951209871687898E-005  -1.2226759066590188E-003  -1.3460495293875464E-003  -5.1390645649544501E-007   6.8124297665244353E-006   5.1933308409792176E-009  -1.3453597611527862E-003   1.5921098165119925E-004  -2.0940409843360655E-003  -1.5048869431172314E-006   9.3978737965748572E-009  -1.3477312727423597E-003
 dijxc
  -9.5001507445188656E-003   9.7222704009344546E-002 -0.75971041652652138        9.2982850556448324E-005  -1.2230888401636658E-003  -1.3461340256747604E-003  -5.1391933161404499E-007   6.8126403034362804E-006   5.1949305955746356E-009  -1.3454438749925515E-003   1.5912975775709989E-004  -2.0929850187539341E-003  -1.5043288708072093E-006   9.3930858058866600E-009  -1.3478122196838211E-003
  -9.5001507445188656E-003   9.7222704009344546E-002 -0.75971041652652138        9.2982850556448324E-005  -1.2230888401636658E-003  -1.3461340256747604E-003  -5.1391933161404499E-007   6.8126403034362804E-006   5.1949305955746356E-009  -1.3454438749925515E-003   1.5912975775709989E-004  -2.0929850187539341E-003  -1.5043288708072093E-006   9.3930858058866600E-009  -1.3478122196838211E-003
 dijxc
  -9.5004881651700474E-003   9.7226163339898614E-002 -0.75973742680741030        9.2987872258605184E-005  -1.2231542281643240E-003  -1.3461816523957916E-003  -5.1393930756024700E-007   6.8128936289143685E-006   5.1952495973482175E-009  -1.3454913773273164E-003   1.5913841666075163E-004  -2.0930978616399069E-003  -1.5044561209450061E-006   9.3936369785336685E-009  -1.3478599936472759E-003
  -9.5004881651700474E-003   9.7226163339898614E-002 -0.75973742680741030        9.2987872258605184E-005  -1.2231542281643240E-003  -1.3461816523957916E-003  -5.1393930756024700E-007   6.8128936289143685E-006   5.1952495973482175E-009  -1.3454913773273164E-003   1.5913841666075163E-004  -2.0930978616399069E-003  -1.5044561209450061E-006   9.3936369785336685E-009  -1.3478599936472759E-003
 dijxc
  -9.4998133625126477E-003   9.7219244653263634E-002 -0.75968341134057615        9.2977830146959977E-005  -1.2230234699781228E-003  -1.3460864502652548E-003  -5.1389936345585353E-007   6.8123870824080367E-006   5.1946116773483718E-009  -1.3453964239462694E-003   1.5912110034311546E-004  -2.0928721969621627E-003  -1.5042016433443281E-006   9.3925347074294293E-009  -1.3477644970422227E-003
  -9.4998133625126477E-003   9.7219244653263634E-002 -0.75968341134057615        9.2977830146959977E-005  -1.2230234699781228E-003  -1.3460864502652548E-003  -5.1389936345585353E-007   6.8123870824080367E-006   5.1946116773483718E-009  -1.3453964239462694E-003   1.5912110034311546E-004  -2.0928721969621627E-003  -1.5042016433443281E-006   9.3925347074294293E-009  -1.3477644970422227E-003
 dijxc
  -9.5001510681421760E-003   9.7222706844131535E-002 -0.75971043676000916        9.2982856756706784E-005  -1.2230889495814233E-003  -1.3461340329063471E-003  -5.1391943082388696E-007   6.8126417634047587E-006   5.1949305173533680E-009  -1.3454438822978105E-003   1.5912975974199540E-004  -2.0929850933282639E-003  -1.5043286021137054E-006   9.3930850220306445E-009  -1.3478122264197058E-003
  -9.5001510681421760E-003   9.7222706844131535E-002 -0.75971043676000916        9.2982856756706784E-005  -1.2230889495814233E-003  -1.3461340329063471E-003  -5.1391943082388696E-007   6.8126417634047587E-006   5.1949305173533680E-009  -1.3454438822978105E-003   1.5912975974199540E-004  -2.0929850933282639E-003  -1.5043286021137054E-006   9.3930850220306445E-009  -1.3478122264197058E-003
 dijxc
  -9.4995503983866161E-003   9.7216441715236787E-002 -0.75966207767734961        9.2951053041923662E-005  -1.2226738752062702E-003  -1.3460494979347906E-003  -5.1390654051276608E-007   6.8124308742604272E-006   5.1933212853646467E-009  -1.3453597328203768E-003   1.5921157333988049E-004  -2.0940487116492485E-003  -1.5048906459931163E-006   9.3979067109727204E-009  -1.3477312648746971E-003
  -9.4995503983866161E-003   9.7216441715236787E-002 -0.75966207767734961        9.2951053041923662E-005  -1.2226738752062702E-003  -1.3460494979347906E-003  -5.1390654051276608E-007   6.8124308742604272E-006   5.1933212853646467E-009  -1.3453597328203768E-003   1.5921157333988049E-004  -2.0940487116492485E-003  -1.5048906459931163E-006   9.3979067109727204E-009  -1.3477312648746971E-003
 dijxc
  -9.4998422649973432E-003   9.7219406325960461E-002 -0.75968532928904831        9.2954204986718075E-005  -1.2227169114015200E-003  -1.3460912867087102E-003  -5.1392050577465040E-007   6.8126058130184209E-006   5.1934824400478820E-009  -1.3454014005947895E-003   1.5922248393395773E-004  -2.0941933634640048E-003  -1.5050366822329722E-006   9.3984910765608201E-009  -1.3477733287551592E-003
  -9.4998422649973432E-003   9.7219406325960461E-002 -0.75968532928904831        9.2954204986718075E-005  -1.2227169114015200E-003  -1.3460912867087102E-003  -5.1392050577465040E-007   6.8126058130184209E-006   5.1934824400478820E-009  -1.3454014005947895E-003   1.5922248393395773E-004  -2.0941933634640048E-003  -1.5050366822329722E-006   9.3984910765608201E-009  -1.3477733287551592E-003
 dijxc
  -9.4991606646167258E-003   9.7212431054949200E-002 -0.75963083018237554        9.2944803488235618E-005  -1.2225945052835351E-003  -1.3459948924644269E-003  -5.1387972777122044E-007   6.8120877714394239E-006   5.1928838456955497E-009  -1.3453052402579233E-003   1.5920266172450443E-004  -2.0939350270473521E-003  -1.5047694555972607E-006   9.3972508365452930E-009  -1.3476765433250032E-003
  -9.4991606646167258E-003   9.7212431054949200E-002 -0.75963083018237554        9.2944803488235618E-005  -1.2225945052835351E-003  -1.3459948924644269E-003  -5.1387972777122044E-007   6.8120877714394239E-006   5.1928838456955497E-009  -1.3453052402579233E-003   1.5920266172450443E-004  -2.0939350270473521E-003  -1.5047694555972607E-006   9.3972508365452930E-009  -1.3476765433250032E-003
 dijxc
  -9.4994433958723035E-003   9.7215324547677298E-002 -0.75965345155189579        9.2948712276120048E-005  -1.2226469591272086E-003  -1.3460348585142975E-003  -5.1389519126739029E-007   6.8122801273464123E-006   5.1931212383937638E-009  -1.3453450699813395E-003   1.5921222011490183E-004  -2.0940615306504597E-003  -1.5049186452978278E-006   9.3978126069871308E-009  -1.3477167266694272E-003
  -9.4994433958723035E-003   9.7215324547677298E-002 -0.75965345155189579        9.2948712276120048E-005  -1.2226469591272086E-003  -1.3460348585142975E-003  -5.1389519126739029E-007   6.8122801273464123E-006   5.1931212383937638E-009  -1.3453450699813395E-003   1.5921222011490183E-004  -2.0940615306504597E-003  -1.5049186452978278E-006   9.3978126069871308E-009  -1.3477167266694272E-003
 dijxc
  -9.5001508273420150E-003   9.7222703538557817E-002 -0.75971042428666580        9.2982851490794511E-005  -1.2230888535168061E-003  -1.3461341542841438E-003  -5.1391933929290878E-007   6.8126404079166653E-006   5.1949306492053497E-009  -1.3454440035904783E-003   1.5912975841931041E-004  -2.0929850293930790E-003  -1.5043288744701006E-006   9.3930858115824520E-009  -1.3478123482765446E-003
  -9.5001508273420150E-003   9.7222703538557817E-002 -0.75971042428666580        9.2982851490794511E-005  -1.2230888535168061E-003  -1.3461341542841438E-003  -5.1391933929290878E-007   6.8126404079166653E-006   5.1949306492053497E-009  -1.3454440035904783E-003   1.5912975841931041E-004  -2.0929850293930790E-003  -1.5043288744701006E-006   9.3930858115824520E-009  -1.3478123482765446E-003
 dijxc
  -9.5004881587431988E-003   9.7226163490400336E-002 -0.75973742704462655        9.2987873148122377E-005  -1.2231542406696688E-003  -1.3461816337084693E-003  -5.1393931147940090E-007   6.8128936820958352E-006   5.1952496167121409E-009  -1.3454913586287954E-003   1.5913841718987249E-004  -2.0930978700843495E-003  -1.5044561245137029E-006   9.3936369165277880E-009  -1.3478599749415959E-003
  -9.5004881587431988E-003   9.7226163490400336E-002 -0.75973742704462655        9.2987873148122377E-005  -1.2231542406696688E-003  -1.3461816337084693E-003  -5.1393931147940090E-007   6.8128936820958352E-006   5.1952496167121409E-009  -1.3454913586287954E-003   1.5913841718987249E-004  -2.0930978700843495E-003  -1.5044561245137029E-006   9.3936369165277880E-009  -1.3478599749415959E-003
 dijxc
  -9.4998135221584495E-003   9.7219243513574374E-002 -0.75968342440261050        9.2977830888368607E-005  -1.2230234803553600E-003  -1.3460867090930102E-003  -5.1389936565432923E-007   6.8123871120187364E-006   5.1946116834399226E-009  -1.3453966827644186E-003   1.5912110074291650E-004  -2.0928722033857704E-003  -1.5042016465718080E-006   9.3925346319358212E-009  -1.3477647558540417E-003
  -9.4998135221584495E-003   9.7219243513574374E-002 -0.75968342440261050        9.2977830888368607E-005  -1.2230234803553600E-003  -1.3460867090930102E-003  -5.1389936565432923E-007   6.8123871120187364E-006   5.1946116834399226E-009  -1.3453966827644186E-003   1.5912110074291650E-004  -2.0928722033857704E-003  -1.5042016465718080E-006   9.3925346319358212E-009  -1.3477647558540417E-003
 dijxc
  -9.5001512121457819E-003   9.7222705983165750E-002 -0.75971044364524920        9.2982857312612230E-005  -1.2230889571552223E-003  -1.3461342304841172E-003  -5.1391942947623806E-007   6.8126417441770286E-006   5.1949304923114965E-009  -1.3454440798679973E-003   1.5912975991673280E-004  -2.0929850961576906E-003  -1.5043286044374838E-006   9.3930848969450722E-009  -1.3478124239824705E-003
  -9.5001512121457819E-003   9.7222705983165750E-002 -0.75971044364524920        9.2982857312612230E-005  -1.2230889571552223E-003  -1.3461342304841172E-003  -5.1391942947623806E-007   6.8126417441770286E-006   5.1949304923114965E-009  -1.3454440798679973E-003   1.5912975991673280E-004  -2.0929850961576906E-003  -1.5043286044374838E-006   9.3930848969450722E-009  -1.3478124239824705E-003
 dijxc
  -9.4994443877882973E-003   9.7215332046619626E-002 -0.75965352204202752        9.2948650354417745E-005  -1.2226462616323275E-003  -1.3460351024731263E-003  -5.1389448827106598E-007   6.8122712490717828E-006   5.1931091387935926E-009  -1.3453453145786374E-003   1.5921207658049487E-004  -2.0940597736729912E-003  -1.5049158546564809E-006   9.3977904283227967E-009  -1.3477169666685181E-003
  -9.4994443877882973E-003   9.7215332046619626E-002 -0.75965352204202752        9.2948650354417745E-005  -1.2226462616323275E-003  -1.3460351024731263E-003  -5.1389448827106598E-007   6.8122712490717828E-006   5.1931091387935926E-009  -1.3453453145786374E-003   1.5921207658049487E-004  -2.0940597736729912E-003  -1.5049158546564809E-006   9.3977904283227967E-009  -1.3477169666685181E-003
 dijxc
  -9.4997212563924325E-003   9.7218181072986479E-002 -0.75967573947067080        9.2953189906084215E-005  -1.2227068667347784E-003  -1.3460738598873947E-003  -5.1390917554648406E-007   6.8124524643226746E-006   5.1933871172240939E-009  -1.3453839210476389E-003   1.5921954205968858E-004  -2.0941588848116502E-003  -1.5050570840831161E-006   9.3982406659474804E-009  -1.3477558595411260E-003
  -9.4997212563924325E-003   9.7218181072986479E-002 -0.75967573947067080        9.2953189906084215E-005  -1.2227068667347784E-003  -1.3460738598873947E-003  -5.1390917554648406E-007   6.8124524643226746E-006   5.1933871172240939E-009  -1.3453839210476389E-003   1.5921954205968858E-004  -2.0941588848116502E-003  -1.5050570840831161E-006   9.3982406659474804E-009  -1.3477558595411260E-003
 dijxc
  -9.4990368179867207E-003   9.7211184237693746E-002 -0.75962105924447831        9.2943647511295986E-005  -1.2225821344274989E-003  -1.3459768284555600E-003  -5.1387060891228695E-007   6.8119617566905918E-006   5.1928091897118296E-009  -1.3452871285308185E-003   1.5920162869566108E-004  -2.0939248784237773E-003  -1.5048095502307459E-006   9.3971560923215304E-009  -1.3476585076929520E-003
  -9.4990368179867207E-003   9.7211184237693746E-002 -0.75962105924447831        9.2943647511295986E-005  -1.2225821344274989E-003  -1.3459768284555600E-003  -5.1387060891228695E-007   6.8119617566905918E-006   5.1928091897118296E-009  -1.3452871285308185E-003   1.5920162869566108E-004  -2.0939248784237773E-003  -1.5048095502307459E-006   9.3971560923215304E-009  -1.3476585076929520E-003
 dijxc
  -9.4993043444197636E-003   9.7213956181387659E-002 -0.75964263349859973        9.2948522205487191E-005  -1.2226461695909879E-003  -1.3460140215586140E-003  -5.1388868907852749E-007   6.8121837350844879E-006   5.1931617423159132E-009  -1.3453241666000469E-003   1.5921073850632729E-004  -2.0940443731700675E-003  -1.5049800109029679E-006   9.3977901971147131E-009  -1.3476958924695445E-003
  -9.4993043444197636E-003   9.7213956181387659E-002 -0.75964263349859973        9.2948522205487191E-005  -1.2226461695909879E-003  -1.3460140215586140E-003  -5.1388868907852749E-007   6.8121837350844879E-006   5.1931617423159132E-009  -1.3453241666000469E-003   1.5921073850632729E-004  -2.0940443731700675E-003  -1.5049800109029679E-006   9.3977901971147131E-009  -1.3476958924695445E-003
 dijxc
  -9.5001508268468988E-003   9.7222703751757233E-002 -0.75971042192070126        9.2982852039618451E-005  -1.2230888613850802E-003  -1.3461341224929593E-003  -5.1391933740231621E-007   6.8126403836683999E-006   5.1949306106057448E-009  -1.3454439717927936E-003   1.5912975856437409E-004  -2.0929850324958696E-003  -1.5043288741656028E-006   9.3930856604984623E-009  -1.3478123164669708E-003
  -9.5001508268468988E-003   9.7222703751757233E-002 -0.75971042192070126        9.2982852039618451E-005  -1.2230888613850802E-003  -1.3461341224929593E-003  -5.1391933740231621E-007   6.8126403836683999E-006   5.1949306106057448E-009  -1.3454439717927936E-003   1.5912975856437409E-004  -2.0929850324958696E-003  -1.5043288741656028E-006   9.3930856604984623E-009  -1.3478123164669708E-003
